0.00000
0.00000
0.00000
0.00000
0.00000
0.00000
0.00000
0.03292
0.11405
0.22835
0.35571
0.47373
0.56164
0.60398
0.59330
0.53147
0.42938
0.30498
0.18017
0.00000
0.00000
0.00000
0.00000
0.00000
0.00000
0.00000
0.00000
0.00000
0.00000
0.00000
0.00000
0.02746
0.09515
0.19052
0.29678
0.39525
0.46860
0.50392
0.49501
0.44342
0.35824
0.25446
0.15032
0.00000
0.00000
0.00000
0.00000
0.00000
0.00000
0.00000
0.00000
0.00000
0.00000
0.00000
0.00000
0.04039
0.13995
0.28021
0.43650
0.58132
0.68920
0.74116
0.72804
0.65218
0.52690
0.37425
0.22108
0.00000
0.00000
0.00000
0.00000
0.00000
0.00000
0.00000
0.00000
0.00000
0.00000
0.00000
0.00000
0.03581
0.12407
0.24841
0.38696
0.51535
0.61099
0.65705
0.64543
0.57817
0.46710
0.33178
0.19599
0.00000
0.00000
0.00000
0.00000
0.00000
0.00000
0.00000
0.00000
0.00000
0.00000
0.00000
0.00000
0.01661
0.05753
0.11520
0.17945
0.23899
0.28334
0.30470
0.29931
0.26812
0.21662
0.15386
0.09089
0.00000
0.00000
0.00000
0.00000
0.00000
0.00000
0.00000
0.00000
0.00000
0.00000
0.00000
0.00000
0.04369
0.15137
0.30308
0.47213
0.62877
0.74545
0.80165
0.78747
0.70541
0.56990
0.40479
0.23913
0.00000
0.00000
0.00000
0.00000
0.00000
0.00000
0.00000
0.00000
0.00000
0.00000
0.00000
0.00000
0.03237
0.11217
0.22459
0.34986
0.46594
0.55241
0.59405
0.58355
0.52274
0.42232
0.29997
0.17720
0.00000
0.00000
0.00000
0.00000
0.00000
0.00000
0.00000
0.00000
0.00000
0.00000
0.00000
0.00000
0.04002
0.13864
0.27760
0.43243
0.57591
0.68279
0.73426
0.72127
0.64611
0.52199
0.37076
0.21903
0.00000
0.00000
0.00000
0.00000
0.00000
0.00000
0.00000
0.00000
0.00000
0.00000
0.00000
0.00000
0.03141
0.10882
0.21789
0.33942
0.45204
0.53592
0.57632
0.56613
0.50713
0.40972
0.29102
0.17191
0.00000
0.00000
0.00000
0.00000
0.00000
0.00000
0.00000
0.00000
0.00000
0.00000
0.00000
0.00000
0.02965
0.10272
0.20567
0.32039
0.42669
0.50587
0.54400
0.53438
0.47869
0.38674
0.27470
0.16227
0.00000
0.00000
0.00000
0.00000
0.00000
0.00000
0.00000
0.00000
0.00000
0.00000
0.00000
0.00000
0.03873
0.13420
0.26870
0.41857
0.55745
0.66089
0.71072
0.69814
0.62539
0.50526
0.35888
0.21200
0.00000
0.00000
0.00000
0.00000
0.00000
0.00000
0.00000
0.00000
0.00000
0.00000
0.00000
0.00000
0.03959
0.13718
0.27468
0.42788
0.56985
0.67560
0.72652
0.71367
0.63930
0.51650
0.36686
0.21672
0.00000
0.00000
0.00000
0.00000
0.00000
0.00000
0.00000
0.00000
0.00000
0.00000
0.00000
0.00000
0.03562
0.12343
0.24713
0.38497
0.51270
0.60784
0.65366
0.64210
0.57518
0.46470
0.33007
0.19498
0.00000
0.00000
0.00000
0.00000
0.00000
0.00000
0.00000
0.00000
0.00000
0.00000
0.00000
0.00000
0.04577
0.15858
0.31751
0.49460
0.65871
0.78095
0.83982
0.82496
0.73899
0.59704
0.42407
0.25051
0.00000
0.00000
0.00000
0.00000
0.00000
0.00000
0.00000
0.00000
0.00000
0.00000
0.00000
0.00000
0.04222
0.14630
0.29292
0.45630
0.60769
0.72047
0.77478
0.76107
0.68176
0.55080
0.39123
0.23111
0.00000
0.00000
0.00000
0.00000
0.00000
0.00000
0.00000
0.00000
0.00000
0.00000
0.00000
0.00000
0.03591
0.12443
0.24914
0.38811
0.51688
0.61280
0.65899
0.64734
0.57988
0.46849
0.33276
0.19657
0.00000
0.00000
0.00000
0.00000
0.00000
0.00000
0.00000
0.00000
0.00000
0.00000
0.00000
0.00000
0.04084
0.14148
0.28329
0.44130
0.58771
0.69678
0.74930
0.73605
0.65935
0.53269
0.37836
0.22351
0.00000
0.00000
0.00000
0.00000
0.00000
0.00000
0.00000
0.00000
0.00000
0.00000
0.00000
0.00000
0.03838
0.13299
0.26627
0.41479
0.55241
0.65493
0.70430
0.69184
0.61974
0.50070
0.35564
0.21009
0.00000
0.00000
0.00000
0.00000
0.00000
0.00000
0.00000
0.00000
0.00000
0.00000
0.00000
0.00000
0.03530
0.12232
0.24491
0.38152
0.50810
0.60239
0.64780
0.63634
0.57003
0.46053
0.32711
0.19324
0.00000
0.00000
0.00000
0.00000
0.00000
0.00000
0.00000
0.00000
0.00000
0.00000
0.00000
0.00000
0.02818
0.09764
0.19550
0.30454
0.40558
0.48085
0.51709
0.50795
0.45501
0.36761
0.26111
0.15425
0.00000
0.00000
0.00000
0.00000
0.00000
0.00000
0.00000
0.00000
0.00000
0.00000
0.00000
0.00000
0.03389
0.11742
0.23510
0.36623
0.48774
0.57825
0.62184
0.61084
0.54719
0.44208
0.31400
0.18549
0.00000
0.00000
0.00000
0.00000
0.00000
0.00000
0.00000
0.00000
0.00000
0.00000
0.00000
0.00000
0.04272
0.14801
0.29635
0.46164
0.61480
0.72889
0.78384
0.76997
0.68974
0.55724
0.39580
0.23382
0.00000
0.00000
0.00000
0.00000
0.00000
0.00000
0.00000
0.00000
0.00000
0.00000
0.00000
0.00000
0.04024
0.13941
0.27914
0.43483
0.57911
0.68657
0.73833
0.72527
0.64969
0.52489
0.37282
0.22024
0.00000
0.00000
0.00000
0.00000
0.00000
0.00000
0.00000
0.00000
0.00000
0.00000
0.00000
0.00000
0.03785
0.13114
0.26257
0.40903
0.54474
0.64583
0.69452
0.68223
0.61114
0.49374
0.35070
0.20717
0.00000
0.00000
0.00000
0.00000
0.00000
0.00000
0.00000
0.00000
0.00000
0.00000
0.00000
0.00000
0.03478
0.12050
0.24127
0.37584
0.50054
0.59343
0.63816
0.62687
0.56155
0.45368
0.32224
0.19036
0.00000
0.00000
0.00000
0.00000
0.00000
0.00000
0.00000
0.00000
0.00000
0.00000
0.00000
0.00000
0.03859
0.13371
0.26773
0.41706
0.55544
0.65851
0.70815
0.69563
0.62314
0.50344
0.35758
0.21124
0.00000
0.00000
0.00000
0.00000
0.00000
0.00000
0.00000
0.00000
0.00000
0.00000
0.00000
0.00000
0.03531
0.12233
0.24493
0.38154
0.50813
0.60243
0.64784
0.63638
0.57007
0.46056
0.32713
0.19325
0.00000
0.00000
0.00000
0.00000
0.00000
0.00000
0.00000
0.00000
0.00000
0.00000
0.00000
0.00000
0.04542
0.15736
0.31507
0.49080
0.65364
0.77494
0.83336
0.81862
0.73331
0.59244
0.42080
0.24859
0.00000
0.00000
0.00000
0.00000
0.00000
0.00000
0.00000
0.00000
0.00000
0.00000
0.00000
0.00000
0.04084
0.14152
0.28335
0.44140
0.58785
0.69694
0.74948
0.73622
0.65950
0.53281
0.37845
0.22357
0.00000
0.00000
0.00000
0.00000
0.00000
0.00000
0.00000
0.00000
0.00000
0.00000
0.00000
0.00000
0.04021
0.13932
0.27895
0.43454
0.57872
0.68612
0.73784
0.72479
0.64926
0.52454
0.37257
0.22009
0.00000
0.00000
0.00000
0.00000
0.00000
0.00000
0.00000
0.00000
0.00000
0.00000
0.00000
0.00000
0.04085
0.14155
0.28341
0.44149
0.58797
0.69708
0.74963
0.73637
0.65963
0.53292
0.37853
0.22361
0.00000
0.00000
0.00000
0.00000
0.00000
0.00000
0.00000
0.00000
0.00000
0.00000
0.00000
0.00000
0.00730
0.14761
0.31233
0.47911
0.62529
0.73103
0.78196
0.77116
0.70011
0.57845
0.42271
0.25402
0.09531
0.00000
0.00000
0.00000
0.00000
0.00000
0.00000
0.00000
0.00000
0.00000
0.00000
0.00000
0.00394
0.07969
0.16862
0.25866
0.33758
0.39466
0.42216
0.41633
0.37797
0.31229
0.22821
0.13714
0.05146
0.00000
0.00000
0.00000
0.00000
0.00000
0.00000
0.00000
0.00000
0.00000
0.00000
0.00000
0.00668
0.13506
0.28578
0.43838
0.57213
0.66888
0.71547
0.70560
0.64059
0.52927
0.38677
0.23243
0.08721
0.00000
0.00000
0.00000
0.00000
0.00000
0.00000
0.00000
0.00000
0.00000
0.00000
0.00000
0.00721
0.14575
0.30840
0.47308
0.61742
0.72183
0.77211
0.76145
0.69130
0.57117
0.41738
0.25083
0.09411
0.00000
0.00000
0.00000
0.00000
0.00000
0.00000
0.00000
0.00000
0.00000
0.00000
0.00000
0.00776
0.15679
0.33177
0.50892
0.66420
0.77651
0.83061
0.81914
0.74367
0.61444
0.44901
0.26983
0.10124
0.00000
0.00000
0.00000
0.00000
0.00000
0.00000
0.00000
0.00000
0.00000
0.00000
0.00000
0.00585
0.11822
0.25015
0.38373
0.50081
0.58549
0.62628
0.61764
0.56073
0.46329
0.33855
0.20345
0.07634
0.00000
0.00000
0.00000
0.00000
0.00000
0.00000
0.00000
0.00000
0.00000
0.00000
0.00000
0.00645
0.13039
0.27591
0.42323
0.55237
0.64577
0.69076
0.68122
0.61846
0.51099
0.37341
0.22440
0.08420
0.00000
0.00000
0.00000
0.00000
0.00000
0.00000
0.00000
0.00000
0.00000
0.00000
0.00000
0.00641
0.12965
0.27434
0.42084
0.54924
0.64212
0.68685
0.67737
0.61496
0.50810
0.37129
0.22313
0.08372
0.00000
0.00000
0.00000
0.00000
0.00000
0.00000
0.00000
0.00000
0.00000
0.00000
0.00000
0.00766
0.15481
0.32758
0.50249
0.65581
0.76671
0.82012
0.80880
0.73428
0.60668
0.44334
0.26642
0.09996
0.00000
0.00000
0.00000
0.00000
0.00000
0.00000
0.00000
0.00000
0.00000
0.00000
0.00000
0.00668
0.13514
0.28596
0.43866
0.57249
0.66930
0.71593
0.70604
0.64099
0.52961
0.38701
0.23257
0.08726
0.00000
0.00000
0.00000
0.00000
0.00000
0.00000
0.00000
0.00000
0.00000
0.00000
0.00000
0.00508
0.10266
0.21722
0.33321
0.43488
0.50842
0.54384
0.53633
0.48692
0.40230
0.29399
0.17667
0.06629
0.00000
0.00000
0.00000
0.00000
0.00000
0.00000
0.00000
0.00000
0.00000
0.00000
0.00000
0.00737
0.14910
0.31549
0.48396
0.63162
0.73842
0.78986
0.77896
0.70719
0.58430
0.42698
0.25659
0.09627
0.00000
0.00000
0.00000
0.00000
0.00000
0.00000
0.00000
0.00000
0.00000
0.00000
0.00000
0.00747
0.15101
0.31953
0.49015
0.63970
0.74787
0.79998
0.78893
0.71624
0.59178
0.43245
0.25988
0.09751
0.00000
0.00000
0.00000
0.00000
0.00000
0.00000
0.00000
0.00000
0.00000
0.00000
0.00000
0.00639
0.12925
0.27349
0.41953
0.54753
0.64011
0.68471
0.67526
0.61304
0.50651
0.37014
0.22243
0.08346
0.00000
0.00000
0.00000
0.00000
0.00000
0.00000
0.00000
0.00000
0.00000
0.00000
0.00000
0.00611
0.12350
0.26133
0.40087
0.52318
0.61164
0.65425
0.64522
0.58578
0.48398
0.35367
0.21254
0.07975
0.00000
0.00000
0.00000
0.00000
0.00000
0.00000
0.00000
0.00000
0.00000
0.00000
0.00000
0.00672
0.13595
0.28766
0.44127
0.57590
0.67328
0.72019
0.71025
0.64481
0.53276
0.38932
0.23396
0.08778
0.00000
0.00000
0.00000
0.00000
0.00000
0.00000
0.00000
0.00000
0.00000
0.00000
0.00000
0.00705
0.14249
0.30150
0.46249
0.60360
0.70567
0.75483
0.74441
0.67582
0.55838
0.40804
0.24521
0.09200
0.00000
0.00000
0.00000
0.00000
0.00000
0.00000
0.00000
0.00000
0.00000
0.00000
0.00000
0.00656
0.13258
0.28053
0.43033
0.56162
0.65659
0.70233
0.69264
0.62882
0.51955
0.37966
0.22816
0.08561
0.00000
0.00000
0.00000
0.00000
0.00000
0.00000
0.00000
0.00000
0.00000
0.00000
0.00000
0.00720
0.14566
0.30821
0.47279
0.61705
0.72138
0.77164
0.76099
0.69087
0.57082
0.41713
0.25067
0.09405
0.00000
0.00000
0.00000
0.00000
0.00000
0.00000
0.00000
0.00000
0.00000
0.00000
0.00000
0.00681
0.13776
0.29150
0.44715
0.58359
0.68227
0.72980
0.71972
0.65341
0.53987
0.39451
0.23708
0.08895
0.00000
0.00000
0.00000
0.00000
0.00000
0.00000
0.00000
0.00000
0.00000
0.00000
0.00000
0.00675
0.13639
0.28859
0.44270
0.57777
0.67547
0.72252
0.71255
0.64690
0.53449
0.39058
0.23472
0.08807
0.00000
0.00000
0.00000
0.00000
0.00000
0.00000
0.00000
0.00000
0.00000
0.00000
0.00000
0.00630
0.12731
0.26939
0.41324
0.53932
0.63052
0.67445
0.66514
0.60386
0.49892
0.36459
0.21910
0.08221
0.00000
0.00000
0.00000
0.00000
0.00000
0.00000
0.00000
0.00000
0.00000
0.00000
0.00000
0.00744
0.15039
0.31822
0.48815
0.63709
0.74482
0.79671
0.78571
0.71332
0.58936
0.43068
0.25882
0.09711
0.00000
0.00000
0.00000
0.00000
0.00000
0.00000
0.00000
0.00000
0.00000
0.00000
0.00000
0.00646
0.13053
0.27621
0.42369
0.55297
0.64647
0.69151
0.68196
0.61913
0.51154
0.37381
0.22464
0.08429
0.00000
0.00000
0.00000
0.00000
0.00000
0.00000
0.00000
0.00000
0.00000
0.00000
0.00000
0.00534
0.10792
0.22836
0.35029
0.45717
0.53448
0.57171
0.56382
0.51187
0.42292
0.30905
0.18572
0.06969
0.00000
0.00000
0.00000
0.00000
0.00000
0.00000
0.00000
0.00000
0.00000
0.00000
0.00000
0.00625
0.12630
0.26725
0.40995
0.53504
0.62551
0.66909
0.65985
0.59905
0.49496
0.36169
0.21736
0.08155
0.00000
0.00000
0.00000
0.00000
0.00000
0.00000
0.00000
0.00000
0.00000
0.00000
0.00000
0.00710
0.14354
0.30372
0.46590
0.60805
0.71087
0.76039
0.74990
0.68080
0.56250
0.41105
0.24702
0.09268
0.00000
0.00000
0.00000
0.00000
0.00000
0.00000
0.00000
0.00000
0.00000
0.00000
0.00000
0.00761
0.15384
0.32553
0.49936
0.65172
0.76192
0.81500
0.80375
0.72970
0.60290
0.44057
0.26476
0.09934
0.00000
0.00000
0.00000
0.00000
0.00000
0.00000
0.00000
0.00000
0.00000
0.00000
0.00000
0.00757
0.15303
0.32380
0.49670
0.64825
0.75787
0.81067
0.79948
0.72582
0.59969
0.43823
0.26335
0.09881
0.00000
0.00000
0.00000
0.00000
0.00000
0.00000
0.00000
0.00000
0.00000
0.00000
0.00466
0.04453
0.13635
0.26405
0.40535
0.53556
0.63193
0.67764
0.66470
0.59537
0.48176
0.34372
0.20535
0.09082
0.00000
0.00000
0.00000
0.00000
0.00000
0.00000
0.00000
0.00000
0.00000
0.00000
0.00489
0.04673
0.14307
0.27707
0.42533
0.56196
0.66308
0.71105
0.69747
0.62472
0.50551
0.36066
0.21547
0.09530
0.00000
0.00000
0.00000
0.00000
0.00000
0.00000
0.00000
0.00000
0.00000
0.00000
0.00547
0.05230
0.16012
0.31010
0.47603
0.62894
0.74213
0.79581
0.78061
0.69919
0.56577
0.40365
0.24116
0.10666
0.00000
0.00000
0.00000
0.00000
0.00000
0.00000
0.00000
0.00000
0.00000
0.00000
0.00493
0.04714
0.14433
0.27952
0.42909
0.56693
0.66895
0.71734
0.70364
0.63025
0.50999
0.36385
0.21738
0.09614
0.00000
0.00000
0.00000
0.00000
0.00000
0.00000
0.00000
0.00000
0.00000
0.00000
0.00547
0.05227
0.16004
0.30995
0.47580
0.62864
0.74177
0.79542
0.78023
0.69885
0.56550
0.40346
0.24104
0.10661
0.00000
0.00000
0.00000
0.00000
0.00000
0.00000
0.00000
0.00000
0.00000
0.00000
0.00520
0.04973
0.15227
0.29488
0.45268
0.59809
0.70572
0.75677
0.74231
0.66489
0.53802
0.38385
0.22933
0.10143
0.00000
0.00000
0.00000
0.00000
0.00000
0.00000
0.00000
0.00000
0.00000
0.00000
0.00507
0.04853
0.14859
0.28777
0.44176
0.58366
0.68869
0.73850
0.72440
0.64885
0.52503
0.37459
0.22379
0.09898
0.00000
0.00000
0.00000
0.00000
0.00000
0.00000
0.00000
0.00000
0.00000
0.00000
0.00516
0.04936
0.15112
0.29266
0.44926
0.59358
0.70039
0.75106
0.73672
0.65988
0.53396
0.38096
0.22760
0.10066
0.00000
0.00000
0.00000
0.00000
0.00000
0.00000
0.00000
0.00000
0.00000
0.00000
0.00476
0.04553
0.13940
0.26997
0.41444
0.54756
0.64610
0.69284
0.67961
0.60872
0.49257
0.35143
0.20995
0.09286
0.00000
0.00000
0.00000
0.00000
0.00000
0.00000
0.00000
0.00000
0.00000
0.00000
0.00294
0.02808
0.08595
0.16646
0.25554
0.33762
0.39838
0.42720
0.41904
0.37533
0.30371
0.21669
0.12945
0.05726
0.00000
0.00000
0.00000
0.00000
0.00000
0.00000
0.00000
0.00000
0.00000
0.00000
0.00515
0.04926
0.15083
0.29210
0.44840
0.59244
0.69905
0.74961
0.73530
0.65861
0.53293
0.38023
0.22716
0.10047
0.00000
0.00000
0.00000
0.00000
0.00000
0.00000
0.00000
0.00000
0.00000
0.00000
0.00514
0.04919
0.15060
0.29166
0.44773
0.59155
0.69801
0.74849
0.73420
0.65762
0.53214
0.37966
0.22682
0.10032
0.00000
0.00000
0.00000
0.00000
0.00000
0.00000
0.00000
0.00000
0.00000
0.00000
0.00507
0.04852
0.14854
0.28768
0.44161
0.58347
0.68847
0.73827
0.72417
0.64864
0.52487
0.37447
0.22372
0.09895
0.00000
0.00000
0.00000
0.00000
0.00000
0.00000
0.00000
0.00000
0.00000
0.00000
0.00382
0.03652
0.11182
0.21656
0.33244
0.43923
0.51827
0.55576
0.54514
0.48829
0.39511
0.28190
0.16841
0.07449
0.00000
0.00000
0.00000
0.00000
0.00000
0.00000
0.00000
0.00000
0.00000
0.00000
0.00394
0.03770
0.11544
0.22356
0.34318
0.45342
0.53502
0.57372
0.56276
0.50407
0.40788
0.29101
0.17386
0.07689
0.00000
0.00000
0.00000
0.00000
0.00000
0.00000
0.00000
0.00000
0.00000
0.00000
0.00534
0.05105
0.15630
0.30270
0.46468
0.61395
0.72443
0.77683
0.76200
0.68252
0.55228
0.39403
0.23541
0.10412
0.00000
0.00000
0.00000
0.00000
0.00000
0.00000
0.00000
0.00000
0.00000
0.00000
0.00476
0.04550
0.13931
0.26979
0.41416
0.54719
0.64566
0.69237
0.67915
0.60831
0.49223
0.35119
0.20981
0.09280
0.00000
0.00000
0.00000
0.00000
0.00000
0.00000
0.00000
0.00000
0.00000
0.00000
0.00539
0.05151
0.15771
0.30543
0.46887
0.61948
0.73095
0.78383
0.76886
0.68867
0.55725
0.39758
0.23753
0.10505
0.00000
0.00000
0.00000
0.00000
0.00000
0.00000
0.00000
0.00000
0.00000
0.00000
0.00497
0.04755
0.14558
0.28194
0.43280
0.57183
0.67473
0.72354
0.70972
0.63570
0.51439
0.36700
0.21926
0.09697
0.00000
0.00000
0.00000
0.00000
0.00000
0.00000
0.00000
0.00000
0.00000
0.00000
0.00439
0.04200
0.12857
0.24900
0.38224
0.50502
0.59590
0.63900
0.62680
0.56142
0.45429
0.32412
0.19364
0.08564
0.00000
0.00000
0.00000
0.00000
0.00000
0.00000
0.00000
0.00000
0.00000
0.00000
0.00467
0.04466
0.13674
0.26482
0.40652
0.53710
0.63376
0.67960
0.66662
0.59709
0.48316
0.34471
0.20594
0.09108
0.00000
0.00000
0.00000
0.00000
0.00000
0.00000
0.00000
0.00000
0.00000
0.00000
0.00473
0.04521
0.13841
0.26806
0.41150
0.54368
0.64152
0.68792
0.67478
0.60440
0.48907
0.34893
0.20846
0.09220
0.00000
0.00000
0.00000
0.00000
0.00000
0.00000
0.00000
0.00000
0.00000
0.00000
0.00540
0.05164
0.15810
0.30618
0.47002
0.62100
0.73275
0.78575
0.77075
0.69036
0.55862
0.39855
0.23811
0.10531
0.00000
0.00000
0.00000
0.00000
0.00000
0.00000
0.00000
0.00000
0.00000
0.00000
0.00455
0.04355
0.13332
0.25820
0.39637
0.52369
0.61793
0.66263
0.64998
0.58218
0.47109
0.33610
0.20080
0.08881
0.00000
0.00000
0.00000
0.00000
0.00000
0.00000
0.00000
0.00000
0.00000
0.00000
0.00557
0.05330
0.16318
0.31603
0.48514
0.64097
0.75632
0.81103
0.79554
0.71256
0.57659
0.41138
0.24577
0.10870
0.00000
0.00000
0.00000
0.00000
0.00000
0.00000
0.00000
0.00000
0.00000
0.00000
0.00491
0.04699
0.14385
0.27859
0.42767
0.56504
0.66672
0.71495
0.70130
0.62815
0.50829
0.36264
0.21665
0.09582
0.00000
0.00000
0.00000
0.00000
0.00000
0.00000
0.00000
0.00000
0.00000
0.00000
0.00368
0.03523
0.10785
0.20888
0.32065
0.42365
0.49988
0.53604
0.52580
0.47096
0.38109
0.27189
0.16244
0.07184
0.00000
0.00000
0.00000
0.00000
0.00000
0.00000
0.00000
0.00000
0.00000
0.00000
0.00356
0.03402
0.10416
0.20173
0.30968
0.40915
0.48278
0.51770
0.50782
0.45485
0.36806
0.26259
0.15688
0.06939
0.00000
0.00000
0.00000
0.00000
0.00000
0.00000
0.00000
0.00000
0.00000
0.00000
0.00525
0.05021
0.15372
0.29770
0.45701
0.60381
0.71247
0.76400
0.74941
0.67125
0.54316
0.38752
0.23152
0.10240
0.00000
0.00000
0.00000
0.00000
0.00000
0.00000
0.00000
0.00000
0.00000
0.00000
0.00506
0.04839
0.14813
0.28688
0.44040
0.58186
0.68657
0.73623
0.72218
0.64685
0.52342
0.37344
0.22310
0.09867
0.00000
0.00000
0.00000
0.00000
0.00000
0.00000
0.00000
0.00000
0.00000
0.00000
0.00495
0.04739
0.14510
0.28100
0.43137
0.56993
0.67249
0.72114
0.70737
0.63359
0.51269
0.36578
0.21853
0.09665
0.00000
0.00000
0.00000
0.00000
0.00000
0.00000
0.00000
0.00000
0.00000
0.00000
0.00000
0.03499
0.11155
0.21516
0.32842
0.43230
0.50936
0.54665
0.53791
0.48462
0.39571
0.28613
0.17427
0.00000
0.00000
0.00000
0.00000
0.00000
0.00000
0.00000
0.00000
0.00000
0.00000
0.00000
0.00000
0.04764
0.15189
0.29297
0.44717
0.58862
0.69354
0.74432
0.73242
0.65985
0.53880
0.38959
0.23728
0.00000
0.00000
0.00000
0.00000
0.00000
0.00000
0.00000
0.00000
0.00000
0.00000
0.00000
0.00000
0.04217
0.13443
0.25929
0.39577
0.52095
0.61382
0.65876
0.64823
0.58400
0.47686
0.34480
0.21001
0.00000
0.00000
0.00000
0.00000
0.00000
0.00000
0.00000
0.00000
0.00000
0.00000
0.00000
0.00000
0.04188
0.13352
0.25753
0.39309
0.51743
0.60966
0.65430
0.64384
0.58005
0.47363
0.34247
0.20859
0.00000
0.00000
0.00000
0.00000
0.00000
0.00000
0.00000
0.00000
0.00000
0.00000
0.00000
0.00000
0.04052
0.12919
0.24917
0.38033
0.50063
0.58987
0.63306
0.62294
0.56122
0.45826
0.33135
0.20182
0.00000
0.00000
0.00000
0.00000
0.00000
0.00000
0.00000
0.00000
0.00000
0.00000
0.00000
0.00000
0.01325
0.04224
0.08148
0.12436
0.16370
0.19288
0.20700
0.20369
0.18351
0.14985
0.10835
0.06599
0.00000
0.00000
0.00000
0.00000
0.00000
0.00000
0.00000
0.00000
0.00000
0.00000
0.00000
0.00000
0.02360
0.07523
0.14510
0.22148
0.29153
0.34350
0.36865
0.36276
0.32681
0.26686
0.19296
0.11752
0.00000
0.00000
0.00000
0.00000
0.00000
0.00000
0.00000
0.00000
0.00000
0.00000
0.00000
0.00000
0.03918
0.12490
0.24091
0.36772
0.48403
0.57031
0.61206
0.60228
0.54261
0.44306
0.32037
0.19512
0.00000
0.00000
0.00000
0.00000
0.00000
0.00000
0.00000
0.00000
0.00000
0.00000
0.00000
0.00000
0.05023
0.16014
0.30888
0.47147
0.62060
0.73122
0.78476
0.77222
0.69571
0.56807
0.41076
0.25018
0.00000
0.00000
0.00000
0.00000
0.00000
0.00000
0.00000
0.00000
0.00000
0.00000
0.00000
0.00000
0.05277
0.16824
0.32450
0.49531
0.65197
0.76819
0.82443
0.81126
0.73088
0.59679
0.43152
0.26282
0.00000
0.00000
0.00000
0.00000
0.00000
0.00000
0.00000
0.00000
0.00000
0.00000
0.00000
0.00000
0.03652
0.11643
0.22457
0.34277
0.45119
0.53162
0.57054
0.56142
0.50579
0.41300
0.29863
0.18188
0.00000
0.00000
0.00000
0.00000
0.00000
0.00000
0.00000
0.00000
0.00000
0.00000
0.00000
0.00000
0.04082
0.13013
0.25099
0.38310
0.50428
0.59417
0.63767
0.62748
0.56531
0.46160
0.33377
0.20329
0.00000
0.00000
0.00000
0.00000
0.00000
0.00000
0.00000
0.00000
0.00000
0.00000
0.00000
0.00000
0.02722
0.08677
0.16737
0.25547
0.33627
0.39621
0.42522
0.41843
0.37697
0.30781
0.22257
0.13556
0.00000
0.00000
0.00000
0.00000
0.00000
0.00000
0.00000
0.00000
0.00000
0.00000
0.00000
0.00000
0.05153
0.16428
0.31687
0.48366
0.63664
0.75012
0.80504
0.79218
0.71369
0.58275
0.42137
0.25664
0.00000
0.00000
0.00000
0.00000
0.00000
0.00000
0.00000
0.00000
0.00000
0.00000
0.00000
0.00000
0.03781
0.12055
0.23253
0.35492
0.46718
0.55046
0.59076
0.58132
0.52372
0.42764
0.30921
0.18833
0.00000
0.00000
0.00000
0.00000
0.00000
0.00000
0.00000
0.00000
0.00000
0.00000
0.00000
0.00000
0.05151
0.16422
0.31676
0.48349
0.63642
0.74986
0.80476
0.79190
0.71344
0.58255
0.42123
0.25655
0.00000
0.00000
0.00000
0.00000
0.00000
0.00000
0.00000
0.00000
0.00000
0.00000
0.00000
0.00000
0.04354
0.13880
0.26772
0.40864
0.53789
0.63377
0.68017
0.66930
0.60299
0.49236
0.35601
0.21684
0.00000
0.00000
0.00000
0.00000
0.00000
0.00000
0.00000
0.00000
0.00000
0.00000
0.00000
0.00000
0.04671
0.14890
0.28720
0.43838
0.57704
0.67990
0.72968
0.71802
0.64688
0.52820
0.38193
0.23262
0.00000
0.00000
0.00000
0.00000
0.00000
0.00000
0.00000
0.00000
0.00000
0.00000
0.00000
0.00000
0.04417
0.14081
0.27160
0.41457
0.54570
0.64297
0.69004
0.67901
0.61174
0.49951
0.36118
0.21998
0.00000
0.00000
0.00000
0.00000
0.00000
0.00000
0.00000
0.00000
0.00000
0.00000
0.00000
0.00000
0.03577
0.11404
0.21997
0.33575
0.44195
0.52073
0.55885
0.54992
0.49543
0.40454
0.29251
0.17816
0.00000
0.00000
0.00000
0.00000
0.00000
0.00000
0.00000
0.00000
0.00000
0.00000
0.00000
0.00000
0.04457
0.14210
0.27409
0.41836
0.55069
0.64885
0.69636
0.68523
0.61733
0.50408
0.36448
0.22199
0.00000
0.00000
0.00000
0.00000
0.00000
0.00000
0.00000
0.00000
0.00000
0.00000
0.00000
0.00000
0.04163
0.13271
0.25596
0.39070
0.51428
0.60595
0.65031
0.63992
0.57651
0.47075
0.34038
0.20732
0.00000
0.00000
0.00000
0.00000
0.00000
0.00000
0.00000
0.00000
0.00000
0.00000
0.00000
0.00000
0.04714
0.15028
0.28987
0.44245
0.58239
0.68621
0.73645
0.72468
0.65288
0.53310
0.38547
0.23478
0.00000
0.00000
0.00000
0.00000
0.00000
0.00000
0.00000
0.00000
0.00000
0.00000
0.00000
0.00000
0.02971
0.09471
0.18267
0.27882
0.36702
0.43244
0.46410
0.45668
0.41143
0.33595
0.24292
0.14795
0.00000
0.00000
0.00000
0.00000
0.00000
0.00000
0.00000
0.00000
0.00000
0.00000
0.00000
0.00000
0.03011
0.09600
0.18517
0.28264
0.37204
0.43836
0.47045
0.46293
0.41707
0.34055
0.24624
0.14998
0.00000
0.00000
0.00000
0.00000
0.00000
0.00000
0.00000
0.00000
0.00000
0.00000
0.00000
0.00000
0.03697
0.11786
0.22733
0.34700
0.45675
0.53817
0.57757
0.56834
0.51203
0.41810
0.30231
0.18413
0.00000
0.00000
0.00000
0.00000
0.00000
0.00000
0.00000
0.00000
0.00000
0.00000
0.00000
0.00000
0.04443
0.14164
0.27319
0.41699
0.54888
0.64672
0.69407
0.68298
0.61531
0.50243
0.36329
0.22127
0.00000
0.00000
0.00000
0.00000
0.00000
0.00000
0.00000
0.00000
0.00000
0.00000
0.00000
0.00000
0.04504
0.14359
0.27695
0.42273
0.55644
0.65563
0.70363
0.69238
0.62378
0.50934
0.36829
0.22431
0.00000
0.00000
0.00000
0.00000
0.00000
0.00000
0.00000
0.00000
0.00000
0.00000
0.00000
0.00000
0.03099
0.09879
0.19054
0.29083
0.38283
0.45107
0.48409
0.47635
0.42916
0.35043
0.25338
0.15433
0.00000
0.00000
0.00000
0.00000
0.00000
0.00000
0.00000
0.00000
0.00000
0.00000
0.00000
0.00000
0.05576
0.17777
0.34289
0.52337
0.68892
0.81172
0.87115
0.85723
0.77229
0.63061
0.45597
0.27772
0.00000
0.00000
0.00000
0.00000
0.00000
0.00000
0.00000
0.00000
0.00000
0.00000
0.00000
0.00248
0.05613
0.14798
0.26399
0.38643
0.49658
0.57759
0.61707
0.60900
0.55460
0.46219
0.34590
0.22351
0.00000
0.00000
0.00000
0.00000
0.00000
0.00000
0.00000
0.00000
0.00000
0.00000
0.00000
0.00235
0.05315
0.14013
0.25000
0.36596
0.47027
0.54698
0.58437
0.57673
0.52521
0.43769
0.32757
0.21167
0.00000
0.00000
0.00000
0.00000
0.00000
0.00000
0.00000
0.00000
0.00000
0.00000
0.00000
0.00335
0.07558
0.19927
0.35550
0.52038
0.66871
0.77780
0.83097
0.82009
0.74683
0.62239
0.46579
0.30099
0.00000
0.00000
0.00000
0.00000
0.00000
0.00000
0.00000
0.00000
0.00000
0.00000
0.00000
0.00263
0.05941
0.15662
0.27942
0.40902
0.52560
0.61134
0.65314
0.64459
0.58701
0.48919
0.36611
0.23657
0.00000
0.00000
0.00000
0.00000
0.00000
0.00000
0.00000
0.00000
0.00000
0.00000
0.00000
0.00276
0.06236
0.16440
0.29330
0.42933
0.55171
0.64171
0.68558
0.67661
0.61617
0.51350
0.38430
0.24832
0.00000
0.00000
0.00000
0.00000
0.00000
0.00000
0.00000
0.00000
0.00000
0.00000
0.00000
0.00216
0.04868
0.12834
0.22896
0.33515
0.43068
0.50094
0.53518
0.52818
0.48099
0.40085
0.29999
0.19385
0.00000
0.00000
0.00000
0.00000
0.00000
0.00000
0.00000
0.00000
0.00000
0.00000
0.00000
0.00165
0.03719
0.09804
0.17491
0.25603
0.32901
0.38268
0.40884
0.40349
0.36744
0.30622
0.22917
0.14809
0.00000
0.00000
0.00000
0.00000
0.00000
0.00000
0.00000
0.00000
0.00000
0.00000
0.00000
0.00276
0.06230
0.16426
0.29305
0.42897
0.55124
0.64117
0.68500
0.67604
0.61564
0.51306
0.38397
0.24811
0.00000
0.00000
0.00000
0.00000
0.00000
0.00000
0.00000
0.00000
0.00000
0.00000
0.00000
0.00154
0.03486
0.09191
0.16396
0.24001
0.30842
0.35873
0.38326
0.37824
0.34445
0.28706
0.21483
0.13882
0.00000
0.00000
0.00000
0.00000
0.00000
0.00000
0.00000
0.00000
0.00000
0.00000
0.00000
0.00241
0.05440
0.14343
0.25589
0.37457
0.48133
0.55985
0.59813
0.59030
0.53757
0.44799
0.33528
0.21665
0.00000
0.00000
0.00000
0.00000
0.00000
0.00000
0.00000
0.00000
0.00000
0.00000
0.00000
0.00227
0.05121
0.13500
0.24085
0.35256
0.45305
0.52695
0.56298
0.55561
0.50598
0.42167
0.31557
0.20392
0.00000
0.00000
0.00000
0.00000
0.00000
0.00000
0.00000
0.00000
0.00000
0.00000
0.00000
0.00255
0.05770
0.15214
0.27142
0.39731
0.51055
0.59384
0.63443
0.62613
0.57020
0.47519
0.35563
0.22980
0.00000
0.00000
0.00000
0.00000
0.00000
0.00000
0.00000
0.00000
0.00000
0.00000
0.00000
0.00251
0.05674
0.14960
0.26689
0.39068
0.50204
0.58394
0.62385
0.61569
0.56069
0.46726
0.34970
0.22597
0.00000
0.00000
0.00000
0.00000
0.00000
0.00000
0.00000
0.00000
0.00000
0.00000
0.00000
0.00269
0.06067
0.15996
0.28537
0.41773
0.53679
0.62436
0.66705
0.65832
0.59951
0.49961
0.37391
0.24161
0.00000
0.00000
0.00000
0.00000
0.00000
0.00000
0.00000
0.00000
0.00000
0.00000
0.00000
0.00204
0.04598
0.12123
0.21627
0.31658
0.40681
0.47318
0.50553
0.49891
0.45434
0.37864
0.28337
0.18311
0.00000
0.00000
0.00000
0.00000
0.00000
0.00000
0.00000
0.00000
0.00000
0.00000
0.00000
0.00228
0.05143
0.13560
0.24192
0.35412
0.45506
0.52930
0.56548
0.55808
0.50823
0.42354
0.31698
0.20482
0.00000
0.00000
0.00000
0.00000
0.00000
0.00000
0.00000
0.00000
0.00000
0.00000
0.00000
0.00195
0.04396
0.11590
0.20677
0.30267
0.38894
0.45239
0.48331
0.47699
0.43438
0.36200
0.27092
0.17506
0.00000
0.00000
0.00000
0.00000
0.00000
0.00000
0.00000
0.00000
0.00000
0.00000
0.00000
0.00231
0.05217
0.13754
0.24537
0.35918
0.46155
0.53685
0.57355
0.56604
0.51548
0.42958
0.32150
0.20774
0.00000
0.00000
0.00000
0.00000
0.00000
0.00000
0.00000
0.00000
0.00000
0.00000
0.00000
0.00309
0.06974
0.18388
0.32804
0.48019
0.61707
0.71773
0.76679
0.75676
0.68916
0.57433
0.42982
0.27774
0.00000
0.00000
0.00000
0.00000
0.00000
0.00000
0.00000
0.00000
0.00000
0.00000
0.00000
0.00248
0.05592
0.14744
0.26304
0.38504
0.49479
0.57551
0.61485
0.60680
0.55260
0.46052
0.34465
0.22270
0.00000
0.00000
0.00000
0.00000
0.00000
0.00000
0.00000
0.00000
0.00000
0.00000
0.00000
0.00172
0.03891
0.10260
0.18303
0.26792
0.34429
0.40046
0.42783
0.42223
0.38451
0.32044
0.23982
0.15497
0.00000
0.00000
0.00000
0.00000
0.00000
0.00000
0.00000
0.00000
0.00000
0.00000
0.00000
0.00197
0.04452
0.11737
0.20939
0.30651
0.39388
0.45814
0.48945
0.48305
0.43990
0.36660
0.27436
0.17729
0.00000
0.00000
0.00000
0.00000
0.00000
0.00000
0.00000
0.00000
0.00000
0.00000
0.00000
0.00217
0.04908
0.12941
0.23087
0.33795
0.43428
0.50512
0.53966
0.53259
0.48502
0.40420
0.30250
0.19547
0.00000
0.00000
0.00000
0.00000
0.00000
0.00000
0.00000
0.00000
0.00000
0.00000
0.00000
0.00252
0.05682
0.14981
0.26727
0.39123
0.50275
0.58476
0.62474
0.61656
0.56148
0.46792
0.35019
0.22629
0.00000
0.00000
0.00000
0.00000
0.00000
0.00000
0.00000
0.00000
0.00000
0.00000
0.00000
0.00235
0.05310
0.14001
0.24978
0.36563
0.46984
0.54649
0.58385
0.57621
0.52474
0.43730
0.32727
0.21148
0.00000
0.00000
0.00000
0.00000
0.00000
0.00000
0.00000
0.00000
0.00000
0.00000
0.00000
0.00246
0.05555
0.14645
0.26126
0.38244
0.49145
0.57162
0.61069
0.60270
0.54886
0.45741
0.34232
0.22120
0.00000
0.00000
0.00000
0.00000
0.00000
0.00000
0.00000
0.00000
0.00000
0.00000
0.00000
0.00190
0.04298
0.11330
0.20214
0.29589
0.38023
0.44226
0.47249
0.46631
0.42465
0.35389
0.26485
0.17114
0.00000
0.00000
0.00000
0.00000
0.00000
0.00000
0.00000
0.00000
0.00000
0.00000
0.00000
0.00295
0.06671
0.17589
0.31379
0.45933
0.59025
0.68655
0.73348
0.72388
0.65921
0.54937
0.41115
0.26567
0.00000
0.00000
0.00000
0.00000
0.00000
0.00000
0.00000
0.00000
0.00000
0.00000
0.00000
0.00233
0.05255
0.13855
0.24718
0.36182
0.46495
0.54080
0.57777
0.57021
0.51927
0.43275
0.32386
0.20927
0.00000
0.00000
0.00000
0.00000
0.00000
0.00000
0.00000
0.00000
0.00000
0.00000
0.00000
0.00286
0.06468
0.17053
0.30422
0.44532
0.57225
0.66561
0.71111
0.70180
0.63911
0.53262
0.39861
0.25757
0.00000
0.00000
0.00000
0.00000
0.00000
0.00000
0.00000
0.00000
0.00000
0.00000
0.00000
0.00224
0.05051
0.13317
0.23758
0.34778
0.44691
0.51981
0.55535
0.54808
0.49912
0.41595
0.31130
0.20115
0.00000
0.00000
0.00000
0.00000
0.00000
0.00000
0.00000
0.00000
0.00000
0.00000
0.00000
0.00776
0.04798
0.11152
0.18924
0.26997
0.34211
0.39528
0.42185
0.41799
0.38426
0.32551
0.25018
0.16910
0.00000
0.00000
0.00000
0.00000
0.00000
0.00000
0.00000
0.00000
0.00000
0.00000
0.00000
0.01089
0.06728
0.15637
0.26535
0.37855
0.47969
0.55425
0.59150
0.58609
0.53880
0.45642
0.35080
0.23711
0.00000
0.00000
0.00000
0.00000
0.00000
0.00000
0.00000
0.00000
0.00000
0.00000
0.00000
0.01099
0.06792
0.15786
0.26787
0.38214
0.48425
0.55952
0.59712
0.59166
0.54392
0.46076
0.35413
0.23936
0.00000
0.00000
0.00000
0.00000
0.00000
0.00000
0.00000
0.00000
0.00000
0.00000
0.00000
0.01094
0.06762
0.15716
0.26668
0.38045
0.48211
0.55704
0.59448
0.58904
0.54151
0.45871
0.35256
0.23830
0.00000
0.00000
0.00000
0.00000
0.00000
0.00000
0.00000
0.00000
0.00000
0.00000
0.00000
0.01077
0.06654
0.15464
0.26241
0.37436
0.47439
0.54813
0.58497
0.57962
0.53284
0.45137
0.34692
0.23449
0.00000
0.00000
0.00000
0.00000
0.00000
0.00000
0.00000
0.00000
0.00000
0.00000
0.00000
0.01015
0.06276
0.14586
0.24752
0.35311
0.44746
0.51701
0.55176
0.54671
0.50259
0.42575
0.32722
0.22118
0.00000
0.00000
0.00000
0.00000
0.00000
0.00000
0.00000
0.00000
0.00000
0.00000
0.00000
0.01216
0.07519
0.17474
0.29652
0.42301
0.53604
0.61936
0.66099
0.65494
0.60209
0.51004
0.39200
0.26496
0.00000
0.00000
0.00000
0.00000
0.00000
0.00000
0.00000
0.00000
0.00000
0.00000
0.00000
0.00777
0.04802
0.11161
0.18939
0.27018
0.34237
0.39559
0.42218
0.41832
0.38456
0.32576
0.25038
0.16923
0.00000
0.00000
0.00000
0.00000
0.00000
0.00000
0.00000
0.00000
0.00000
0.00000
0.00000
0.01275
0.07879
0.18312
0.31073
0.44329
0.56174
0.64905
0.69268
0.68634
0.63096
0.53449
0.41080
0.27767
0.00000
0.00000
0.00000
0.00000
0.00000
0.00000
0.00000
0.00000
0.00000
0.00000
0.00000
0.00685
0.04236
0.09844
0.16704
0.23831
0.30198
0.34892
0.37237
0.36896
0.33919
0.28733
0.22084
0.14927
0.00000
0.00000
0.00000
0.00000
0.00000
0.00000
0.00000
0.00000
0.00000
0.00000
0.00000
0.00991
0.06126
0.14238
0.24160
0.34467
0.43677
0.50466
0.53858
0.53365
0.49059
0.41558
0.31941
0.21589
0.00000
0.00000
0.00000
0.00000
0.00000
0.00000
0.00000
0.00000
0.00000
0.00000
0.00000
0.00856
0.05291
0.12296
0.20866
0.29767
0.37721
0.43584
0.46514
0.46088
0.42369
0.35891
0.27585
0.18645
0.00000
0.00000
0.00000
0.00000
0.00000
0.00000
0.00000
0.00000
0.00000
0.00000
0.00000
0.01020
0.06305
0.14653
0.24865
0.35473
0.44951
0.51938
0.55429
0.54922
0.50490
0.42770
0.32872
0.22219
0.00000
0.00000
0.00000
0.00000
0.00000
0.00000
0.00000
0.00000
0.00000
0.00000
0.00000
0.00738
0.04561
0.10600
0.17986
0.25659
0.32516
0.37570
0.40095
0.39728
0.36522
0.30938
0.23778
0.16072
0.00000
0.00000
0.00000
0.00000
0.00000
0.00000
0.00000
0.00000
0.00000
0.00000
0.00000
0.00747
0.04617
0.10731
0.18209
0.25978
0.32919
0.38035
0.40592
0.40220
0.36975
0.31322
0.24073
0.16272
0.00000
0.00000
0.00000
0.00000
0.00000
0.00000
0.00000
0.00000
0.00000
0.00000
0.00000
0.01026
0.06343
0.14742
0.25016
0.35687
0.45223
0.52252
0.55764
0.55254
0.50795
0.43029
0.33071
0.22354
0.00000
0.00000
0.00000
0.00000
0.00000
0.00000
0.00000
0.00000
0.00000
0.00000
0.00000
0.00959
0.05927
0.13776
0.23376
0.33348
0.42259
0.48827
0.52108
0.51632
0.47465
0.40208
0.30903
0.20888
0.00000
0.00000
0.00000
0.00000
0.00000
0.00000
0.00000
0.00000
0.00000
0.00000
0.00000
0.00816
0.05046
0.11728
0.19901
0.28391
0.35978
0.41570
0.44364
0.43958
0.40411
0.34232
0.26310
0.17784
0.00000
0.00000
0.00000
0.00000
0.00000
0.00000
0.00000
0.00000
0.00000
0.00000
0.00000
0.00958
0.05921
0.13762
0.23352
0.33314
0.42216
0.48777
0.52056
0.51580
0.47417
0.40167
0.30872
0.20867
0.00000
0.00000
0.00000
0.00000
0.00000
0.00000
0.00000
0.00000
0.00000
0.00000
0.00000
0.01144
0.07072
0.16435
0.27889
0.39786
0.50417
0.58253
0.62169
0.61600
0.56629
0.47971
0.36869
0.24921
0.00000
0.00000
0.00000
0.00000
0.00000
0.00000
0.00000
0.00000
0.00000
0.00000
0.00000
0.01057
0.06534
0.15185
0.25768
0.36761
0.46584
0.53824
0.57442
0.56917
0.52324
0.44324
0.34066
0.23026
0.00000
0.00000
0.00000
0.00000
0.00000
0.00000
0.00000
0.00000
0.00000
0.00000
0.00000
0.00796
0.04923
0.11441
0.19414
0.27696
0.35096
0.40551
0.43276
0.42880
0.39420
0.33393
0.25665
0.17348
0.00000
0.00000
0.00000
0.00000
0.00000
0.00000
0.00000
0.00000
0.00000
0.00000
0.00000
0.01252
0.07739
0.17985
0.30520
0.43539
0.55173
0.63749
0.68033
0.67411
0.61971
0.52496
0.40348
0.27272
0.00000
0.00000
0.00000
0.00000
0.00000
0.00000
0.00000
0.00000
0.00000
0.00000
0.00000
0.01426
0.08815
0.20486
0.34764
0.49594
0.62845
0.72613
0.77494
0.76785
0.70589
0.59796
0.45958
0.31064
0.00000
0.00000
0.00000
0.00000
0.00000
0.00000
0.00000
0.00000
0.00000
0.00000
0.00000
0.00662
0.04093
0.09513
0.16142
0.23029
0.29182
0.33718
0.35984
0.35655
0.32778
0.27766
0.21341
0.14425
0.00000
0.00000
0.00000
0.00000
0.00000
0.00000
0.00000
0.00000
0.00000
0.00000
0.00000
0.00898
0.05553
0.12906
0.21901
0.31244
0.39593
0.45747
0.48821
0.48375
0.44471
0.37672
0.28954
0.19570
0.00000
0.00000
0.00000
0.00000
0.00000
0.00000
0.00000
0.00000
0.00000
0.00000
0.00000
0.01144
0.07068
0.16427
0.27875
0.39766
0.50392
0.58225
0.62138
0.61569
0.56601
0.47947
0.36851
0.24909
0.00000
0.00000
0.00000
0.00000
0.00000
0.00000
0.00000
0.00000
0.00000
0.00000
0.00000
0.01343
0.08298
0.19285
0.32725
0.46685
0.59160
0.68355
0.72949
0.72282
0.66449
0.56289
0.43263
0.29242
0.00000
0.00000
0.00000
0.00000
0.00000
0.00000
0.00000
0.00000
0.00000
0.00000
0.00000
0.01070
0.06614
0.15373
0.26086
0.37215
0.47158
0.54488
0.58150
0.57618
0.52969
0.44870
0.34486
0.23310
0.00000
0.00000
0.00000
0.00000
0.00000
0.00000
0.00000
0.00000
0.00000
0.00000
0.00000
0.01079
0.06667
0.15495
0.26293
0.37510
0.47532
0.54920
0.58612
0.58075
0.53389
0.45226
0.34760
0.23495
0.00000
0.00000
0.00000
0.00000
0.00000
0.00000
0.00000
0.00000
0.00000
0.00000
0.00000
0.01610
0.04778
0.10149
0.16931
0.24124
0.30670
0.35604
0.38199
0.38072
0.35243
0.30127
0.23480
0.16280
0.09587
0.00000
0.00000
0.00000
0.00000
0.00000
0.00000
0.00000
0.00000
0.00000
0.00000
0.03015
0.08948
0.19005
0.31706
0.45177
0.57436
0.66675
0.71534
0.71297
0.65998
0.56419
0.43970
0.30486
0.17954
0.00000
0.00000
0.00000
0.00000
0.00000
0.00000
0.00000
0.00000
0.00000
0.00000
0.02360
0.07005
0.14879
0.24822
0.35369
0.44966
0.52200
0.56004
0.55818
0.51670
0.44170
0.34424
0.23868
0.14056
0.00000
0.00000
0.00000
0.00000
0.00000
0.00000
0.00000
0.00000
0.00000
0.00000
0.01538
0.04565
0.09697
0.16176
0.23050
0.29304
0.34018
0.36497
0.36376
0.33673
0.28785
0.22434
0.15554
0.09160
0.00000
0.00000
0.00000
0.00000
0.00000
0.00000
0.00000
0.00000
0.00000
0.00000
0.02061
0.06117
0.12993
0.21675
0.30885
0.39265
0.45581
0.48903
0.48741
0.45119
0.38570
0.30060
0.20842
0.12274
0.00000
0.00000
0.00000
0.00000
0.00000
0.00000
0.00000
0.00000
0.00000
0.00000
0.02409
0.07149
0.15185
0.25332
0.36096
0.45890
0.53272
0.57155
0.56965
0.52731
0.45078
0.35132
0.24358
0.14345
0.00000
0.00000
0.00000
0.00000
0.00000
0.00000
0.00000
0.00000
0.00000
0.00000
0.02486
0.07378
0.15672
0.26144
0.37253
0.47361
0.54980
0.58987
0.58791
0.54422
0.46523
0.36258
0.25139
0.14804
0.00000
0.00000
0.00000
0.00000
0.00000
0.00000
0.00000
0.00000
0.00000
0.00000
0.02564
0.07609
0.16161
0.26960
0.38416
0.48840
0.56696
0.60828
0.60626
0.56121
0.47975
0.37389
0.25924
0.15267
0.00000
0.00000
0.00000
0.00000
0.00000
0.00000
0.00000
0.00000
0.00000
0.00000
0.02909
0.08634
0.18339
0.30594
0.43593
0.55422
0.64337
0.69026
0.68797
0.63684
0.54440
0.42428
0.29417
0.17324
0.00000
0.00000
0.00000
0.00000
0.00000
0.00000
0.00000
0.00000
0.00000
0.00000
0.01794
0.05325
0.11311
0.18869
0.26887
0.34183
0.39681
0.42573
0.42432
0.39278
0.33577
0.26169
0.18144
0.10685
0.00000
0.00000
0.00000
0.00000
0.00000
0.00000
0.00000
0.00000
0.00000
0.00000
0.02769
0.08218
0.17456
0.29121
0.41494
0.52753
0.61239
0.65702
0.65484
0.60617
0.51819
0.40386
0.28001
0.16490
0.00000
0.00000
0.00000
0.00000
0.00000
0.00000
0.00000
0.00000
0.00000
0.00000
0.01970
0.05848
0.12422
0.20722
0.29527
0.37540
0.43578
0.46754
0.46599
0.43136
0.36875
0.28739
0.19926
0.11734
0.00000
0.00000
0.00000
0.00000
0.00000
0.00000
0.00000
0.00000
0.00000
0.00000
0.02652
0.07870
0.16716
0.27887
0.39736
0.50518
0.58645
0.62918
0.62710
0.58049
0.49624
0.38674
0.26814
0.15791
0.00000
0.00000
0.00000
0.00000
0.00000
0.00000
0.00000
0.00000
0.00000
0.00000
0.02243
0.06656
0.14137
0.23585
0.33606
0.42725
0.49597
0.53212
0.53035
0.49094
0.41968
0.32708
0.22678
0.13355
0.00000
0.00000
0.00000
0.00000
0.00000
0.00000
0.00000
0.00000
0.00000
0.00000
0.01712
0.05082
0.10795
0.18008
0.25660
0.32622
0.37870
0.40630
0.40495
0.37485
0.32045
0.24974
0.17316
0.10197
0.00000
0.00000
0.00000
0.00000
0.00000
0.00000
0.00000
0.00000
0.00000
0.00000
0.02254
0.06690
0.14210
0.23705
0.33778
0.42943
0.49851
0.53484
0.53306
0.49345
0.42183
0.32875
0.22794
0.13423
0.00000
0.00000
0.00000
0.00000
0.00000
0.00000
0.00000
0.00000
0.00000
0.00000
0.01523
0.04520
0.09600
0.16015
0.22819
0.29011
0.33678
0.36132
0.36012
0.33336
0.28497
0.22210
0.15399
0.09068
0.00000
0.00000
0.00000
0.00000
0.00000
0.00000
0.00000
0.00000
0.00000
0.00000
0.01526
0.04528
0.09618
0.16046
0.22864
0.29067
0.33743
0.36202
0.36082
0.33401
0.28553
0.22253
0.15429
0.09086
0.00000
0.00000
0.00000
0.00000
0.00000
0.00000
0.00000
0.00000
0.00000
0.00000
0.01425
0.04229
0.08982
0.14984
0.21350
0.27144
0.31510
0.33806
0.33694
0.31190
0.26663
0.20780
0.14408
0.08485
0.00000
0.00000
0.00000
0.00000
0.00000
0.00000
0.00000
0.00000
0.00000
0.00000
0.03003
0.08914
0.18933
0.31585
0.45006
0.57218
0.66423
0.71263
0.71027
0.65748
0.56205
0.43804
0.30371
0.17886
0.00000
0.00000
0.00000
0.00000
0.00000
0.00000
0.00000
0.00000
0.00000
0.00000
0.02372
0.07039
0.14951
0.24942
0.35540
0.45184
0.52452
0.56275
0.56088
0.51920
0.44384
0.34591
0.23983
0.14124
0.00000
0.00000
0.00000
0.00000
0.00000
0.00000
0.00000
0.00000
0.00000
0.00000
0.02580
0.07657
0.16264
0.27132
0.38660
0.49151
0.57057
0.61215
0.61012
0.56478
0.48280
0.37628
0.26089
0.15364
0.00000
0.00000
0.00000
0.00000
0.00000
0.00000
0.00000
0.00000
0.00000
0.00000
0.01614
0.04791
0.10176
0.16976
0.24189
0.30752
0.35699
0.38300
0.38173
0.35336
0.30208
0.23542
0.16323
0.09613
0.00000
0.00000
0.00000
0.00000
0.00000
0.00000
0.00000
0.00000
0.00000
0.00000
0.02912
0.08642
0.18356
0.30622
0.43634
0.55473
0.64397
0.69090
0.68861
0.63743
0.54491
0.42468
0.29445
0.17340
0.00000
0.00000
0.00000
0.00000
0.00000
0.00000
0.00000
0.00000
0.00000
0.00000
0.01452
0.04311
0.09156
0.15275
0.21765
0.27671
0.32123
0.34464
0.34349
0.31797
0.27181
0.21184
0.14688
0.08650
0.00000
0.00000
0.00000
0.00000
0.00000
0.00000
0.00000
0.00000
0.00000
0.00000
0.02524
0.07491
0.15912
0.26545
0.37823
0.48087
0.55822
0.59890
0.59691
0.55255
0.47235
0.36813
0.25524
0.15031
0.00000
0.00000
0.00000
0.00000
0.00000
0.00000
0.00000
0.00000
0.00000
0.00000
0.01879
0.05578
0.11847
0.19763
0.28160
0.35802
0.41561
0.44589
0.44442
0.41139
0.35168
0.27408
0.19003
0.11191
0.00000
0.00000
0.00000
0.00000
0.00000
0.00000
0.00000
0.00000
0.00000
0.00000
0.01749
0.05191
0.11026
0.18394
0.26210
0.33321
0.38682
0.41500
0.41363
0.38289
0.32731
0.25509
0.17687
0.10416
0.00000
0.00000
0.00000
0.00000
0.00000
0.00000
0.00000
0.00000
0.00000
0.00000
0.02541
0.07542
0.16019
0.26724
0.38079
0.48411
0.56199
0.60295
0.60095
0.55628
0.47554
0.37062
0.25696
0.15133
0.00000
0.00000
0.00000
0.00000
0.00000
0.00000
0.00000
0.00000
0.00000
0.00000
0.02572
0.07632
0.16211
0.27044
0.38535
0.48992
0.56872
0.61017
0.60815
0.56295
0.48124
0.37506
0.26004
0.15314
0.00000
0.00000
0.00000
0.00000
0.00000
0.00000
0.00000
0.00000
0.00000
0.00000
0.02637
0.07828
0.16626
0.27736
0.39521
0.50245
0.58327
0.62578
0.62370
0.57735
0.49355
0.38465
0.26669
0.15706
0.00000
0.00000
0.00000
0.00000
0.00000
0.00000
0.00000
0.00000
0.00000
0.00000
0.01314
0.06277
0.14687
0.25296
0.36532
0.46729
0.54374
0.58336
0.58025
0.53488
0.45398
0.34955
0.23706
0.00000
0.00000
0.00000
0.00000
0.00000
0.00000
0.00000
0.00000
0.00000
0.00000
0.00000
0.00803
0.03834
0.08970
0.15450
0.22312
0.28540
0.33209
0.35629
0.35439
0.32668
0.27727
0.21349
0.14478
0.00000
0.00000
0.00000
0.00000
0.00000
0.00000
0.00000
0.00000
0.00000
0.00000
0.00000
0.01529
0.07304
0.17089
0.29433
0.42507
0.54371
0.63268
0.67877
0.67515
0.62236
0.52824
0.40672
0.27583
0.00000
0.00000
0.00000
0.00000
0.00000
0.00000
0.00000
0.00000
0.00000
0.00000
0.00000
0.00986
0.04708
0.11016
0.18974
0.27401
0.35050
0.40785
0.43756
0.43523
0.40120
0.34052
0.26219
0.17781
0.00000
0.00000
0.00000
0.00000
0.00000
0.00000
0.00000
0.00000
0.00000
0.00000
0.00000
0.01977
0.09445
0.22099
0.38062
0.54969
0.70312
0.81816
0.87776
0.87309
0.80482
0.68310
0.52596
0.35670
0.00000
0.00000
0.00000
0.00000
0.00000
0.00000
0.00000
0.00000
0.00000
0.00000
0.00000
0.01495
0.07139
0.16703
0.28769
0.41548
0.53145
0.61840
0.66345
0.65992
0.60833
0.51632
0.39754
0.26961
0.00000
0.00000
0.00000
0.00000
0.00000
0.00000
0.00000
0.00000
0.00000
0.00000
0.00000
0.00911
0.04350
0.10178
0.17531
0.25318
0.32385
0.37684
0.40429
0.40214
0.37070
0.31463
0.24225
0.16429
0.00000
0.00000
0.00000
0.00000
0.00000
0.00000
0.00000
0.00000
0.00000
0.00000
0.00000
0.01243
0.05936
0.13889
0.23922
0.34548
0.44190
0.51421
0.55167
0.54873
0.50583
0.42932
0.33056
0.22418
0.00000
0.00000
0.00000
0.00000
0.00000
0.00000
0.00000
0.00000
0.00000
0.00000
0.00000
0.01270
0.06066
0.14194
0.24447
0.35306
0.45160
0.52550
0.56378
0.56077
0.51693
0.43875
0.33782
0.22910
0.00000
0.00000
0.00000
0.00000
0.00000
0.00000
0.00000
0.00000
0.00000
0.00000
0.00000
0.01063
0.05076
0.11876
0.20455
0.29540
0.37786
0.43968
0.47171
0.46920
0.43252
0.36710
0.28265
0.19169
0.00000
0.00000
0.00000
0.00000
0.00000
0.00000
0.00000
0.00000
0.00000
0.00000
0.00000
0.01200
0.05732
0.13410
0.23098
0.33357
0.42668
0.49649
0.53266
0.52982
0.48840
0.41453
0.31917
0.21646
0.00000
0.00000
0.00000
0.00000
0.00000
0.00000
0.00000
0.00000
0.00000
0.00000
0.00000
0.01603
0.07659
0.17919
0.30863
0.44572
0.57013
0.66342
0.71175
0.70796
0.65261
0.55390
0.42648
0.28923
0.00000
0.00000
0.00000
0.00000
0.00000
0.00000
0.00000
0.00000
0.00000
0.00000
0.00000
0.01277
0.06098
0.14267
0.24573
0.35488
0.45394
0.52821
0.56669
0.56367
0.51960
0.44102
0.33956
0.23029
0.00000
0.00000
0.00000
0.00000
0.00000
0.00000
0.00000
0.00000
0.00000
0.00000
0.00000
0.00982
0.04689
0.10971
0.18896
0.27290
0.34907
0.40618
0.43577
0.43345
0.39956
0.33913
0.26112
0.17709
0.00000
0.00000
0.00000
0.00000
0.00000
0.00000
0.00000
0.00000
0.00000
0.00000
0.00000
0.00986
0.04709
0.11019
0.18978
0.27408
0.35058
0.40794
0.43766
0.43533
0.40129
0.34060
0.26225
0.17785
0.00000
0.00000
0.00000
0.00000
0.00000
0.00000
0.00000
0.00000
0.00000
0.00000
0.00000
0.01001
0.04780
0.11183
0.19261
0.27817
0.35581
0.41402
0.44418
0.44182
0.40728
0.34568
0.26616
0.18050
0.00000
0.00000
0.00000
0.00000
0.00000
0.00000
0.00000
0.00000
0.00000
0.00000
0.00000
0.01186
0.05667
0.13260
0.22838
0.32982
0.42188
0.49091
0.52667
0.52387
0.48291
0.40987
0.31558
0.21402
0.00000
0.00000
0.00000
0.00000
0.00000
0.00000
0.00000
0.00000
0.00000
0.00000
0.00000
0.00920
0.04395
0.10283
0.17711
0.25577
0.32716
0.38069
0.40843
0.40625
0.37449
0.31785
0.24473
0.16597
0.00000
0.00000
0.00000
0.00000
0.00000
0.00000
0.00000
0.00000
0.00000
0.00000
0.00000
0.01032
0.04931
0.11538
0.19872
0.28699
0.36709
0.42716
0.45827
0.45583
0.42019
0.35664
0.27460
0.18623
0.00000
0.00000
0.00000
0.00000
0.00000
0.00000
0.00000
0.00000
0.00000
0.00000
0.00000
0.00686
0.03278
0.07669
0.13209
0.19076
0.24400
0.28393
0.30461
0.30299
0.27930
0.23706
0.18252
0.12379
0.00000
0.00000
0.00000
0.00000
0.00000
0.00000
0.00000
0.00000
0.00000
0.00000
0.00000
0.01697
0.08105
0.18964
0.32664
0.47172
0.60339
0.70211
0.75326
0.74925
0.69067
0.58621
0.45136
0.30610
0.00000
0.00000
0.00000
0.00000
0.00000
0.00000
0.00000
0.00000
0.00000
0.00000
0.00000
0.01504
0.07183
0.16805
0.28945
0.41802
0.53470
0.62219
0.66751
0.66396
0.61205
0.51948
0.39998
0.27126
0.00000
0.00000
0.00000
0.00000
0.00000
0.00000
0.00000
0.00000
0.00000
0.00000
0.00000
0.00878
0.04196
0.09817
0.16908
0.24419
0.31235
0.36345
0.38993
0.38785
0.35753
0.30345
0.23365
0.15846
0.00000
0.00000
0.00000
0.00000
0.00000
0.00000
0.00000
0.00000
0.00000
0.00000
0.00000
0.00935
0.04469
0.10455
0.18008
0.26007
0.33266
0.38709
0.41529
0.41308
0.38078
0.32319
0.24884
0.16876
0.00000
0.00000
0.00000
0.00000
0.00000
0.00000
0.00000
0.00000
0.00000
0.00000
0.00000
0.01054
0.05035
0.11781
0.20292
0.29305
0.37485
0.43618
0.46796
0.46547
0.42908
0.36418
0.28040
0.19017
0.00000
0.00000
0.00000
0.00000
0.00000
0.00000
0.00000
0.00000
0.00000
0.00000
0.00000
0.01741
0.08315
0.19455
0.33510
0.48394
0.61902
0.72030
0.77277
0.76866
0.70856
0.60139
0.46305
0.31403
0.00000
0.00000
0.00000
0.00000
0.00000
0.00000
0.00000
0.00000
0.00000
0.00000
0.00000
0.01450
0.06927
0.16206
0.27913
0.40311
0.51563
0.60000
0.64371
0.64028
0.59022
0.50095
0.38571
0.26158
0.00000
0.00000
0.00000
0.00000
0.00000
0.00000
0.00000
0.00000
0.00000
0.00000
0.00000
0.01068
0.05101
0.11936
0.20558
0.29689
0.37976
0.44189
0.47409
0.47156
0.43469
0.36895
0.28407
0.19265
0.00000
0.00000
0.00000
0.00000
0.00000
0.00000
0.00000
0.00000
0.00000
0.00000
0.00000
0.01525
0.07287
0.17049
0.29365
0.42408
0.54245
0.63121
0.67719
0.67358
0.62092
0.52701
0.40577
0.27519
0.00000
0.00000
0.00000
0.00000
0.00000
0.00000
0.00000
0.00000
0.00000
0.00000
0.00000
0.01304
0.06230
0.14577
0.25108
0.36260
0.46381
0.53970
0.57902
0.57593
0.53090
0.45061
0.34695
0.23530
0.00000
0.00000
0.00000
0.00000
0.00000
0.00000
0.00000
0.00000
0.00000
0.00000
0.00000
0.01411
0.06742
0.15776
0.27171
0.39240
0.50193
0.58406
0.62660
0.62327
0.57454
0.48764
0.37546
0.25463
0.00000
0.00000
0.00000
0.00000
0.00000
0.00000
0.00000
0.00000
0.00000
0.00000
0.00000
0.00908
0.05521
0.13138
0.22605
0.32488
0.41292
0.47682
0.50692
0.49865
0.45327
0.37765
0.28324
0.18433
0.00000
0.00000
0.00000
0.00000
0.00000
0.00000
0.00000
0.00000
0.00000
0.00000
0.00000
0.01499
0.09116
0.21691
0.37321
0.53640
0.68175
0.78726
0.83695
0.82330
0.74837
0.62352
0.46764
0.30434
0.00000
0.00000
0.00000
0.00000
0.00000
0.00000
0.00000
0.00000
0.00000
0.00000
0.00000
0.01301
0.07912
0.18826
0.32392
0.46555
0.59170
0.68328
0.72640
0.71456
0.64953
0.54117
0.40588
0.26415
0.00000
0.00000
0.00000
0.00000
0.00000
0.00000
0.00000
0.00000
0.00000
0.00000
0.00000
0.01150
0.06991
0.16637
0.28625
0.41140
0.52288
0.60381
0.64192
0.63145
0.57399
0.47823
0.35867
0.23343
0.00000
0.00000
0.00000
0.00000
0.00000
0.00000
0.00000
0.00000
0.00000
0.00000
0.00000
0.01098
0.06675
0.15884
0.27330
0.39280
0.49924
0.57650
0.61289
0.60290
0.54803
0.45660
0.34245
0.22287
0.00000
0.00000
0.00000
0.00000
0.00000
0.00000
0.00000
0.00000
0.00000
0.00000
0.00000
0.01095
0.06658
0.15844
0.27261
0.39180
0.49797
0.57504
0.61134
0.60137
0.54664
0.45544
0.34158
0.22231
0.00000
0.00000
0.00000
0.00000
0.00000
0.00000
0.00000
0.00000
0.00000
0.00000
0.00000
0.01200
0.07298
0.17366
0.29880
0.42945
0.54582
0.63030
0.67008
0.65915
0.59917
0.49921
0.37441
0.24367
0.00000
0.00000
0.00000
0.00000
0.00000
0.00000
0.00000
0.00000
0.00000
0.00000
0.00000
0.01165
0.07085
0.16858
0.29006
0.41688
0.52985
0.61185
0.65047
0.63986
0.58163
0.48460
0.36345
0.23653
0.00000
0.00000
0.00000
0.00000
0.00000
0.00000
0.00000
0.00000
0.00000
0.00000
0.00000
0.01394
0.08476
0.20169
0.34702
0.49874
0.63389
0.73200
0.77820
0.76551
0.69584
0.57975
0.43482
0.28298
0.00000
0.00000
0.00000
0.00000
0.00000
0.00000
0.00000
0.00000
0.00000
0.00000
0.00000
0.01400
0.08514
0.20260
0.34860
0.50102
0.63678
0.73533
0.78175
0.76900
0.69901
0.58239
0.43680
0.28427
0.00000
0.00000
0.00000
0.00000
0.00000
0.00000
0.00000
0.00000
0.00000
0.00000
0.00000
0.00813
0.04944
0.11764
0.20241
0.29091
0.36974
0.42696
0.45391
0.44651
0.40587
0.33816
0.25362
0.16506
0.00000
0.00000
0.00000
0.00000
0.00000
0.00000
0.00000
0.00000
0.00000
0.00000
0.00000
0.01344
0.08175
0.19454
0.33472
0.48107
0.61143
0.70606
0.75062
0.73838
0.67118
0.55921
0.41941
0.27295
0.00000
0.00000
0.00000
0.00000
0.00000
0.00000
0.00000
0.00000
0.00000
0.00000
0.00000
0.01067
0.06487
0.15436
0.26559
0.38172
0.48516
0.56024
0.59561
0.58589
0.53257
0.44372
0.33279
0.21658
0.00000
0.00000
0.00000
0.00000
0.00000
0.00000
0.00000
0.00000
0.00000
0.00000
0.00000
0.00969
0.05890
0.14016
0.24115
0.34659
0.44051
0.50868
0.54079
0.53197
0.48356
0.40289
0.30217
0.19665
0.00000
0.00000
0.00000
0.00000
0.00000
0.00000
0.00000
0.00000
0.00000
0.00000
0.00000
0.01214
0.07380
0.17562
0.30216
0.43428
0.55196
0.63738
0.67761
0.66656
0.60590
0.50482
0.37861
0.24640
0.00000
0.00000
0.00000
0.00000
0.00000
0.00000
0.00000
0.00000
0.00000
0.00000
0.00000
0.00893
0.05431
0.12924
0.22238
0.31960
0.40621
0.46908
0.49869
0.49055
0.44591
0.37152
0.27864
0.18134
0.00000
0.00000
0.00000
0.00000
0.00000
0.00000
0.00000
0.00000
0.00000
0.00000
0.00000
0.01315
0.07994
0.19021
0.32728
0.47038
0.59784
0.69036
0.73394
0.72197
0.65627
0.54678
0.41009
0.26689
0.00000
0.00000
0.00000
0.00000
0.00000
0.00000
0.00000
0.00000
0.00000
0.00000
0.00000
0.01220
0.07420
0.17657
0.30379
0.43662
0.55494
0.64082
0.68127
0.67016
0.60917
0.50754
0.38066
0.24773
0.00000
0.00000
0.00000
0.00000
0.00000
0.00000
0.00000
0.00000
0.00000
0.00000
0.00000
0.01326
0.08063
0.19187
0.33012
0.47446
0.60303
0.69635
0.74031
0.72823
0.66196
0.55152
0.41364
0.26920
0.00000
0.00000
0.00000
0.00000
0.00000
0.00000
0.00000
0.00000
0.00000
0.00000
0.00000
0.01095
0.06660
0.15848
0.27268
0.39190
0.49810
0.57519
0.61149
0.60152
0.54678
0.45556
0.34167
0.22236
0.00000
0.00000
0.00000
0.00000
0.00000
0.00000
0.00000
0.00000
0.00000
0.00000
0.00000
0.01691
0.10285
0.24473
0.42108
0.60519
0.76918
0.88822
0.94428
0.92888
0.84435
0.70348
0.52762
0.34338
0.00000
0.00000
0.00000
0.00000
0.00000
0.00000
0.00000
0.00000
0.00000
0.00000
0.00000
0.01503
0.09142
0.21753
0.37428
0.53792
0.68368
0.78949
0.83933
0.82564
0.75050
0.62529
0.46897
0.30521
0.00000
0.00000
0.00000
0.00000
0.00000
0.00000
0.00000
0.00000
0.00000
0.00000
0.00000
0.01003
0.06100
0.14515
0.24974
0.35893
0.45619
0.52680
0.56005
0.55092
0.50078
0.41723
0.31293
0.20365
0.00000
0.00000
0.00000
0.00000
0.00000
0.00000
0.00000
0.00000
0.00000
0.00000
0.00000
0.01227
0.07464
0.17760
0.30558
0.43919
0.55820
0.64458
0.68527
0.67410
0.61275
0.51052
0.38289
0.24919
0.00000
0.00000
0.00000
0.00000
0.00000
0.00000
0.00000
0.00000
0.00000
0.00000
0.00000
0.00969
0.05895
0.14027
0.24135
0.34688
0.44087
0.50911
0.54124
0.53242
0.48396
0.40322
0.30242
0.19682
0.00000
0.00000
0.00000
0.00000
0.00000
0.00000
0.00000
0.00000
0.00000
0.00000
0.00000
0.00942
0.05728
0.13630
0.23451
0.33704
0.42838
0.49467
0.52590
0.51732
0.47024
0.39179
0.29384
0.19123
0.00000
0.00000
0.00000
0.00000
0.00000
0.00000
0.00000
0.00000
0.00000
0.00000
0.00000
0.01015
0.06171
0.14683
0.25264
0.36310
0.46149
0.53291
0.56655
0.55731
0.50659
0.42207
0.31656
0.20602
0.00000
0.00000
0.00000
0.00000
0.00000
0.00000
0.00000
0.00000
0.00000
0.00000
0.00000
0.01287
0.07826
0.18623
0.32042
0.46052
0.58531
0.67589
0.71855
0.70684
0.64251
0.53532
0.40149
0.26129
0.00000
0.00000
0.00000
0.00000
0.00000
0.00000
0.00000
0.00000
0.00000
0.00000
0.00000
0.01426
0.08669
0.20629
0.35493
0.51012
0.64835
0.74869
0.79595
0.78297
0.71171
0.59297
0.44473
0.28943
0.00000
0.00000
0.00000
0.00000
0.00000
0.00000
0.00000
0.00000
0.00000
0.00000
0.00000
0.00938
0.05703
0.13571
0.23351
0.33560
0.42654
0.49255
0.52364
0.51511
0.46823
0.39011
0.29259
0.19042
0.00000
0.00000
0.00000
0.00000
0.00000
0.00000
0.00000
0.00000
0.00000
0.00000
0.00000
0.00661
0.04601
0.11142
0.19229
0.27559
0.34789
0.39754
0.41653
0.40181
0.35575
0.28577
0.20315
0.12121
0.00000
0.00000
0.00000
0.00000
0.00000
0.00000
0.00000
0.00000
0.00000
0.00000
0.00000
0.00852
0.05932
0.14365
0.24792
0.35532
0.44854
0.51255
0.53704
0.51807
0.45868
0.36845
0.26192
0.15627
0.00000
0.00000
0.00000
0.00000
0.00000
0.00000
0.00000
0.00000
0.00000
0.00000
0.00000
0.00917
0.06387
0.15467
0.26694
0.38257
0.48294
0.55186
0.57823
0.55780
0.49385
0.39671
0.28201
0.16826
0.00000
0.00000
0.00000
0.00000
0.00000
0.00000
0.00000
0.00000
0.00000
0.00000
0.00000
0.00706
0.04914
0.11900
0.20538
0.29434
0.37156
0.42459
0.44488
0.42916
0.37996
0.30522
0.21697
0.12946
0.00000
0.00000
0.00000
0.00000
0.00000
0.00000
0.00000
0.00000
0.00000
0.00000
0.00000
0.00882
0.06143
0.14876
0.25673
0.36794
0.46447
0.53076
0.55612
0.53647
0.47497
0.38153
0.27123
0.16182
0.00000
0.00000
0.00000
0.00000
0.00000
0.00000
0.00000
0.00000
0.00000
0.00000
0.00000
0.00923
0.06424
0.15557
0.26849
0.38480
0.48575
0.55508
0.58160
0.56105
0.49673
0.39902
0.28365
0.16924
0.00000
0.00000
0.00000
0.00000
0.00000
0.00000
0.00000
0.00000
0.00000
0.00000
0.00000
0.00699
0.04870
0.11793
0.20353
0.29169
0.36822
0.42077
0.44088
0.42530
0.37654
0.30247
0.21502
0.12829
0.00000
0.00000
0.00000
0.00000
0.00000
0.00000
0.00000
0.00000
0.00000
0.00000
0.00000
0.00660
0.04594
0.11124
0.19198
0.27515
0.34734
0.39691
0.41587
0.40118
0.35519
0.28532
0.20283
0.12101
0.00000
0.00000
0.00000
0.00000
0.00000
0.00000
0.00000
0.00000
0.00000
0.00000
0.00000
0.00906
0.06309
0.15278
0.26367
0.37789
0.47702
0.54510
0.57115
0.55097
0.48781
0.39185
0.27856
0.16620
0.00000
0.00000
0.00000
0.00000
0.00000
0.00000
0.00000
0.00000
0.00000
0.00000
0.00000
0.01125
0.07832
0.18966
0.32732
0.46911
0.59218
0.67669
0.70903
0.68397
0.60556
0.48644
0.34580
0.20632
0.00000
0.00000
0.00000
0.00000
0.00000
0.00000
0.00000
0.00000
0.00000
0.00000
0.00000
0.01012
0.07044
0.17058
0.29439
0.42192
0.53261
0.60862
0.63770
0.61517
0.54465
0.43751
0.31102
0.18556
0.00000
0.00000
0.00000
0.00000
0.00000
0.00000
0.00000
0.00000
0.00000
0.00000
0.00000
0.00648
0.04511
0.10923
0.18851
0.27017
0.34105
0.38972
0.40834
0.39391
0.34876
0.28015
0.19915
0.11882
0.00000
0.00000
0.00000
0.00000
0.00000
0.00000
0.00000
0.00000
0.00000
0.00000
0.00000
0.00733
0.05104
0.12361
0.21332
0.30573
0.38595
0.44103
0.46210
0.44577
0.39467
0.31703
0.22537
0.13447
0.00000
0.00000
0.00000
0.00000
0.00000
0.00000
0.00000
0.00000
0.00000
0.00000
0.00000
0.01326
0.09230
0.22352
0.38576
0.55287
0.69792
0.79752
0.83563
0.80610
0.71369
0.57330
0.40755
0.24316
0.00000
0.00000
0.00000
0.00000
0.00000
0.00000
0.00000
0.00000
0.00000
0.00000
0.00000
0.01107
0.07706
0.18661
0.32206
0.46157
0.58267
0.66582
0.69764
0.67299
0.59584
0.47863
0.34025
0.20300
0.00000
0.00000
0.00000
0.00000
0.00000
0.00000
0.00000
0.00000
0.00000
0.00000
0.00000
0.00527
0.03667
0.08880
0.15326
0.21965
0.27728
0.31685
0.33199
0.32026
0.28354
0.22776
0.16191
0.09660
0.00000
0.00000
0.00000
0.00000
0.00000
0.00000
0.00000
0.00000
0.00000
0.00000
0.00000
0.01044
0.07266
0.17594
0.30365
0.43519
0.54937
0.62777
0.65777
0.63452
0.56178
0.45127
0.32080
0.19140
0.00000
0.00000
0.00000
0.00000
0.00000
0.00000
0.00000
0.00000
0.00000
0.00000
0.00000
0.01079
0.07510
0.18186
0.31386
0.44983
0.56784
0.64888
0.67989
0.65586
0.58067
0.46645
0.33159
0.19784
0.00000
0.00000
0.00000
0.00000
0.00000
0.00000
0.00000
0.00000
0.00000
0.00000
0.00000
0.01106
0.07699
0.18643
0.32174
0.46112
0.58210
0.66517
0.69696
0.67233
0.59525
0.47816
0.33991
0.20281
0.00000
0.00000
0.00000
0.00000
0.00000
0.00000
0.00000
0.00000
0.00000
0.00000
0.00000
0.00311
0.02162
0.05236
0.09037
0.12951
0.16349
0.18682
0.19575
0.18883
0.16719
0.13430
0.09547
0.05696
0.00000
0.00000
0.00000
0.00000
0.00000
0.00000
0.00000
0.00000
0.00000
0.00000
0.00000
0.00864
0.06013
0.14560
0.25129
0.36014
0.45463
0.51951
0.54433
0.52510
0.46490
0.37345
0.26548
0.15839
0.00000
0.00000
0.00000
0.00000
0.00000
0.00000
0.00000
0.00000
0.00000
0.00000
0.00000
0.01247
0.08681
0.21022
0.36280
0.51997
0.65638
0.75006
0.78590
0.75813
0.67122
0.53918
0.38330
0.22869
0.00000
0.00000
0.00000
0.00000
0.00000
0.00000
0.00000
0.00000
0.00000
0.00000
0.00000
0.00977
0.06800
0.16466
0.28418
0.40729
0.51414
0.58752
0.61560
0.59384
0.52576
0.42234
0.30023
0.17913
0.00000
0.00000
0.00000
0.00000
0.00000
0.00000
0.00000
0.00000
0.00000
0.00000
0.00000
0.00911
0.06346
0.15367
0.26520
0.38009
0.47981
0.54828
0.57448
0.55418
0.49065
0.39413
0.28018
0.16717
0.00000
0.00000
0.00000
0.00000
0.00000
0.00000
0.00000
0.00000
0.00000
0.00000
0.00000
0.00776
0.05405
0.13087
0.22587
0.32371
0.40864
0.46696
0.48927
0.47198
0.41788
0.33567
0.23862
0.14237
0.00000
0.00000
0.00000
0.00000
0.00000
0.00000
0.00000
0.00000
0.00000
0.00000
0.00000
0.00287
0.01997
0.04837
0.08348
0.11964
0.15103
0.17258
0.18083
0.17444
0.15444
0.12406
0.08819
0.05262
0.00000
0.00000
0.00000
0.00000
0.00000
0.00000
0.00000
0.00000
0.00000
0.00000
0.00000
0.00769
0.05355
0.12968
0.22381
0.32076
0.40492
0.46271
0.48482
0.46768
0.41407
0.33262
0.23645
0.14108
0.00000
0.00000
0.00000
0.00000
0.00000
0.00000
0.00000
0.00000
0.00000
0.00000
0.00000
0.01202
0.08368
0.20264
0.34972
0.50121
0.63270
0.72300
0.75755
0.73078
0.64700
0.51973
0.36947
0.22044
0.00000
0.00000
0.00000
0.00000
0.00000
0.00000
0.00000
0.00000
0.00000
0.00000
0.00000
0.01048
0.07295
0.17666
0.30489
0.43697
0.55161
0.63034
0.66046
0.63712
0.56408
0.45312
0.32211
0.19219
0.00000
0.00000
0.00000
0.00000
0.00000
0.00000
0.00000
0.00000
0.00000
0.00000
0.00000
0.01090
0.07590
0.18381
0.31722
0.45464
0.57391
0.65582
0.68716
0.66288
0.58688
0.47144
0.33514
0.19995
0.00000
0.00000
0.00000
0.00000
0.00000
0.00000
0.00000
0.00000
0.00000
0.00000
0.00000
0.00862
0.06004
0.14540
0.25093
0.35963
0.45398
0.51877
0.54356
0.52435
0.46424
0.37292
0.26510
0.15817
0.00000
0.00000
0.00000
0.00000
0.00000
0.00000
0.00000
0.00000
0.00000
0.00000
0.00000
0.00000
0.04200
0.13947
0.26045
0.38509
0.49297
0.56641
0.59336
0.56941
0.49848
0.39220
0.26799
0.14622
0.00000
0.00000
0.00000
0.00000
0.00000
0.00000
0.00000
0.00000
0.00000
0.00000
0.00000
0.00000
0.03519
0.11687
0.21823
0.32268
0.41308
0.47461
0.49719
0.47712
0.41769
0.32863
0.22456
0.12252
0.00000
0.00000
0.00000
0.00000
0.00000
0.00000
0.00000
0.00000
0.00000
0.00000
0.00000
0.00000
0.03673
0.12198
0.22778
0.33678
0.43113
0.49536
0.51893
0.49798
0.43595
0.34300
0.23438
0.12788
0.00000
0.00000
0.00000
0.00000
0.00000
0.00000
0.00000
0.00000
0.00000
0.00000
0.00000
0.00000
0.04105
0.13634
0.25460
0.37644
0.48190
0.55369
0.58003
0.55662
0.48728
0.38339
0.26198
0.14294
0.00000
0.00000
0.00000
0.00000
0.00000
0.00000
0.00000
0.00000
0.00000
0.00000
0.00000
0.00000
0.03529
0.11719
0.21884
0.32357
0.41422
0.47593
0.49857
0.47845
0.41885
0.32955
0.22518
0.12286
0.00000
0.00000
0.00000
0.00000
0.00000
0.00000
0.00000
0.00000
0.00000
0.00000
0.00000
0.00000
0.03601
0.11960
0.22334
0.33022
0.42273
0.48571
0.50882
0.48828
0.42745
0.33632
0.22981
0.12539
0.00000
0.00000
0.00000
0.00000
0.00000
0.00000
0.00000
0.00000
0.00000
0.00000
0.00000
0.00000
0.01874
0.06222
0.11619
0.17179
0.21992
0.25268
0.26470
0.25401
0.22237
0.17496
0.11955
0.06523
0.00000
0.00000
0.00000
0.00000
0.00000
0.00000
0.00000
0.00000
0.00000
0.00000
0.00000
0.00000
0.01973
0.06552
0.12234
0.18089
0.23157
0.26606
0.27872
0.26747
0.23415
0.18423
0.12589
0.06869
0.00000
0.00000
0.00000
0.00000
0.00000
0.00000
0.00000
0.00000
0.00000
0.00000
0.00000
0.00000
0.04790
0.15907
0.29705
0.43921
0.56225
0.64600
0.67674
0.64942
0.56853
0.44731
0.30565
0.16677
0.00000
0.00000
0.00000
0.00000
0.00000
0.00000
0.00000
0.00000
0.00000
0.00000
0.00000
0.00000
0.05184
0.17217
0.32150
0.47537
0.60854
0.69919
0.73246
0.70289
0.61534
0.48414
0.33082
0.18050
0.00000
0.00000
0.00000
0.00000
0.00000
0.00000
0.00000
0.00000
0.00000
0.00000
0.00000
0.00000
0.03811
0.12657
0.23635
0.34946
0.44736
0.51400
0.53845
0.51672
0.45235
0.35591
0.24319
0.13269
0.00000
0.00000
0.00000
0.00000
0.00000
0.00000
0.00000
0.00000
0.00000
0.00000
0.00000
0.00000
0.03913
0.12993
0.24264
0.35876
0.45926
0.52767
0.55278
0.53047
0.46439
0.36538
0.24967
0.13622
0.00000
0.00000
0.00000
0.00000
0.00000
0.00000
0.00000
0.00000
0.00000
0.00000
0.00000
0.00000
0.03180
0.10560
0.19719
0.29157
0.37325
0.42885
0.44925
0.43112
0.37742
0.29695
0.20291
0.11071
0.00000
0.00000
0.00000
0.00000
0.00000
0.00000
0.00000
0.00000
0.00000
0.00000
0.00000
0.00000
0.03251
0.10797
0.20161
0.29810
0.38161
0.43846
0.45932
0.44078
0.38587
0.30360
0.20746
0.11319
0.00000
0.00000
0.00000
0.00000
0.00000
0.00000
0.00000
0.00000
0.00000
0.00000
0.00000
0.00000
0.03816
0.12672
0.23664
0.34989
0.44791
0.51463
0.53912
0.51736
0.45291
0.35635
0.24350
0.13285
0.00000
0.00000
0.00000
0.00000
0.00000
0.00000
0.00000
0.00000
0.00000
0.00000
0.00000
0.00000
0.03270
0.10861
0.20281
0.29987
0.38388
0.44106
0.46205
0.44340
0.38816
0.30540
0.20869
0.11386
0.00000
0.00000
0.00000
0.00000
0.00000
0.00000
0.00000
0.00000
0.00000
0.00000
0.00000
0.00000
0.03130
0.10395
0.19412
0.28702
0.36742
0.42216
0.44224
0.42439
0.37153
0.29232
0.19974
0.10898
0.00000
0.00000
0.00000
0.00000
0.00000
0.00000
0.00000
0.00000
0.00000
0.00000
0.00000
0.00000
0.03807
0.12643
0.23609
0.34908
0.44687
0.51344
0.53787
0.51616
0.45186
0.35552
0.24293
0.13255
0.00000
0.00000
0.00000
0.00000
0.00000
0.00000
0.00000
0.00000
0.00000
0.00000
0.00000
0.00000
0.02451
0.08139
0.15199
0.22473
0.28769
0.33054
0.34627
0.33229
0.29090
0.22888
0.15639
0.08533
0.00000
0.00000
0.00000
0.00000
0.00000
0.00000
0.00000
0.00000
0.00000
0.00000
0.00000
0.00000
0.02765
0.09181
0.17145
0.25351
0.32453
0.37287
0.39061
0.37484
0.32815
0.25819
0.17642
0.09626
0.00000
0.00000
0.00000
0.00000
0.00000
0.00000
0.00000
0.00000
0.00000
0.00000
0.00000
0.00000
0.04635
0.15391
0.28741
0.42495
0.54400
0.62504
0.65478
0.62835
0.55008
0.43280
0.29574
0.16136
0.00000
0.00000
0.00000
0.00000
0.00000
0.00000
0.00000
0.00000
0.00000
0.00000
0.00000
0.00000
0.03037
0.10085
0.18832
0.27844
0.35645
0.40955
0.42904
0.41172
0.36043
0.28358
0.19378
0.10573
0.00000
0.00000
0.00000
0.00000
0.00000
0.00000
0.00000
0.00000
0.00000
0.00000
0.00000
0.00000
0.03442
0.11430
0.21345
0.31560
0.40402
0.46420
0.48629
0.46666
0.40853
0.32143
0.21963
0.11984
0.00000
0.00000
0.00000
0.00000
0.00000
0.00000
0.00000
0.00000
0.00000
0.00000
0.00000
0.00000
0.01954
0.06490
0.12119
0.17918
0.22938
0.26355
0.27609
0.26494
0.23194
0.18249
0.12470
0.06804
0.00000
0.00000
0.00000
0.00000
0.00000
0.00000
0.00000
0.00000
0.00000
0.00000
0.00000
0.00000
0.03477
0.11546
0.21561
0.31880
0.40811
0.46890
0.49121
0.47138
0.41266
0.32468
0.22186
0.12105
0.00000
0.00000
0.00000
0.00000
0.00000
0.00000
0.00000
0.00000
0.00000
0.00000
0.00000
0.00000
0.04326
0.14365
0.26826
0.39664
0.50776
0.58340
0.61115
0.58648
0.51343
0.40396
0.27603
0.15061
0.00000
0.00000
0.00000
0.00000
0.00000
0.00000
0.00000
0.00000
0.00000
0.00000
0.00000
0.00000
0.03519
0.11686
0.21823
0.32266
0.41306
0.47459
0.49717
0.47710
0.41767
0.32862
0.22455
0.12252
0.00000
0.00000
0.00000
0.00000
0.00000
0.00000
0.00000
0.00000
0.00000
0.00000
0.00000
0.00000
0.04620
0.15343
0.28651
0.42363
0.54231
0.62310
0.65275
0.62640
0.54837
0.43145
0.29482
0.16086
0.00000
0.00000
0.00000
0.00000
0.00000
0.00000
0.00000
0.00000
0.00000
0.00000
0.00000
0.00000
0.02921
0.09700
0.18113
0.26781
0.34284
0.39391
0.41265
0.39599
0.34667
0.27275
0.18638
0.10169
0.00000
0.00000
0.00000
0.00000
0.00000
0.00000
0.00000
0.00000
0.00000
0.00000
0.00000
0.00000
0.02694
0.08946
0.16705
0.24700
0.31619
0.36329
0.38058
0.36522
0.31972
0.25156
0.17189
0.09379
0.00000
0.00000
0.00000
0.00000
0.00000
0.00000
0.00000
0.00000
0.00000
0.00000
0.00000
0.00000
0.03929
0.14461
0.28030
0.42351
0.55015
0.63891
0.67486
0.65195
0.57402
0.45420
0.31265
0.17318
0.00000
0.00000
0.00000
0.00000
0.00000
0.00000
0.00000
0.00000
0.00000
0.00000
0.00000
0.00000
0.03555
0.13084
0.25360
0.38317
0.49775
0.57806
0.61059
0.58985
0.51935
0.41094
0.28287
0.15668
0.00000
0.00000
0.00000
0.00000
0.00000
0.00000
0.00000
0.00000
0.00000
0.00000
0.00000
0.00000
0.04101
0.15092
0.29251
0.44197
0.57413
0.66676
0.70428
0.68036
0.59904
0.47400
0.32627
0.18073
0.00000
0.00000
0.00000
0.00000
0.00000
0.00000
0.00000
0.00000
0.00000
0.00000
0.00000
0.00000
0.02956
0.10880
0.21087
0.31861
0.41389
0.48067
0.50771
0.49047
0.43185
0.34171
0.23521
0.13029
0.00000
0.00000
0.00000
0.00000
0.00000
0.00000
0.00000
0.00000
0.00000
0.00000
0.00000
0.00000
0.03088
0.11363
0.22025
0.33277
0.43229
0.50203
0.53028
0.51227
0.45104
0.35689
0.24566
0.13608
0.00000
0.00000
0.00000
0.00000
0.00000
0.00000
0.00000
0.00000
0.00000
0.00000
0.00000
0.00000
0.03293
0.12121
0.23493
0.35497
0.46111
0.53551
0.56564
0.54644
0.48112
0.38069
0.26205
0.14515
0.00000
0.00000
0.00000
0.00000
0.00000
0.00000
0.00000
0.00000
0.00000
0.00000
0.00000
0.00000
0.03332
0.12262
0.23766
0.35909
0.46647
0.54174
0.57222
0.55279
0.48671
0.38512
0.26509
0.14684
0.00000
0.00000
0.00000
0.00000
0.00000
0.00000
0.00000
0.00000
0.00000
0.00000
0.00000
0.00000
0.02947
0.10846
0.21023
0.31764
0.41262
0.47920
0.50616
0.48897
0.43053
0.34066
0.23449
0.12989
0.00000
0.00000
0.00000
0.00000
0.00000
0.00000
0.00000
0.00000
0.00000
0.00000
0.00000
0.00000
0.04328
0.15927
0.30871
0.46644
0.60591
0.70368
0.74327
0.71803
0.63220
0.50024
0.34434
0.19073
0.00000
0.00000
0.00000
0.00000
0.00000
0.00000
0.00000
0.00000
0.00000
0.00000
0.00000
0.00000
0.03991
0.14689
0.28470
0.43017
0.55880
0.64896
0.68548
0.66220
0.58305
0.46134
0.31756
0.17590
0.00000
0.00000
0.00000
0.00000
0.00000
0.00000
0.00000
0.00000
0.00000
0.00000
0.00000
0.00000
0.03553
0.13078
0.25348
0.38299
0.49751
0.57778
0.61029
0.58957
0.51910
0.41074
0.28273
0.15661
0.00000
0.00000
0.00000
0.00000
0.00000
0.00000
0.00000
0.00000
0.00000
0.00000
0.00000
0.00000
0.04560
0.16781
0.32526
0.49145
0.63840
0.74141
0.78312
0.75653
0.66610
0.52706
0.36280
0.20096
0.00000
0.00000
0.00000
0.00000
0.00000
0.00000
0.00000
0.00000
0.00000
0.00000
0.00000
0.00000
0.03988
0.14676
0.28445
0.42978
0.55830
0.64838
0.68486
0.66160
0.58252
0.46093
0.31728
0.17574
0.00000
0.00000
0.00000
0.00000
0.00000
0.00000
0.00000
0.00000
0.00000
0.00000
0.00000
0.00000
0.03417
0.12575
0.24373
0.36825
0.47838
0.55556
0.58682
0.56689
0.49913
0.39494
0.27186
0.15058
0.00000
0.00000
0.00000
0.00000
0.00000
0.00000
0.00000
0.00000
0.00000
0.00000
0.00000
0.00000
0.02762
0.10164
0.19699
0.29764
0.38665
0.44903
0.47430
0.45819
0.40343
0.31922
0.21973
0.12171
0.00000
0.00000
0.00000
0.00000
0.00000
0.00000
0.00000
0.00000
0.00000
0.00000
0.00000
0.00000
0.02998
0.11033
0.21384
0.32310
0.41972
0.48744
0.51486
0.49738
0.43793
0.34652
0.23852
0.13212
0.00000
0.00000
0.00000
0.00000
0.00000
0.00000
0.00000
0.00000
0.00000
0.00000
0.00000
0.00000
0.01730
0.06369
0.12344
0.18651
0.24228
0.28137
0.29720
0.28711
0.25279
0.20002
0.13768
0.07626
0.00000
0.00000
0.00000
0.00000
0.00000
0.00000
0.00000
0.00000
0.00000
0.00000
0.00000
0.00000
0.02979
0.10966
0.21254
0.32113
0.41716
0.48446
0.51172
0.49434
0.43526
0.34440
0.23707
0.13131
0.00000
0.00000
0.00000
0.00000
0.00000
0.00000
0.00000
0.00000
0.00000
0.00000
0.00000
0.00000
0.02720
0.10012
0.19405
0.29320
0.38088
0.44233
0.46722
0.45135
0.39740
0.31445
0.21645
0.11989
0.00000
0.00000
0.00000
0.00000
0.00000
0.00000
0.00000
0.00000
0.00000
0.00000
0.00000
0.00000
0.03734
0.13742
0.26635
0.40243
0.52278
0.60712
0.64128
0.61951
0.54546
0.43160
0.29709
0.16456
0.00000
0.00000
0.00000
0.00000
0.00000
0.00000
0.00000
0.00000
0.00000
0.00000
0.00000
0.00000
0.02502
0.09209
0.17849
0.26968
0.35032
0.40685
0.42974
0.41514
0.36552
0.28922
0.19909
0.11028
0.00000
0.00000
0.00000
0.00000
0.00000
0.00000
0.00000
0.00000
0.00000
0.00000
0.00000
0.00000
0.03943
0.14512
0.28128
0.42499
0.55207
0.64115
0.67722
0.65422
0.57603
0.45579
0.31374
0.17378
0.00000
0.00000
0.00000
0.00000
0.00000
0.00000
0.00000
0.00000
0.00000
0.00000
0.00000
0.00000
0.02408
0.08862
0.17176
0.25952
0.33713
0.39152
0.41355
0.39951
0.35176
0.27833
0.19159
0.10612
0.00000
0.00000
0.00000
0.00000
0.00000
0.00000
0.00000
0.00000
0.00000
0.00000
0.00000
0.00000
0.03782
0.13919
0.26978
0.40761
0.52951
0.61494
0.64954
0.62748
0.55248
0.43716
0.30091
0.16668
0.00000
0.00000
0.00000
0.00000
0.00000
0.00000
0.00000
0.00000
0.00000
0.00000
0.00000
0.00000
0.04440
0.16341
0.31673
0.47855
0.62165
0.72195
0.76257
0.73668
0.64862
0.51323
0.35328
0.19569
0.00000
0.00000
0.00000
0.00000
0.00000
0.00000
0.00000
0.00000
0.00000
0.00000
0.00000
0.00000
0.04215
0.15513
0.30067
0.45429
0.59014
0.68535
0.72391
0.69933
0.61574
0.48721
0.33537
0.18576
0.00000
0.00000
0.00000
0.00000
0.00000
0.00000
0.00000
0.00000
0.00000
0.00000
0.00000
0.00000
0.02378
0.08752
0.16963
0.25630
0.33294
0.38665
0.40841
0.39454
0.34738
0.27487
0.18921
0.10480
0.00000
0.00000
0.00000
0.00000
0.00000
0.00000
0.00000
0.00000
0.00000
0.00000
0.00000
0.00000
0.02760
0.10156
0.19685
0.29743
0.38637
0.44871
0.47396
0.45786
0.40314
0.31899
0.21957
0.12162
0.00000
0.00000
0.00000
0.00000
0.00000
0.00000
0.00000
0.00000
0.00000
0.00000
0.00000
0.00000
0.02703
0.09947
0.19281
0.29132
0.37843
0.43949
0.46421
0.44845
0.39485
0.31243
0.21506
0.11912
0.00000
0.00000
0.00000
0.00000
0.00000
0.00000
0.00000
0.00000
0.00000
0.00000
0.00000
0.00000
0.01665
0.06127
0.11875
0.17942
0.23307
0.27068
0.28591
0.27620
0.24319
0.19242
0.13245
0.07337
0.00000
0.00000
0.00000
0.00000
0.00000
0.00000
0.00000
0.00000
0.00000
0.00000
0.00000
0.00000
0.03304
0.12161
0.23570
0.35613
0.46263
0.53727
0.56750
0.54823
0.48270
0.38194
0.26291
0.14563
0.00000
0.00000
0.00000
0.00000
0.00000
