0.00000
0.00000
0.00000
0.00000
0.00000
0.00000
0.00000
0.04160
0.14412
0.28856
0.44952
0.59866
0.70976
0.76326
0.74976
0.67163
0.54261
0.38541
0.22768
0.00000
0.00000
0.00000
0.00000
0.00000
0.00000
0.00000
0.00000
0.00000
0.00000
0.00000
0.00000
0.04074
0.14117
0.28266
0.44032
0.58641
0.69523
0.74764
0.73441
0.65788
0.53151
0.37752
0.22302
0.00000
0.00000
0.00000
0.00000
0.00000
0.00000
0.00000
0.00000
0.00000
0.00000
0.00000
0.00000
0.04119
0.14270
0.28573
0.44510
0.59277
0.70278
0.75575
0.74238
0.66502
0.53727
0.38162
0.22544
0.00000
0.00000
0.00000
0.00000
0.00000
0.00000
0.00000
0.00000
0.00000
0.00000
0.00000
0.00000
0.03785
0.13113
0.26256
0.40900
0.54471
0.64579
0.69447
0.68219
0.61110
0.49371
0.35067
0.20716
0.00000
0.00000
0.00000
0.00000
0.00000
0.00000
0.00000
0.00000
0.00000
0.00000
0.00000
0.00000
0.04269
0.14790
0.29613
0.46130
0.61436
0.72837
0.78327
0.76942
0.68924
0.55684
0.39551
0.23365
0.00000
0.00000
0.00000
0.00000
0.00000
0.00000
0.00000
0.00000
0.00000
0.00000
0.00000
0.00000
0.02869
0.09939
0.19900
0.30999
0.41285
0.48946
0.52636
0.51705
0.46317
0.37419
0.26579
0.15701
0.00000
0.00000
0.00000
0.00000
0.00000
0.00000
0.00000
0.00000
0.00000
0.00000
0.00000
0.00000
0.04234
0.14669
0.29371
0.45753
0.60933
0.72240
0.77686
0.76312
0.68360
0.55228
0.39228
0.23173
0.00000
0.00000
0.00000
0.00000
0.00000
0.00000
0.00000
0.00000
0.00000
0.00000
0.00000
0.00000
0.04384
0.15189
0.30412
0.47374
0.63092
0.74801
0.80439
0.79017
0.70782
0.57185
0.40618
0.23995
0.00000
0.00000
0.00000
0.00000
0.00000
0.00000
0.00000
0.00000
0.00000
0.00000
0.00000
0.00000
0.04088
0.14164
0.28360
0.44179
0.58837
0.69755
0.75014
0.73687
0.66008
0.53328
0.37878
0.22376
0.00000
0.00000
0.00000
0.00000
0.00000
0.00000
0.00000
0.00000
0.00000
0.00000
0.00000
0.00000
0.03129
0.10843
0.21710
0.33819
0.45039
0.53397
0.57423
0.56407
0.50529
0.40822
0.28996
0.17129
0.00000
0.00000
0.00000
0.00000
0.00000
0.00000
0.00000
0.00000
0.00000
0.00000
0.00000
0.00000
0.02282
0.07906
0.15830
0.24659
0.32841
0.38935
0.41870
0.41130
0.36844
0.29766
0.21143
0.12490
0.00000
0.00000
0.00000
0.00000
0.00000
0.00000
0.00000
0.00000
0.00000
0.00000
0.00000
0.00000
0.03283
0.11377
0.22779
0.35484
0.47257
0.56027
0.60250
0.59185
0.53017
0.42833
0.30423
0.17972
0.00000
0.00000
0.00000
0.00000
0.00000
0.00000
0.00000
0.00000
0.00000
0.00000
0.00000
0.00000
0.02769
0.09594
0.19210
0.29925
0.39853
0.47249
0.50811
0.49912
0.44711
0.36122
0.25657
0.15157
0.00000
0.00000
0.00000
0.00000
0.00000
0.00000
0.00000
0.00000
0.00000
0.00000
0.00000
0.00000
0.04421
0.15318
0.30671
0.47778
0.63630
0.75438
0.81125
0.79690
0.71386
0.57673
0.40964
0.24199
0.00000
0.00000
0.00000
0.00000
0.00000
0.00000
0.00000
0.00000
0.00000
0.00000
0.00000
0.00000
0.03558
0.12329
0.24686
0.38455
0.51214
0.60718
0.65295
0.64140
0.57456
0.46419
0.32971
0.19477
0.00000
0.00000
0.00000
0.00000
0.00000
0.00000
0.00000
0.00000
0.00000
0.00000
0.00000
0.00000
0.04322
0.14974
0.29981
0.46704
0.62200
0.73743
0.79302
0.77899
0.69781
0.56377
0.40044
0.23655
0.00000
0.00000
0.00000
0.00000
0.00000
0.00000
0.00000
0.00000
0.00000
0.00000
0.00000
0.00000
0.03858
0.13366
0.26763
0.41690
0.55522
0.65826
0.70788
0.69536
0.62290
0.50324
0.35745
0.21116
0.00000
0.00000
0.00000
0.00000
0.00000
0.00000
0.00000
0.00000
0.00000
0.00000
0.00000
0.00000
0.02419
0.08383
0.16785
0.26147
0.34822
0.41284
0.44396
0.43610
0.39066
0.31562
0.22418
0.13243
0.00000
0.00000
0.00000
0.00000
0.00000
0.00000
0.00000
0.00000
0.00000
0.00000
0.00000
0.00000
0.04207
0.14576
0.29184
0.45462
0.60546
0.71782
0.77193
0.75828
0.67926
0.54878
0.38979
0.23026
0.00000
0.00000
0.00000
0.00000
0.00000
0.00000
0.00000
0.00000
0.00000
0.00000
0.00000
0.00000
0.03771
0.13064
0.26157
0.40747
0.54267
0.64337
0.69187
0.67963
0.60881
0.49186
0.34936
0.20638
0.00000
0.00000
0.00000
0.00000
0.00000
0.00000
0.00000
0.00000
0.00000
0.00000
0.00000
0.00000
0.04729
0.16386
0.32809
0.51109
0.68067
0.80698
0.86781
0.85246
0.76363
0.61694
0.43820
0.25886
0.00000
0.00000
0.00000
0.00000
0.00000
0.00000
0.00000
0.00000
0.00000
0.00000
0.00000
0.00000
0.04419
0.15312
0.30657
0.47757
0.63602
0.75405
0.81090
0.79655
0.71355
0.57648
0.40946
0.24189
0.00000
0.00000
0.00000
0.00000
0.00000
0.00000
0.00000
0.00000
0.00000
0.00000
0.00000
0.00000
0.04206
0.14574
0.29181
0.45457
0.60540
0.71774
0.77185
0.75820
0.67919
0.54872
0.38975
0.23024
0.00000
0.00000
0.00000
0.00000
0.00000
0.00000
0.00000
0.00000
0.00000
0.00000
0.00000
0.00000
0.03946
0.13672
0.27374
0.42643
0.56791
0.67330
0.72406
0.71125
0.63713
0.51474
0.36561
0.21598
0.00000
0.00000
0.00000
0.00000
0.00000
0.00000
0.00000
0.00000
0.00000
0.00000
0.00000
0.00000
0.04716
0.16341
0.32719
0.50969
0.67880
0.80476
0.86543
0.85012
0.76153
0.61524
0.43700
0.25815
0.00000
0.00000
0.00000
0.00000
0.00000
0.00000
0.00000
0.00000
0.00000
0.00000
0.00000
0.00000
0.03541
0.12270
0.24568
0.38271
0.50969
0.60427
0.64983
0.63833
0.57181
0.46197
0.32813
0.19384
0.00000
0.00000
0.00000
0.00000
0.00000
0.00000
0.00000
0.00000
0.00000
0.00000
0.00000
0.00000
0.05081
0.17605
0.35250
0.54912
0.73131
0.86702
0.93238
0.91588
0.82044
0.66284
0.47080
0.27812
0.00000
0.00000
0.00000
0.00000
0.00000
0.00000
0.00000
0.00000
0.00000
0.00000
0.00000
0.00000
0.03589
0.12434
0.24896
0.38783
0.51650
0.61235
0.65852
0.64687
0.57946
0.46815
0.33252
0.19643
0.00000
0.00000
0.00000
0.00000
0.00000
0.00000
0.00000
0.00000
0.00000
0.00000
0.00000
0.00000
0.03226
0.11176
0.22376
0.34857
0.46423
0.55037
0.59186
0.58139
0.52081
0.42076
0.29886
0.17655
0.00000
0.00000
0.00000
0.00000
0.00000
0.00000
0.00000
0.00000
0.00000
0.00000
0.00000
0.00000
0.04388
0.15204
0.30443
0.47423
0.63157
0.74877
0.80522
0.79098
0.70855
0.57244
0.40660
0.24019
0.00000
0.00000
0.00000
0.00000
0.00000
0.00000
0.00000
0.00000
0.00000
0.00000
0.00000
0.00000
0.03744
0.12974
0.25976
0.40465
0.53891
0.63892
0.68708
0.67493
0.60460
0.48846
0.34694
0.20495
0.00000
0.00000
0.00000
0.00000
0.00000
0.00000
0.00000
0.00000
0.00000
0.00000
0.00000
0.00000
0.00766
0.15480
0.32756
0.50247
0.65577
0.76666
0.82007
0.80875
0.73424
0.60665
0.44331
0.26641
0.09996
0.00000
0.00000
0.00000
0.00000
0.00000
0.00000
0.00000
0.00000
0.00000
0.00000
0.00000
0.00706
0.14276
0.30207
0.46337
0.60475
0.70701
0.75626
0.74582
0.67710
0.55944
0.40882
0.24568
0.09218
0.00000
0.00000
0.00000
0.00000
0.00000
0.00000
0.00000
0.00000
0.00000
0.00000
0.00000
0.00460
0.09291
0.19660
0.30158
0.39360
0.46016
0.49222
0.48542
0.44070
0.36412
0.26608
0.15990
0.06000
0.00000
0.00000
0.00000
0.00000
0.00000
0.00000
0.00000
0.00000
0.00000
0.00000
0.00000
0.00786
0.15882
0.33607
0.51552
0.67281
0.78657
0.84137
0.82976
0.75331
0.62240
0.45482
0.27333
0.10255
0.00000
0.00000
0.00000
0.00000
0.00000
0.00000
0.00000
0.00000
0.00000
0.00000
0.00000
0.00637
0.12878
0.27249
0.41800
0.54553
0.63778
0.68221
0.67279
0.61081
0.50467
0.36879
0.22162
0.08315
0.00000
0.00000
0.00000
0.00000
0.00000
0.00000
0.00000
0.00000
0.00000
0.00000
0.00000
0.00713
0.14420
0.30512
0.46805
0.61086
0.71415
0.76390
0.75336
0.68395
0.56510
0.41295
0.24816
0.09311
0.00000
0.00000
0.00000
0.00000
0.00000
0.00000
0.00000
0.00000
0.00000
0.00000
0.00000
0.00766
0.15488
0.32772
0.50272
0.65610
0.76705
0.82048
0.80916
0.73460
0.60695
0.44353
0.26654
0.10001
0.00000
0.00000
0.00000
0.00000
0.00000
0.00000
0.00000
0.00000
0.00000
0.00000
0.00000
0.00753
0.15231
0.32228
0.49438
0.64521
0.75432
0.80687
0.79573
0.72241
0.59688
0.43617
0.26212
0.09835
0.00000
0.00000
0.00000
0.00000
0.00000
0.00000
0.00000
0.00000
0.00000
0.00000
0.00000
0.00770
0.15566
0.32938
0.50527
0.65943
0.77093
0.82464
0.81326
0.73833
0.61003
0.44578
0.26789
0.10051
0.00000
0.00000
0.00000
0.00000
0.00000
0.00000
0.00000
0.00000
0.00000
0.00000
0.00000
0.00466
0.09415
0.19922
0.30561
0.39885
0.46629
0.49878
0.49189
0.44657
0.36897
0.26963
0.16203
0.06080
0.00000
0.00000
0.00000
0.00000
0.00000
0.00000
0.00000
0.00000
0.00000
0.00000
0.00000
0.00726
0.14672
0.31045
0.47622
0.62152
0.72662
0.77724
0.76651
0.69589
0.57496
0.42016
0.25249
0.09474
0.00000
0.00000
0.00000
0.00000
0.00000
0.00000
0.00000
0.00000
0.00000
0.00000
0.00000
0.00728
0.14725
0.31157
0.47794
0.62377
0.72925
0.78005
0.76928
0.69841
0.57704
0.42168
0.25340
0.09508
0.00000
0.00000
0.00000
0.00000
0.00000
0.00000
0.00000
0.00000
0.00000
0.00000
0.00000
0.00749
0.15144
0.32044
0.49155
0.64153
0.75001
0.80226
0.79119
0.71829
0.59347
0.43368
0.26062
0.09779
0.00000
0.00000
0.00000
0.00000
0.00000
0.00000
0.00000
0.00000
0.00000
0.00000
0.00000
0.00631
0.12766
0.27013
0.41437
0.54080
0.63224
0.67629
0.66695
0.60550
0.50028
0.36558
0.21970
0.08243
0.00000
0.00000
0.00000
0.00000
0.00000
0.00000
0.00000
0.00000
0.00000
0.00000
0.00000
0.00810
0.16385
0.34670
0.53184
0.69411
0.81148
0.86801
0.85603
0.77716
0.64211
0.46922
0.28198
0.10580
0.00000
0.00000
0.00000
0.00000
0.00000
0.00000
0.00000
0.00000
0.00000
0.00000
0.00000
0.00760
0.15374
0.32531
0.49902
0.65128
0.76141
0.81445
0.80321
0.72921
0.60249
0.44027
0.26458
0.09927
0.00000
0.00000
0.00000
0.00000
0.00000
0.00000
0.00000
0.00000
0.00000
0.00000
0.00000
0.00542
0.10956
0.23183
0.35562
0.46412
0.54260
0.58040
0.57239
0.51965
0.42935
0.31375
0.18855
0.07074
0.00000
0.00000
0.00000
0.00000
0.00000
0.00000
0.00000
0.00000
0.00000
0.00000
0.00000
0.00706
0.14275
0.30206
0.46335
0.60472
0.70697
0.75623
0.74579
0.67707
0.55942
0.40880
0.24567
0.09218
0.00000
0.00000
0.00000
0.00000
0.00000
0.00000
0.00000
0.00000
0.00000
0.00000
0.00000
0.00563
0.11383
0.24085
0.36946
0.48219
0.56373
0.60300
0.59468
0.53989
0.44607
0.32597
0.19589
0.07350
0.00000
0.00000
0.00000
0.00000
0.00000
0.00000
0.00000
0.00000
0.00000
0.00000
0.00000
0.00746
0.15081
0.31911
0.48951
0.63886
0.74689
0.79892
0.78789
0.71530
0.59100
0.43188
0.25953
0.09738
0.00000
0.00000
0.00000
0.00000
0.00000
0.00000
0.00000
0.00000
0.00000
0.00000
0.00000
0.00627
0.12683
0.26838
0.41168
0.53729
0.62814
0.67190
0.66263
0.60158
0.49704
0.36321
0.21827
0.08190
0.00000
0.00000
0.00000
0.00000
0.00000
0.00000
0.00000
0.00000
0.00000
0.00000
0.00000
0.00570
0.11528
0.24392
0.37417
0.48833
0.57091
0.61068
0.60225
0.54676
0.45175
0.33012
0.19838
0.07443
0.00000
0.00000
0.00000
0.00000
0.00000
0.00000
0.00000
0.00000
0.00000
0.00000
0.00000
0.00659
0.13314
0.28173
0.43217
0.56403
0.65940
0.70534
0.69561
0.63152
0.52178
0.38129
0.22914
0.08597
0.00000
0.00000
0.00000
0.00000
0.00000
0.00000
0.00000
0.00000
0.00000
0.00000
0.00000
0.00678
0.13704
0.28998
0.44481
0.58053
0.67870
0.72598
0.71596
0.64999
0.53704
0.39245
0.23584
0.08849
0.00000
0.00000
0.00000
0.00000
0.00000
0.00000
0.00000
0.00000
0.00000
0.00000
0.00000
0.00756
0.15293
0.32360
0.49639
0.64785
0.75739
0.81016
0.79898
0.72536
0.59932
0.43795
0.26319
0.09875
0.00000
0.00000
0.00000
0.00000
0.00000
0.00000
0.00000
0.00000
0.00000
0.00000
0.00000
0.00711
0.14372
0.30411
0.46650
0.60884
0.71179
0.76137
0.75086
0.68168
0.56323
0.41158
0.24734
0.09280
0.00000
0.00000
0.00000
0.00000
0.00000
0.00000
0.00000
0.00000
0.00000
0.00000
0.00000
0.00796
0.16089
0.34044
0.52222
0.68155
0.79680
0.85231
0.84055
0.76310
0.63050
0.46074
0.27688
0.10389
0.00000
0.00000
0.00000
0.00000
0.00000
0.00000
0.00000
0.00000
0.00000
0.00000
0.00000
0.00723
0.14625
0.30945
0.47469
0.61953
0.72429
0.77475
0.76405
0.69365
0.57312
0.41881
0.25168
0.09443
0.00000
0.00000
0.00000
0.00000
0.00000
0.00000
0.00000
0.00000
0.00000
0.00000
0.00506
0.04843
0.14826
0.28712
0.44076
0.58235
0.68714
0.73685
0.72278
0.64739
0.52385
0.37375
0.22329
0.09876
0.00000
0.00000
0.00000
0.00000
0.00000
0.00000
0.00000
0.00000
0.00000
0.00000
0.00535
0.05121
0.15679
0.30365
0.46613
0.61586
0.72669
0.77925
0.76437
0.68465
0.55400
0.39526
0.23614
0.10444
0.00000
0.00000
0.00000
0.00000
0.00000
0.00000
0.00000
0.00000
0.00000
0.00000
0.00519
0.04962
0.15191
0.29420
0.45163
0.59670
0.70408
0.75501
0.74059
0.66335
0.53677
0.38296
0.22879
0.10119
0.00000
0.00000
0.00000
0.00000
0.00000
0.00000
0.00000
0.00000
0.00000
0.00000
0.00578
0.05529
0.16927
0.32781
0.50322
0.66486
0.78451
0.84125
0.82519
0.73912
0.59808
0.42671
0.25493
0.11275
0.00000
0.00000
0.00000
0.00000
0.00000
0.00000
0.00000
0.00000
0.00000
0.00000
0.00376
0.03595
0.11007
0.21317
0.32725
0.43237
0.51017
0.54707
0.53663
0.48066
0.38894
0.27749
0.16578
0.07332
0.00000
0.00000
0.00000
0.00000
0.00000
0.00000
0.00000
0.00000
0.00000
0.00000
0.00413
0.03951
0.12097
0.23428
0.35964
0.47517
0.56067
0.60123
0.58975
0.52824
0.42744
0.30496
0.18219
0.08058
0.00000
0.00000
0.00000
0.00000
0.00000
0.00000
0.00000
0.00000
0.00000
0.00000
0.00478
0.04571
0.13994
0.27102
0.41604
0.54969
0.64860
0.69552
0.68224
0.61108
0.49447
0.35279
0.21077
0.09322
0.00000
0.00000
0.00000
0.00000
0.00000
0.00000
0.00000
0.00000
0.00000
0.00000
0.00522
0.04992
0.15284
0.29600
0.45439
0.60036
0.70839
0.75963
0.74513
0.66741
0.54006
0.38531
0.23019
0.10181
0.00000
0.00000
0.00000
0.00000
0.00000
0.00000
0.00000
0.00000
0.00000
0.00000
0.00390
0.03733
0.11430
0.22136
0.33981
0.44896
0.52975
0.56807
0.55722
0.49910
0.40387
0.28814
0.17214
0.07614
0.00000
0.00000
0.00000
0.00000
0.00000
0.00000
0.00000
0.00000
0.00000
0.00000
0.00380
0.03633
0.11121
0.21538
0.33063
0.43684
0.51545
0.55274
0.54218
0.48563
0.39296
0.28036
0.16750
0.07408
0.00000
0.00000
0.00000
0.00000
0.00000
0.00000
0.00000
0.00000
0.00000
0.00000
0.00443
0.04235
0.12967
0.25113
0.38551
0.50934
0.60100
0.64447
0.63217
0.56623
0.45818
0.32689
0.19530
0.08638
0.00000
0.00000
0.00000
0.00000
0.00000
0.00000
0.00000
0.00000
0.00000
0.00000
0.00525
0.05018
0.15361
0.29750
0.45669
0.60339
0.71197
0.76347
0.74889
0.67078
0.54278
0.38725
0.23136
0.10233
0.00000
0.00000
0.00000
0.00000
0.00000
0.00000
0.00000
0.00000
0.00000
0.00000
0.00383
0.03666
0.11225
0.21739
0.33372
0.44092
0.52026
0.55790
0.54724
0.49016
0.39663
0.28298
0.16906
0.07477
0.00000
0.00000
0.00000
0.00000
0.00000
0.00000
0.00000
0.00000
0.00000
0.00000
0.00519
0.04960
0.15185
0.29408
0.45145
0.59646
0.70380
0.75471
0.74029
0.66308
0.53655
0.38281
0.22870
0.10115
0.00000
0.00000
0.00000
0.00000
0.00000
0.00000
0.00000
0.00000
0.00000
0.00000
0.00371
0.03550
0.10870
0.21051
0.32316
0.42697
0.50380
0.54024
0.52993
0.47465
0.38408
0.27403
0.16371
0.07241
0.00000
0.00000
0.00000
0.00000
0.00000
0.00000
0.00000
0.00000
0.00000
0.00000
0.00595
0.05690
0.17419
0.33734
0.51786
0.68420
0.80733
0.86573
0.84920
0.76062
0.61548
0.43912
0.26234
0.11603
0.00000
0.00000
0.00000
0.00000
0.00000
0.00000
0.00000
0.00000
0.00000
0.00000
0.00544
0.05204
0.15932
0.30855
0.47366
0.62581
0.73843
0.79184
0.77672
0.69571
0.56296
0.40165
0.23996
0.10613
0.00000
0.00000
0.00000
0.00000
0.00000
0.00000
0.00000
0.00000
0.00000
0.00000
0.00572
0.05471
0.16748
0.32435
0.49792
0.65786
0.77625
0.83240
0.81650
0.73134
0.59179
0.42222
0.25224
0.11156
0.00000
0.00000
0.00000
0.00000
0.00000
0.00000
0.00000
0.00000
0.00000
0.00000
0.00439
0.04203
0.12868
0.24920
0.38255
0.50544
0.59639
0.63953
0.62732
0.56189
0.45467
0.32439
0.19380
0.08571
0.00000
0.00000
0.00000
0.00000
0.00000
0.00000
0.00000
0.00000
0.00000
0.00000
0.00569
0.05439
0.16651
0.32247
0.49503
0.65405
0.77175
0.82757
0.81177
0.72710
0.58835
0.41977
0.25078
0.11092
0.00000
0.00000
0.00000
0.00000
0.00000
0.00000
0.00000
0.00000
0.00000
0.00000
0.00573
0.05485
0.16793
0.32521
0.49924
0.65960
0.77830
0.83460
0.81866
0.73327
0.59335
0.42333
0.25291
0.11186
0.00000
0.00000
0.00000
0.00000
0.00000
0.00000
0.00000
0.00000
0.00000
0.00000
0.00521
0.04986
0.15264
0.29561
0.45379
0.59955
0.70745
0.75862
0.74413
0.66652
0.53933
0.38479
0.22989
0.10167
0.00000
0.00000
0.00000
0.00000
0.00000
0.00000
0.00000
0.00000
0.00000
0.00000
0.00516
0.04940
0.15125
0.29292
0.44967
0.59411
0.70102
0.75173
0.73737
0.66046
0.53443
0.38130
0.22780
0.10075
0.00000
0.00000
0.00000
0.00000
0.00000
0.00000
0.00000
0.00000
0.00000
0.00000
0.00377
0.03609
0.11049
0.21399
0.32849
0.43401
0.51211
0.54916
0.53867
0.48249
0.39042
0.27855
0.16641
0.07360
0.00000
0.00000
0.00000
0.00000
0.00000
0.00000
0.00000
0.00000
0.00000
0.00000
0.00457
0.04372
0.13386
0.25924
0.39796
0.52580
0.62042
0.66530
0.65259
0.58453
0.47299
0.33746
0.20161
0.08917
0.00000
0.00000
0.00000
0.00000
0.00000
0.00000
0.00000
0.00000
0.00000
0.00000
0.00341
0.03266
0.09999
0.19364
0.29726
0.39275
0.46343
0.49695
0.48746
0.43662
0.35330
0.25207
0.15059
0.06660
0.00000
0.00000
0.00000
0.00000
0.00000
0.00000
0.00000
0.00000
0.00000
0.00000
0.00485
0.04637
0.14197
0.27494
0.42206
0.55763
0.65798
0.70557
0.69210
0.61991
0.50162
0.35789
0.21381
0.09457
0.00000
0.00000
0.00000
0.00000
0.00000
0.00000
0.00000
0.00000
0.00000
0.00000
0.00390
0.03731
0.11423
0.22121
0.33959
0.44867
0.52941
0.56771
0.55687
0.49878
0.40361
0.28796
0.17203
0.07609
0.00000
0.00000
0.00000
0.00000
0.00000
0.00000
0.00000
0.00000
0.00000
0.00000
0.00265
0.02537
0.07766
0.15039
0.23087
0.30503
0.35993
0.38596
0.37859
0.33910
0.27440
0.19577
0.11696
0.05173
0.00000
0.00000
0.00000
0.00000
0.00000
0.00000
0.00000
0.00000
0.00000
0.00000
0.00630
0.06022
0.18438
0.35708
0.54815
0.72423
0.85456
0.91638
0.89888
0.80512
0.65149
0.46481
0.27769
0.12282
0.00000
0.00000
0.00000
0.00000
0.00000
0.00000
0.00000
0.00000
0.00000
0.00000
0.00344
0.03287
0.10064
0.19490
0.29919
0.39530
0.46643
0.50017
0.49062
0.43945
0.35559
0.25370
0.15157
0.06704
0.00000
0.00000
0.00000
0.00000
0.00000
0.00000
0.00000
0.00000
0.00000
0.00000
0.00000
0.03963
0.12635
0.24371
0.37199
0.48965
0.57693
0.61917
0.60927
0.54891
0.44821
0.32408
0.19739
0.00000
0.00000
0.00000
0.00000
0.00000
0.00000
0.00000
0.00000
0.00000
0.00000
0.00000
0.00000
0.04263
0.13592
0.26216
0.40016
0.52673
0.62062
0.66606
0.65542
0.59048
0.48215
0.34863
0.21234
0.00000
0.00000
0.00000
0.00000
0.00000
0.00000
0.00000
0.00000
0.00000
0.00000
0.00000
0.00000
0.03286
0.10476
0.20206
0.30842
0.40597
0.47833
0.51335
0.50515
0.45510
0.37161
0.26870
0.16365
0.00000
0.00000
0.00000
0.00000
0.00000
0.00000
0.00000
0.00000
0.00000
0.00000
0.00000
0.00000
0.05262
0.16777
0.32359
0.49392
0.65015
0.76604
0.82212
0.80898
0.72883
0.59512
0.43031
0.26209
0.00000
0.00000
0.00000
0.00000
0.00000
0.00000
0.00000
0.00000
0.00000
0.00000
0.00000
0.00000
0.04633
0.14770
0.28488
0.43484
0.57238
0.67441
0.72378
0.71222
0.64165
0.52394
0.37884
0.23074
0.00000
0.00000
0.00000
0.00000
0.00000
0.00000
0.00000
0.00000
0.00000
0.00000
0.00000
0.00000
0.02703
0.08617
0.16621
0.25369
0.33394
0.39346
0.42227
0.41552
0.37435
0.30568
0.22102
0.13462
0.00000
0.00000
0.00000
0.00000
0.00000
0.00000
0.00000
0.00000
0.00000
0.00000
0.00000
0.00000
0.04076
0.12993
0.25061
0.38253
0.50352
0.59327
0.63671
0.62653
0.56446
0.46090
0.33327
0.20298
0.00000
0.00000
0.00000
0.00000
0.00000
0.00000
0.00000
0.00000
0.00000
0.00000
0.00000
0.00000
0.04037
0.12869
0.24822
0.37888
0.49872
0.58761
0.63063
0.62056
0.55907
0.45651
0.33009
0.20104
0.00000
0.00000
0.00000
0.00000
0.00000
0.00000
0.00000
0.00000
0.00000
0.00000
0.00000
0.00000
0.04528
0.14435
0.27842
0.42498
0.55940
0.65912
0.70737
0.69607
0.62710
0.51205
0.37025
0.22551
0.00000
0.00000
0.00000
0.00000
0.00000
0.00000
0.00000
0.00000
0.00000
0.00000
0.00000
0.00000
0.04320
0.13771
0.26562
0.40544
0.53368
0.62881
0.67484
0.66406
0.59826
0.48851
0.35323
0.21514
0.00000
0.00000
0.00000
0.00000
0.00000
0.00000
0.00000
0.00000
0.00000
0.00000
0.00000
0.00000
0.04775
0.15222
0.29361
0.44816
0.58991
0.69506
0.74595
0.73403
0.66130
0.53998
0.39045
0.23781
0.00000
0.00000
0.00000
0.00000
0.00000
0.00000
0.00000
0.00000
0.00000
0.00000
0.00000
0.00000
0.04196
0.13376
0.25800
0.39380
0.51836
0.61076
0.65548
0.64501
0.58110
0.47449
0.34309
0.20896
0.00000
0.00000
0.00000
0.00000
0.00000
0.00000
0.00000
0.00000
0.00000
0.00000
0.00000
0.00000
0.04107
0.13095
0.25257
0.38551
0.50745
0.59790
0.64168
0.63143
0.56886
0.46450
0.33587
0.20456
0.00000
0.00000
0.00000
0.00000
0.00000
0.00000
0.00000
0.00000
0.00000
0.00000
0.00000
0.00000
0.04052
0.12917
0.24915
0.38029
0.50058
0.58980
0.63299
0.62287
0.56116
0.45821
0.33132
0.20179
0.00000
0.00000
0.00000
0.00000
0.00000
0.00000
0.00000
0.00000
0.00000
0.00000
0.00000
0.00000
0.03863
0.12315
0.23753
0.36256
0.47723
0.56230
0.60347
0.59383
0.53499
0.43684
0.31587
0.19238
0.00000
0.00000
0.00000
0.00000
0.00000
0.00000
0.00000
0.00000
0.00000
0.00000
0.00000
0.00000
0.05744
0.18312
0.35320
0.53911
0.70963
0.83612
0.89734
0.88300
0.79551
0.64957
0.46968
0.28607
0.00000
0.00000
0.00000
0.00000
0.00000
0.00000
0.00000
0.00000
0.00000
0.00000
0.00000
0.00000
0.04595
0.14649
0.28255
0.43127
0.56769
0.66888
0.71785
0.70638
0.63639
0.51964
0.37574
0.22885
0.00000
0.00000
0.00000
0.00000
0.00000
0.00000
0.00000
0.00000
0.00000
0.00000
0.00000
0.00000
0.03680
0.11733
0.22630
0.34542
0.45468
0.53573
0.57495
0.56576
0.50971
0.41620
0.30094
0.18329
0.00000
0.00000
0.00000
0.00000
0.00000
0.00000
0.00000
0.00000
0.00000
0.00000
0.00000
0.00000
0.03381
0.10778
0.20789
0.31731
0.41768
0.49213
0.52816
0.51972
0.46823
0.38233
0.27645
0.16838
0.00000
0.00000
0.00000
0.00000
0.00000
0.00000
0.00000
0.00000
0.00000
0.00000
0.00000
0.00000
0.03775
0.12035
0.23214
0.35433
0.46641
0.54955
0.58978
0.58036
0.52286
0.42693
0.30870
0.18802
0.00000
0.00000
0.00000
0.00000
0.00000
0.00000
0.00000
0.00000
0.00000
0.00000
0.00000
0.00000
0.04584
0.14615
0.28189
0.43027
0.56637
0.66732
0.71618
0.70473
0.63491
0.51843
0.37486
0.22831
0.00000
0.00000
0.00000
0.00000
0.00000
0.00000
0.00000
0.00000
0.00000
0.00000
0.00000
0.00000
0.04056
0.12931
0.24942
0.38071
0.50113
0.59046
0.63369
0.62356
0.56178
0.45871
0.33168
0.20202
0.00000
0.00000
0.00000
0.00000
0.00000
0.00000
0.00000
0.00000
0.00000
0.00000
0.00000
0.00000
0.03971
0.12661
0.24420
0.37274
0.49064
0.57810
0.62043
0.61051
0.55002
0.44912
0.32474
0.19779
0.00000
0.00000
0.00000
0.00000
0.00000
0.00000
0.00000
0.00000
0.00000
0.00000
0.00000
0.00000
0.04858
0.15487
0.29870
0.45593
0.60015
0.70712
0.75890
0.74677
0.67278
0.54935
0.39722
0.24193
0.00000
0.00000
0.00000
0.00000
0.00000
0.00000
0.00000
0.00000
0.00000
0.00000
0.00000
0.00000
0.03965
0.12641
0.24382
0.37215
0.48987
0.57719
0.61944
0.60955
0.54915
0.44841
0.32423
0.19748
0.00000
0.00000
0.00000
0.00000
0.00000
0.00000
0.00000
0.00000
0.00000
0.00000
0.00000
0.00000
0.04082
0.13012
0.25098
0.38310
0.50427
0.59416
0.63766
0.62747
0.56530
0.46159
0.33376
0.20328
0.00000
0.00000
0.00000
0.00000
0.00000
0.00000
0.00000
0.00000
0.00000
0.00000
0.00000
0.00000
0.04172
0.13300
0.25653
0.39155
0.51540
0.60727
0.65174
0.64132
0.57778
0.47178
0.34113
0.20777
0.00000
0.00000
0.00000
0.00000
0.00000
0.00000
0.00000
0.00000
0.00000
0.00000
0.00000
0.00000
0.01261
0.04020
0.07755
0.11836
0.15580
0.18357
0.19701
0.19387
0.17466
0.14261
0.10312
0.06281
0.00000
0.00000
0.00000
0.00000
0.00000
0.00000
0.00000
0.00000
0.00000
0.00000
0.00000
0.00000
0.03074
0.09801
0.18903
0.28853
0.37980
0.44750
0.48026
0.47259
0.42576
0.34765
0.25138
0.15311
0.00000
0.00000
0.00000
0.00000
0.00000
0.00000
0.00000
0.00000
0.00000
0.00000
0.00000
0.00000
0.04478
0.14276
0.27535
0.42029
0.55323
0.65184
0.69957
0.68839
0.62018
0.50640
0.36616
0.22302
0.00000
0.00000
0.00000
0.00000
0.00000
0.00000
0.00000
0.00000
0.00000
0.00000
0.00000
0.00207
0.04677
0.12332
0.22000
0.32204
0.41384
0.48135
0.51425
0.50752
0.46219
0.38517
0.28826
0.18627
0.00000
0.00000
0.00000
0.00000
0.00000
0.00000
0.00000
0.00000
0.00000
0.00000
0.00000
0.00183
0.04124
0.10874
0.19400
0.28398
0.36492
0.42445
0.45347
0.44753
0.40755
0.33964
0.25419
0.16425
0.00000
0.00000
0.00000
0.00000
0.00000
0.00000
0.00000
0.00000
0.00000
0.00000
0.00000
0.00292
0.06587
0.17366
0.30981
0.45350
0.58276
0.67783
0.72416
0.71469
0.65084
0.54239
0.40592
0.26230
0.00000
0.00000
0.00000
0.00000
0.00000
0.00000
0.00000
0.00000
0.00000
0.00000
0.00000
0.00181
0.04079
0.10753
0.19184
0.28082
0.36087
0.41974
0.44843
0.44256
0.40303
0.33587
0.25136
0.16243
0.00000
0.00000
0.00000
0.00000
0.00000
0.00000
0.00000
0.00000
0.00000
0.00000
0.00000
0.00244
0.05506
0.14516
0.25898
0.37909
0.48714
0.56661
0.60535
0.59743
0.54406
0.45340
0.33932
0.21926
0.00000
0.00000
0.00000
0.00000
0.00000
0.00000
0.00000
0.00000
0.00000
0.00000
0.00000
0.00251
0.05670
0.14948
0.26667
0.39035
0.50162
0.58345
0.62334
0.61518
0.56022
0.46688
0.34941
0.22578
0.00000
0.00000
0.00000
0.00000
0.00000
0.00000
0.00000
0.00000
0.00000
0.00000
0.00000
0.00238
0.05370
0.14159
0.25260
0.36976
0.47515
0.55267
0.59045
0.58272
0.53067
0.44224
0.33097
0.21387
0.00000
0.00000
0.00000
0.00000
0.00000
0.00000
0.00000
0.00000
0.00000
0.00000
0.00000
0.00264
0.05972
0.15744
0.28088
0.41115
0.52834
0.61453
0.65654
0.64795
0.59007
0.49175
0.36802
0.23781
0.00000
0.00000
0.00000
0.00000
0.00000
0.00000
0.00000
0.00000
0.00000
0.00000
0.00000
0.00264
0.05965
0.15726
0.28055
0.41067
0.52772
0.61381
0.65577
0.64719
0.58938
0.49117
0.36759
0.23753
0.00000
0.00000
0.00000
0.00000
0.00000
0.00000
0.00000
0.00000
0.00000
0.00000
0.00000
0.00259
0.05842
0.15402
0.27477
0.40220
0.51685
0.60116
0.64226
0.63385
0.57723
0.48105
0.36001
0.23263
0.00000
0.00000
0.00000
0.00000
0.00000
0.00000
0.00000
0.00000
0.00000
0.00000
0.00000
0.00270
0.06102
0.16088
0.28702
0.42014
0.53990
0.62797
0.67090
0.66212
0.60297
0.50250
0.37607
0.24301
0.00000
0.00000
0.00000
0.00000
0.00000
0.00000
0.00000
0.00000
0.00000
0.00000
0.00000
0.00272
0.06143
0.16196
0.28894
0.42296
0.54351
0.63218
0.67540
0.66656
0.60701
0.50587
0.37859
0.24464
0.00000
0.00000
0.00000
0.00000
0.00000
0.00000
0.00000
0.00000
0.00000
0.00000
0.00000
0.00118
0.02676
0.07055
0.12586
0.18424
0.23675
0.27537
0.29420
0.29035
0.26441
0.22035
0.16491
0.10656
0.00000
0.00000
0.00000
0.00000
0.00000
0.00000
0.00000
0.00000
0.00000
0.00000
0.00000
0.00274
0.06187
0.16313
0.29103
0.42601
0.54743
0.63674
0.68027
0.67136
0.61139
0.50952
0.38132
0.24640
0.00000
0.00000
0.00000
0.00000
0.00000
0.00000
0.00000
0.00000
0.00000
0.00000
0.00000
0.00179
0.04041
0.10655
0.19009
0.27825
0.35756
0.41589
0.44433
0.43851
0.39934
0.33280
0.24906
0.16094
0.00000
0.00000
0.00000
0.00000
0.00000
0.00000
0.00000
0.00000
0.00000
0.00000
0.00000
0.00257
0.05811
0.15320
0.27331
0.40008
0.51411
0.59798
0.63886
0.63050
0.57417
0.47850
0.35811
0.23140
0.00000
0.00000
0.00000
0.00000
0.00000
0.00000
0.00000
0.00000
0.00000
0.00000
0.00000
0.00223
0.05029
0.13259
0.23655
0.34627
0.44496
0.51755
0.55293
0.54569
0.49695
0.41414
0.30994
0.20028
0.00000
0.00000
0.00000
0.00000
0.00000
0.00000
0.00000
0.00000
0.00000
0.00000
0.00000
0.00287
0.06483
0.17091
0.30491
0.44634
0.57356
0.66712
0.71273
0.70340
0.64056
0.53383
0.39951
0.25816
0.00000
0.00000
0.00000
0.00000
0.00000
0.00000
0.00000
0.00000
0.00000
0.00000
0.00000
0.00254
0.05730
0.15108
0.26954
0.39455
0.50701
0.58972
0.63004
0.62179
0.56624
0.47189
0.35316
0.22821
0.00000
0.00000
0.00000
0.00000
0.00000
0.00000
0.00000
0.00000
0.00000
0.00000
0.00000
0.00262
0.05917
0.15600
0.27831
0.40739
0.52351
0.60891
0.65054
0.64203
0.58467
0.48725
0.36466
0.23563
0.00000
0.00000
0.00000
0.00000
0.00000
0.00000
0.00000
0.00000
0.00000
0.00000
0.00000
0.00198
0.04482
0.11817
0.21082
0.30859
0.39655
0.46124
0.49278
0.48633
0.44288
0.36909
0.27622
0.17849
0.00000
0.00000
0.00000
0.00000
0.00000
0.00000
0.00000
0.00000
0.00000
0.00000
0.00000
0.00239
0.05397
0.14230
0.25387
0.37161
0.47754
0.55544
0.59341
0.58564
0.53333
0.44446
0.33263
0.21494
0.00000
0.00000
0.00000
0.00000
0.00000
0.00000
0.00000
0.00000
0.00000
0.00000
0.00000
0.00201
0.04532
0.11948
0.21315
0.31201
0.40095
0.46635
0.49824
0.49171
0.44779
0.37318
0.27928
0.18047
0.00000
0.00000
0.00000
0.00000
0.00000
0.00000
0.00000
0.00000
0.00000
0.00000
0.00000
0.00262
0.05920
0.15608
0.27844
0.40759
0.52376
0.60921
0.65085
0.64234
0.58496
0.48749
0.36483
0.23575
0.00000
0.00000
0.00000
0.00000
0.00000
0.00000
0.00000
0.00000
0.00000
0.00000
0.00000
0.00137
0.03096
0.08163
0.14563
0.21317
0.27393
0.31862
0.34040
0.33595
0.30594
0.25496
0.19081
0.12330
0.00000
0.00000
0.00000
0.00000
0.00000
0.00000
0.00000
0.00000
0.00000
0.00000
0.00000
0.00177
0.04007
0.10565
0.18849
0.27591
0.35456
0.41240
0.44059
0.43482
0.39598
0.33000
0.24697
0.15959
0.00000
0.00000
0.00000
0.00000
0.00000
0.00000
0.00000
0.00000
0.00000
0.00000
0.00000
0.00229
0.05161
0.13608
0.24276
0.35536
0.45665
0.53114
0.56745
0.56003
0.51000
0.42502
0.31808
0.20554
0.00000
0.00000
0.00000
0.00000
0.00000
0.00000
0.00000
0.00000
0.00000
0.00000
0.00000
0.00257
0.05794
0.15276
0.27253
0.39893
0.51264
0.59627
0.63704
0.62870
0.57254
0.47714
0.35709
0.23074
0.00000
0.00000
0.00000
0.00000
0.00000
0.00000
0.00000
0.00000
0.00000
0.00000
0.00000
0.00216
0.04886
0.12881
0.22980
0.33639
0.43227
0.50279
0.53716
0.53013
0.48277
0.40233
0.30110
0.19457
0.00000
0.00000
0.00000
0.00000
0.00000
0.00000
0.00000
0.00000
0.00000
0.00000
0.00000
0.00279
0.06301
0.16613
0.29638
0.43385
0.55751
0.64846
0.69278
0.68372
0.62264
0.51889
0.38834
0.25093
0.00000
0.00000
0.00000
0.00000
0.00000
0.00000
0.00000
0.00000
0.00000
0.00000
0.00000
0.00283
0.06400
0.16873
0.30101
0.44062
0.56621
0.65858
0.70361
0.69440
0.63237
0.52700
0.39440
0.25485
0.00000
0.00000
0.00000
0.00000
0.00000
0.00000
0.00000
0.00000
0.00000
0.00000
0.00000
0.01263
0.07809
0.18149
0.30797
0.43935
0.55674
0.64328
0.68651
0.68023
0.62534
0.52973
0.40714
0.27520
0.00000
0.00000
0.00000
0.00000
0.00000
0.00000
0.00000
0.00000
0.00000
0.00000
0.00000
0.01172
0.07243
0.16834
0.28565
0.40751
0.51640
0.59666
0.63677
0.63094
0.58003
0.49134
0.37764
0.25525
0.00000
0.00000
0.00000
0.00000
0.00000
0.00000
0.00000
0.00000
0.00000
0.00000
0.00000
0.00989
0.06112
0.14205
0.24105
0.34389
0.43577
0.50351
0.53735
0.53243
0.48947
0.41463
0.31868
0.21540
0.00000
0.00000
0.00000
0.00000
0.00000
0.00000
0.00000
0.00000
0.00000
0.00000
0.00000
0.01364
0.08428
0.19587
0.33238
0.47417
0.60087
0.69427
0.74093
0.73415
0.67491
0.57172
0.43941
0.29701
0.00000
0.00000
0.00000
0.00000
0.00000
0.00000
0.00000
0.00000
0.00000
0.00000
0.00000
0.01171
0.07235
0.16815
0.28534
0.40707
0.51584
0.59602
0.63608
0.63026
0.57940
0.49081
0.37723
0.25498
0.00000
0.00000
0.00000
0.00000
0.00000
0.00000
0.00000
0.00000
0.00000
0.00000
0.00000
0.01044
0.06456
0.15004
0.25460
0.36321
0.46027
0.53180
0.56755
0.56236
0.51698
0.43793
0.33659
0.22751
0.00000
0.00000
0.00000
0.00000
0.00000
0.00000
0.00000
0.00000
0.00000
0.00000
0.00000
0.01464
0.09051
0.21036
0.35697
0.50925
0.64532
0.74562
0.79574
0.78846
0.72484
0.61401
0.47192
0.31898
0.00000
0.00000
0.00000
0.00000
0.00000
0.00000
0.00000
0.00000
0.00000
0.00000
0.00000
0.01215
0.07509
0.17451
0.29613
0.42246
0.53534
0.61855
0.66012
0.65408
0.60130
0.50936
0.39149
0.26461
0.00000
0.00000
0.00000
0.00000
0.00000
0.00000
0.00000
0.00000
0.00000
0.00000
0.00000
0.00981
0.06063
0.14091
0.23911
0.34111
0.43226
0.49945
0.53301
0.52814
0.48552
0.41129
0.31611
0.21366
0.00000
0.00000
0.00000
0.00000
0.00000
0.00000
0.00000
0.00000
0.00000
0.00000
0.00000
0.01272
0.07865
0.18278
0.31016
0.44248
0.56071
0.64787
0.69141
0.68508
0.62980
0.53351
0.41004
0.27716
0.00000
0.00000
0.00000
0.00000
0.00000
0.00000
0.00000
0.00000
0.00000
0.00000
0.00000
0.00629
0.03890
0.09040
0.15340
0.21883
0.27731
0.32041
0.34194
0.33882
0.31148
0.26385
0.20279
0.13707
0.00000
0.00000
0.00000
0.00000
0.00000
0.00000
0.00000
0.00000
0.00000
0.00000
0.00000
0.00686
0.04238
0.09850
0.16714
0.23844
0.30216
0.34912
0.37259
0.36918
0.33939
0.28750
0.22097
0.14936
0.00000
0.00000
0.00000
0.00000
0.00000
0.00000
0.00000
0.00000
0.00000
0.00000
0.00000
0.01167
0.07214
0.16766
0.28450
0.40587
0.51431
0.59425
0.63419
0.62839
0.57768
0.48936
0.37611
0.25422
0.00000
0.00000
0.00000
0.00000
0.00000
0.00000
0.00000
0.00000
0.00000
0.00000
0.00000
0.01063
0.06567
0.15263
0.25899
0.36948
0.46820
0.54097
0.57733
0.57205
0.52589
0.44549
0.34239
0.23143
0.00000
0.00000
0.00000
0.00000
0.00000
0.00000
0.00000
0.00000
0.00000
0.00000
0.00000
0.01003
0.06199
0.14407
0.24447
0.34877
0.44196
0.51065
0.54497
0.53999
0.49641
0.42051
0.32320
0.21846
0.00000
0.00000
0.00000
0.00000
0.00000
0.00000
0.00000
0.00000
0.00000
0.00000
0.00000
0.01163
0.07187
0.16704
0.28345
0.40437
0.51242
0.59206
0.63186
0.62608
0.57556
0.48756
0.37473
0.25329
0.00000
0.00000
0.00000
0.00000
0.00000
0.00000
0.00000
0.00000
0.00000
0.00000
0.00000
0.01089
0.06729
0.15638
0.26537
0.37858
0.47973
0.55430
0.59155
0.58614
0.53884
0.45646
0.35082
0.23713
0.00000
0.00000
0.00000
0.00000
0.00000
0.00000
0.00000
0.00000
0.00000
0.00000
0.00000
0.01005
0.06212
0.14439
0.24501
0.34953
0.44293
0.51177
0.54617
0.54117
0.49750
0.42143
0.32391
0.21894
0.00000
0.00000
0.00000
0.00000
0.00000
0.00000
0.00000
0.00000
0.00000
0.00000
0.00000
0.01250
0.07724
0.17952
0.30462
0.43457
0.55069
0.63629
0.67905
0.67284
0.61855
0.52397
0.40272
0.27220
0.00000
0.00000
0.00000
0.00000
0.00000
0.00000
0.00000
0.00000
0.00000
0.00000
0.00000
0.00882
0.05449
0.12665
0.21491
0.30659
0.38851
0.44889
0.47906
0.47468
0.43638
0.36966
0.28411
0.19204
0.00000
0.00000
0.00000
0.00000
0.00000
0.00000
0.00000
0.00000
0.00000
0.00000
0.00000
0.00923
0.05708
0.13265
0.22510
0.32113
0.40693
0.47018
0.50178
0.49719
0.45707
0.38719
0.29759
0.20114
0.00000
0.00000
0.00000
0.00000
0.00000
0.00000
0.00000
0.00000
0.00000
0.00000
0.00000
0.01045
0.06456
0.15005
0.25463
0.36325
0.46032
0.53186
0.56761
0.56242
0.51703
0.43798
0.33662
0.22753
0.00000
0.00000
0.00000
0.00000
0.00000
0.00000
0.00000
0.00000
0.00000
0.00000
0.00000
0.00585
0.03617
0.08406
0.14264
0.20349
0.25787
0.29795
0.31797
0.31506
0.28964
0.24535
0.18858
0.12746
0.00000
0.00000
0.00000
0.00000
0.00000
0.00000
0.00000
0.00000
0.00000
0.00000
0.00000
0.00849
0.05249
0.12200
0.20701
0.29533
0.37424
0.43241
0.46147
0.45725
0.42035
0.35608
0.27368
0.18498
0.00000
0.00000
0.00000
0.00000
0.00000
0.00000
0.00000
0.00000
0.00000
0.00000
0.00000
0.00996
0.06159
0.14313
0.24288
0.34650
0.43908
0.50733
0.54143
0.53647
0.49318
0.41778
0.32110
0.21704
0.00000
0.00000
0.00000
0.00000
0.00000
0.00000
0.00000
0.00000
0.00000
0.00000
0.00000
0.00928
0.05733
0.13323
0.22608
0.32253
0.40871
0.47224
0.50398
0.49937
0.45907
0.38888
0.29889
0.20202
0.00000
0.00000
0.00000
0.00000
0.00000
0.00000
0.00000
0.00000
0.00000
0.00000
0.00000
0.00891
0.05506
0.12797
0.21715
0.30979
0.39257
0.45359
0.48407
0.47965
0.44094
0.37352
0.28708
0.19405
0.00000
0.00000
0.00000
0.00000
0.00000
0.00000
0.00000
0.00000
0.00000
0.00000
0.00000
0.00616
0.03809
0.08851
0.15020
0.21428
0.27153
0.31374
0.33482
0.33176
0.30499
0.25836
0.19857
0.13422
0.00000
0.00000
0.00000
0.00000
0.00000
0.00000
0.00000
0.00000
0.00000
0.00000
0.00000
0.01258
0.07774
0.18068
0.30659
0.43739
0.55426
0.64041
0.68345
0.67720
0.62255
0.52737
0.40532
0.27397
0.00000
0.00000
0.00000
0.00000
0.00000
0.00000
0.00000
0.00000
0.00000
0.00000
0.00000
0.01317
0.08140
0.18919
0.32104
0.45799
0.58037
0.67058
0.71565
0.70910
0.65188
0.55221
0.42442
0.28687
0.00000
0.00000
0.00000
0.00000
0.00000
0.00000
0.00000
0.00000
0.00000
0.00000
0.00000
0.02310
0.06857
0.14565
0.24298
0.34622
0.44016
0.51097
0.54820
0.54638
0.50578
0.43237
0.33697
0.23363
0.13759
0.00000
0.00000
0.00000
0.00000
0.00000
0.00000
0.00000
0.00000
0.00000
0.00000
0.01809
0.05370
0.11405
0.19026
0.27110
0.34466
0.40011
0.42927
0.42784
0.39605
0.33856
0.26386
0.18294
0.10774
0.00000
0.00000
0.00000
0.00000
0.00000
0.00000
0.00000
0.00000
0.00000
0.00000
0.01715
0.05089
0.10809
0.18032
0.25694
0.32665
0.37920
0.40684
0.40549
0.37535
0.32087
0.25007
0.17338
0.10211
0.00000
0.00000
0.00000
0.00000
0.00000
0.00000
0.00000
0.00000
0.00000
0.00000
0.02034
0.06037
0.12823
0.21391
0.30480
0.38751
0.44985
0.48263
0.48103
0.44528
0.38065
0.29666
0.20569
0.12113
0.00000
0.00000
0.00000
0.00000
0.00000
0.00000
0.00000
0.00000
0.00000
0.00000
0.03020
0.08962
0.19035
0.31755
0.45248
0.57526
0.66780
0.71647
0.71409
0.66102
0.56508
0.44039
0.30534
0.17982
0.00000
0.00000
0.00000
0.00000
0.00000
0.00000
0.00000
0.00000
0.00000
0.00000
0.01778
0.05277
0.11209
0.18700
0.26645
0.33876
0.39325
0.42191
0.42051
0.38926
0.33276
0.25934
0.17981
0.10589
0.00000
0.00000
0.00000
0.00000
0.00000
0.00000
0.00000
0.00000
0.00000
0.00000
0.02358
0.06999
0.14866
0.24799
0.35337
0.44925
0.52152
0.55952
0.55767
0.51622
0.44129
0.34392
0.23846
0.14043
0.00000
0.00000
0.00000
0.00000
0.00000
0.00000
0.00000
0.00000
0.00000
0.00000
0.02884
0.08559
0.18178
0.30326
0.43211
0.54937
0.63774
0.68421
0.68194
0.63126
0.53964
0.42057
0.29160
0.17172
0.00000
0.00000
0.00000
0.00000
0.00000
0.00000
0.00000
0.00000
0.00000
0.00000
0.01956
0.05804
0.12328
0.20567
0.29306
0.37257
0.43251
0.46403
0.46249
0.42812
0.36598
0.28523
0.19776
0.11646
0.00000
0.00000
0.00000
0.00000
0.00000
0.00000
0.00000
0.00000
0.00000
0.00000
0.02438
0.07236
0.15370
0.25641
0.36536
0.46450
0.53922
0.57852
0.57660
0.53375
0.45628
0.35560
0.24655
0.14520
0.00000
0.00000
0.00000
0.00000
0.00000
0.00000
0.00000
0.00000
0.00000
0.00000
0.02320
0.06884
0.14623
0.24394
0.34759
0.44191
0.51299
0.55038
0.54855
0.50778
0.43408
0.33830
0.23456
0.13813
0.00000
0.00000
0.00000
0.00000
0.00000
0.00000
0.00000
0.00000
0.00000
0.00000
0.02447
0.07264
0.15429
0.25739
0.36675
0.46626
0.54127
0.58071
0.57879
0.53577
0.45801
0.35695
0.24749
0.14575
0.00000
0.00000
0.00000
0.00000
0.00000
0.00000
0.00000
0.00000
0.00000
0.00000
0.02668
0.07917
0.16817
0.28054
0.39975
0.50822
0.58997
0.63296
0.63086
0.58398
0.49922
0.38907
0.26976
0.15886
0.00000
0.00000
0.00000
0.00000
0.00000
0.00000
0.00000
0.00000
0.00000
0.00000
0.02551
0.07571
0.16081
0.26828
0.38227
0.48599
0.56417
0.60529
0.60328
0.55844
0.47739
0.37205
0.25796
0.15191
0.00000
0.00000
0.00000
0.00000
0.00000
0.00000
0.00000
0.00000
0.00000
0.00000
0.02056
0.06101
0.12958
0.21617
0.30803
0.39161
0.45460
0.48773
0.48611
0.44999
0.38467
0.29980
0.20786
0.12241
0.00000
0.00000
0.00000
0.00000
0.00000
0.00000
0.00000
0.00000
0.00000
0.00000
0.01857
0.05511
0.11706
0.19528
0.27825
0.35375
0.41066
0.44058
0.43912
0.40649
0.34749
0.27082
0.18777
0.11058
0.00000
0.00000
0.00000
0.00000
0.00000
0.00000
0.00000
0.00000
0.00000
0.00000
0.01987
0.05899
0.12529
0.20901
0.29782
0.37863
0.43954
0.47157
0.47001
0.43508
0.37193
0.28986
0.20097
0.11835
0.00000
0.00000
0.00000
0.00000
0.00000
0.00000
0.00000
0.00000
0.00000
0.00000
0.01643
0.04876
0.10357
0.17278
0.24620
0.31300
0.36335
0.38983
0.38854
0.35966
0.30746
0.23962
0.16614
0.09784
0.00000
0.00000
0.00000
0.00000
0.00000
0.00000
0.00000
0.00000
0.00000
0.00000
0.02254
0.06691
0.14211
0.23707
0.33780
0.42946
0.49855
0.53488
0.53311
0.49349
0.42186
0.32878
0.22796
0.13424
0.00000
0.00000
0.00000
0.00000
0.00000
0.00000
0.00000
0.00000
0.00000
0.00000
0.02949
0.08753
0.18592
0.31017
0.44196
0.56188
0.65226
0.69980
0.69748
0.64564
0.55193
0.43015
0.29824
0.17563
0.00000
0.00000
0.00000
0.00000
0.00000
0.00000
0.00000
0.00000
0.00000
0.00000
0.02505
0.07434
0.15789
0.26340
0.37532
0.47715
0.55391
0.59428
0.59231
0.54829
0.46871
0.36529
0.25327
0.14915
0.00000
0.00000
0.00000
0.00000
0.00000
0.00000
0.00000
0.00000
0.00000
0.00000
0.02011
0.05969
0.12679
0.21152
0.30139
0.38317
0.44481
0.47722
0.47564
0.44029
0.37639
0.29334
0.20338
0.11977
0.00000
0.00000
0.00000
0.00000
0.00000
0.00000
0.00000
0.00000
0.00000
0.00000
0.01451
0.04308
0.09149
0.15263
0.21749
0.27650
0.32098
0.34437
0.34323
0.31772
0.27161
0.21168
0.14676
0.08643
0.00000
0.00000
0.00000
0.00000
0.00000
0.00000
0.00000
0.00000
0.00000
0.00000
0.02480
0.07360
0.15633
0.26080
0.37161
0.47245
0.54845
0.58841
0.58646
0.54288
0.46408
0.36168
0.25077
0.14768
0.00000
0.00000
0.00000
0.00000
0.00000
0.00000
0.00000
0.00000
0.00000
0.00000
0.02473
0.07341
0.15592
0.26011
0.37063
0.47120
0.54700
0.58686
0.58492
0.54145
0.46286
0.36073
0.25011
0.14729
0.00000
0.00000
0.00000
0.00000
0.00000
0.00000
0.00000
0.00000
0.00000
0.00000
0.02332
0.06921
0.14700
0.24523
0.34942
0.44424
0.51570
0.55328
0.55145
0.51046
0.43637
0.34009
0.23580
0.13886
0.00000
0.00000
0.00000
0.00000
0.00000
0.00000
0.00000
0.00000
0.00000
0.00000
0.02913
0.08646
0.18363
0.30634
0.43651
0.55495
0.64423
0.69117
0.68888
0.63769
0.54513
0.42485
0.29456
0.17347
0.00000
0.00000
0.00000
0.00000
0.00000
0.00000
0.00000
0.00000
0.00000
0.00000
0.02606
0.07733
0.16426
0.27402
0.39045
0.49639
0.57624
0.61824
0.61619
0.57039
0.48760
0.38002
0.26348
0.15516
0.00000
0.00000
0.00000
0.00000
0.00000
0.00000
0.00000
0.00000
0.00000
0.00000
0.02640
0.07836
0.16643
0.27765
0.39563
0.50298
0.58389
0.62644
0.62436
0.57796
0.49407
0.38506
0.26697
0.15722
0.00000
0.00000
0.00000
0.00000
0.00000
0.00000
0.00000
0.00000
0.00000
0.00000
0.02438
0.07236
0.15370
0.25641
0.36535
0.46449
0.53921
0.57850
0.57658
0.53373
0.45626
0.35559
0.24655
0.14519
0.00000
0.00000
0.00000
0.00000
0.00000
0.00000
0.00000
0.00000
0.00000
0.00000
0.02507
0.07441
0.15805
0.26366
0.37569
0.47763
0.55447
0.59487
0.59290
0.54884
0.46918
0.36565
0.25352
0.14930
0.00000
0.00000
0.00000
0.00000
0.00000
0.00000
0.00000
0.00000
0.00000
0.00000
0.01607
0.07676
0.17960
0.30933
0.44673
0.57142
0.66491
0.71335
0.70955
0.65408
0.55515
0.42744
0.28989
0.00000
0.00000
0.00000
0.00000
0.00000
0.00000
0.00000
0.00000
0.00000
0.00000
0.00000
0.00962
0.04597
0.10756
0.18525
0.26754
0.34222
0.39821
0.42722
0.42494
0.39172
0.33247
0.25599
0.17361
0.00000
0.00000
0.00000
0.00000
0.00000
0.00000
0.00000
0.00000
0.00000
0.00000
0.00000
0.01084
0.05178
0.12115
0.20867
0.30136
0.38547
0.44854
0.48122
0.47865
0.44123
0.37450
0.28835
0.19555
0.00000
0.00000
0.00000
0.00000
0.00000
0.00000
0.00000
0.00000
0.00000
0.00000
0.00000
0.01268
0.06058
0.14174
0.24413
0.35257
0.45098
0.52477
0.56300
0.56000
0.51622
0.43814
0.33735
0.22879
0.00000
0.00000
0.00000
0.00000
0.00000
0.00000
0.00000
0.00000
0.00000
0.00000
0.00000
0.01599
0.07640
0.17875
0.30787
0.44462
0.56872
0.66178
0.70999
0.70621
0.65099
0.55253
0.42543
0.28852
0.00000
0.00000
0.00000
0.00000
0.00000
0.00000
0.00000
0.00000
0.00000
0.00000
0.00000
0.00842
0.04020
0.09406
0.16201
0.23398
0.29929
0.34825
0.37363
0.37163
0.34258
0.29077
0.22388
0.15183
0.00000
0.00000
0.00000
0.00000
0.00000
0.00000
0.00000
0.00000
0.00000
0.00000
0.00000
0.01501
0.07168
0.16772
0.28888
0.41719
0.53364
0.62095
0.66619
0.66264
0.61083
0.51845
0.39918
0.27072
0.00000
0.00000
0.00000
0.00000
0.00000
0.00000
0.00000
0.00000
0.00000
0.00000
0.00000
0.01304
0.06229
0.14575
0.25103
0.36253
0.46372
0.53960
0.57891
0.57582
0.53080
0.45052
0.34688
0.23525
0.00000
0.00000
0.00000
0.00000
0.00000
0.00000
0.00000
0.00000
0.00000
0.00000
0.00000
0.01498
0.07156
0.16744
0.28839
0.41648
0.53273
0.61990
0.66506
0.66151
0.60979
0.51757
0.39850
0.27026
0.00000
0.00000
0.00000
0.00000
0.00000
0.00000
0.00000
0.00000
0.00000
0.00000
0.00000
0.01414
0.06754
0.15802
0.27217
0.39307
0.50278
0.58505
0.62767
0.62432
0.57551
0.48847
0.37610
0.25507
0.00000
0.00000
0.00000
0.00000
0.00000
0.00000
0.00000
0.00000
0.00000
0.00000
0.00000
0.01120
0.05348
0.12513
0.21551
0.31124
0.39812
0.46326
0.49700
0.49436
0.45571
0.38678
0.29781
0.20197
0.00000
0.00000
0.00000
0.00000
0.00000
0.00000
0.00000
0.00000
0.00000
0.00000
0.00000
0.01615
0.07716
0.18054
0.31096
0.44909
0.57443
0.66842
0.71712
0.71330
0.65753
0.55808
0.42970
0.29142
0.00000
0.00000
0.00000
0.00000
0.00000
0.00000
0.00000
0.00000
0.00000
0.00000
0.00000
0.01264
0.06037
0.14124
0.24327
0.35133
0.44939
0.52292
0.56101
0.55802
0.51439
0.43659
0.33616
0.22798
0.00000
0.00000
0.00000
0.00000
0.00000
0.00000
0.00000
0.00000
0.00000
0.00000
0.00000
0.00774
0.03698
0.08653
0.14904
0.21525
0.27533
0.32038
0.34371
0.34188
0.31515
0.26749
0.20595
0.13968
0.00000
0.00000
0.00000
0.00000
0.00000
0.00000
0.00000
0.00000
0.00000
0.00000
0.00000
0.01503
0.07178
0.16794
0.28925
0.41773
0.53433
0.62176
0.66705
0.66350
0.61163
0.51912
0.39970
0.27107
0.00000
0.00000
0.00000
0.00000
0.00000
0.00000
0.00000
0.00000
0.00000
0.00000
0.00000
0.00732
0.03495
0.08177
0.14084
0.20339
0.26017
0.30273
0.32479
0.32306
0.29780
0.25276
0.19461
0.13198
0.00000
0.00000
0.00000
0.00000
0.00000
0.00000
0.00000
0.00000
0.00000
0.00000
0.00000
0.01547
0.07389
0.17288
0.29776
0.43002
0.55004
0.64004
0.68667
0.68301
0.62961
0.53439
0.41145
0.27904
0.00000
0.00000
0.00000
0.00000
0.00000
0.00000
0.00000
0.00000
0.00000
0.00000
0.00000
0.01422
0.06791
0.15888
0.27365
0.39520
0.50551
0.58822
0.63107
0.62771
0.57863
0.49111
0.37814
0.25645
0.00000
0.00000
0.00000
0.00000
0.00000
0.00000
0.00000
0.00000
0.00000
0.00000
0.00000
0.01566
0.07482
0.17506
0.30152
0.43546
0.55700
0.64814
0.69535
0.69165
0.63757
0.54114
0.41666
0.28257
0.00000
0.00000
0.00000
0.00000
0.00000
0.00000
0.00000
0.00000
0.00000
0.00000
0.00000
0.01270
0.06069
0.14199
0.24456
0.35318
0.45177
0.52568
0.56398
0.56097
0.51712
0.43890
0.33794
0.22918
0.00000
0.00000
0.00000
0.00000
0.00000
0.00000
0.00000
0.00000
0.00000
0.00000
0.00000
0.01465
0.06998
0.16373
0.28200
0.40725
0.52092
0.60616
0.65032
0.64685
0.59628
0.50609
0.38967
0.26427
0.00000
0.00000
0.00000
0.00000
0.00000
0.00000
0.00000
0.00000
0.00000
0.00000
0.00000
0.01240
0.05923
0.13859
0.23870
0.34472
0.44094
0.51309
0.55047
0.54754
0.50473
0.42839
0.32984
0.22369
0.00000
0.00000
0.00000
0.00000
0.00000
0.00000
0.00000
0.00000
0.00000
0.00000
0.00000
0.01608
0.07680
0.17968
0.30948
0.44695
0.57170
0.66524
0.71370
0.70990
0.65440
0.55542
0.42765
0.29003
0.00000
0.00000
0.00000
0.00000
0.00000
0.00000
0.00000
0.00000
0.00000
0.00000
0.00000
0.00957
0.04570
0.10692
0.18416
0.26596
0.34019
0.39585
0.42469
0.42243
0.38940
0.33051
0.25448
0.17258
0.00000
0.00000
0.00000
0.00000
0.00000
0.00000
0.00000
0.00000
0.00000
0.00000
0.00000
0.01479
0.07064
0.16529
0.28468
0.41113
0.52589
0.61194
0.65651
0.65302
0.60196
0.51092
0.39339
0.26679
0.00000
0.00000
0.00000
0.00000
0.00000
0.00000
0.00000
0.00000
0.00000
0.00000
0.00000
0.01199
0.05729
0.13405
0.23088
0.33344
0.42651
0.49629
0.53245
0.52961
0.48820
0.41436
0.31904
0.21637
0.00000
0.00000
0.00000
0.00000
0.00000
0.00000
0.00000
0.00000
0.00000
0.00000
0.00000
0.01675
0.08001
0.18719
0.32241
0.46562
0.59558
0.69303
0.74352
0.73956
0.68174
0.57863
0.44552
0.30214
0.00000
0.00000
0.00000
0.00000
0.00000
0.00000
0.00000
0.00000
0.00000
0.00000
0.00000
0.00953
0.04552
0.10649
0.18342
0.26490
0.33883
0.39427
0.42300
0.42074
0.38785
0.32919
0.25346
0.17189
0.00000
0.00000
0.00000
0.00000
0.00000
0.00000
0.00000
0.00000
0.00000
0.00000
0.00000
0.01225
0.05852
0.13693
0.23584
0.34060
0.43566
0.50694
0.54388
0.54098
0.49868
0.42326
0.32589
0.22102
0.00000
0.00000
0.00000
0.00000
0.00000
0.00000
0.00000
0.00000
0.00000
0.00000
0.00000
0.01294
0.06183
0.14467
0.24918
0.35986
0.46031
0.53562
0.57464
0.57158
0.52689
0.44720
0.34433
0.23352
0.00000
0.00000
0.00000
0.00000
0.00000
0.00000
0.00000
0.00000
0.00000
0.00000
0.00000
0.01058
0.05054
0.11825
0.20367
0.29413
0.37623
0.43779
0.46968
0.46718
0.43065
0.36552
0.28143
0.19086
0.00000
0.00000
0.00000
0.00000
0.00000
0.00000
0.00000
0.00000
0.00000
0.00000
0.00000
0.01004
0.06108
0.14533
0.25006
0.35939
0.45678
0.52747
0.56076
0.55162
0.50142
0.41776
0.31333
0.20391
0.00000
0.00000
0.00000
0.00000
0.00000
0.00000
0.00000
0.00000
0.00000
0.00000
0.00000
0.01433
0.08712
0.20730
0.35667
0.51262
0.65153
0.75237
0.79986
0.78681
0.71521
0.59589
0.44692
0.29086
0.00000
0.00000
0.00000
0.00000
0.00000
0.00000
0.00000
0.00000
0.00000
0.00000
0.00000
0.00999
0.06076
0.14457
0.24875
0.35751
0.45438
0.52470
0.55782
0.54873
0.49879
0.41557
0.31168
0.20285
0.00000
0.00000
0.00000
0.00000
0.00000
0.00000
0.00000
0.00000
0.00000
0.00000
0.00000
0.01070
0.06509
0.15490
0.26651
0.38304
0.48683
0.56218
0.59766
0.58791
0.53441
0.44525
0.33394
0.21733
0.00000
0.00000
0.00000
0.00000
0.00000
0.00000
0.00000
0.00000
0.00000
0.00000
0.00000
0.01252
0.07611
0.18110
0.31160
0.44784
0.56919
0.65729
0.69877
0.68738
0.62482
0.52058
0.39044
0.25410
0.00000
0.00000
0.00000
0.00000
0.00000
0.00000
0.00000
0.00000
0.00000
0.00000
0.00000
0.01192
0.07248
0.17246
0.29673
0.42647
0.54203
0.62592
0.66543
0.65458
0.59501
0.49574
0.37181
0.24197
0.00000
0.00000
0.00000
0.00000
0.00000
0.00000
0.00000
0.00000
0.00000
0.00000
0.00000
0.01002
0.06095
0.14504
0.24956
0.35867
0.45586
0.52641
0.55964
0.55051
0.50041
0.41693
0.31270
0.20351
0.00000
0.00000
0.00000
0.00000
0.00000
0.00000
0.00000
0.00000
0.00000
0.00000
0.00000
0.01014
0.06165
0.14669
0.25240
0.36275
0.46105
0.53240
0.56601
0.55678
0.50611
0.42167
0.31626
0.20582
0.00000
0.00000
0.00000
0.00000
0.00000
0.00000
0.00000
0.00000
0.00000
0.00000
0.00000
0.01147
0.06977
0.16602
0.28566
0.41056
0.52181
0.60257
0.64060
0.63015
0.57281
0.47724
0.35793
0.23295
0.00000
0.00000
0.00000
0.00000
0.00000
0.00000
0.00000
0.00000
0.00000
0.00000
0.00000
0.00975
0.05928
0.14106
0.24270
0.34882
0.44334
0.51195
0.54427
0.53539
0.48667
0.40548
0.30411
0.19792
0.00000
0.00000
0.00000
0.00000
0.00000
0.00000
0.00000
0.00000
0.00000
0.00000
0.00000
0.01017
0.06185
0.14717
0.25321
0.36392
0.46254
0.53412
0.56784
0.55858
0.50774
0.42304
0.31728
0.20649
0.00000
0.00000
0.00000
0.00000
0.00000
0.00000
0.00000
0.00000
0.00000
0.00000
0.00000
0.01063
0.06463
0.15379
0.26460
0.38030
0.48335
0.55816
0.59339
0.58371
0.53059
0.44207
0.33155
0.21578
0.00000
0.00000
0.00000
0.00000
0.00000
0.00000
0.00000
0.00000
0.00000
0.00000
0.00000
0.01424
0.08661
0.20610
0.35461
0.50966
0.64777
0.74802
0.79523
0.78226
0.71107
0.59244
0.44433
0.28918
0.00000
0.00000
0.00000
0.00000
0.00000
0.00000
0.00000
0.00000
0.00000
0.00000
0.00000
0.00745
0.04533
0.10786
0.18558
0.26672
0.33899
0.39145
0.41616
0.40938
0.37212
0.31004
0.23253
0.15133
0.00000
0.00000
0.00000
0.00000
0.00000
0.00000
0.00000
0.00000
0.00000
0.00000
0.00000
0.01121
0.06815
0.16217
0.27903
0.40103
0.50970
0.58858
0.62573
0.61553
0.55951
0.46617
0.34963
0.22754
0.00000
0.00000
0.00000
0.00000
0.00000
0.00000
0.00000
0.00000
0.00000
0.00000
0.00000
0.01281
0.07787
0.18530
0.31882
0.45821
0.58238
0.67251
0.71496
0.70330
0.63930
0.53264
0.39948
0.25998
0.00000
0.00000
0.00000
0.00000
0.00000
0.00000
0.00000
0.00000
0.00000
0.00000
0.00000
0.01042
0.06335
0.15076
0.25939
0.37280
0.47382
0.54715
0.58169
0.57220
0.52013
0.43336
0.32502
0.21152
0.00000
0.00000
0.00000
0.00000
0.00000
0.00000
0.00000
0.00000
0.00000
0.00000
0.00000
0.01193
0.07254
0.17262
0.29700
0.42686
0.54253
0.62650
0.66604
0.65518
0.59556
0.49620
0.37215
0.24220
0.00000
0.00000
0.00000
0.00000
0.00000
0.00000
0.00000
0.00000
0.00000
0.00000
0.00000
0.01227
0.07464
0.17761
0.30559
0.43920
0.55821
0.64460
0.68529
0.67411
0.61277
0.51054
0.38290
0.24920
0.00000
0.00000
0.00000
0.00000
0.00000
0.00000
0.00000
0.00000
0.00000
0.00000
0.00000
0.01222
0.07430
0.17680
0.30420
0.43721
0.55568
0.64168
0.68219
0.67106
0.60999
0.50822
0.38117
0.24807
0.00000
0.00000
0.00000
0.00000
0.00000
0.00000
0.00000
0.00000
0.00000
0.00000
0.00000
0.01098
0.06676
0.15885
0.27331
0.39282
0.49926
0.57653
0.61292
0.60292
0.54805
0.45662
0.34247
0.22288
0.00000
0.00000
0.00000
0.00000
0.00000
0.00000
0.00000
0.00000
0.00000
0.00000
0.00000
0.01080
0.06568
0.15629
0.26890
0.38647
0.49120
0.56722
0.60302
0.59319
0.53921
0.44925
0.33694
0.21928
0.00000
0.00000
0.00000
0.00000
0.00000
0.00000
0.00000
0.00000
0.00000
0.00000
0.00000
0.01244
0.07567
0.18006
0.30981
0.44527
0.56593
0.65351
0.69476
0.68343
0.62123
0.51759
0.38820
0.25264
0.00000
0.00000
0.00000
0.00000
0.00000
0.00000
0.00000
0.00000
0.00000
0.00000
0.00000
0.01211
0.07367
0.17530
0.30162
0.43350
0.55097
0.63625
0.67641
0.66538
0.60482
0.50392
0.37794
0.24597
0.00000
0.00000
0.00000
0.00000
0.00000
0.00000
0.00000
0.00000
0.00000
0.00000
0.00000
0.00946
0.05753
0.13689
0.23554
0.33852
0.43025
0.49684
0.52820
0.51958
0.47230
0.39350
0.29513
0.19207
0.00000
0.00000
0.00000
0.00000
0.00000
0.00000
0.00000
0.00000
0.00000
0.00000
0.00000
0.01179
0.07171
0.17065
0.29362
0.42199
0.53634
0.61935
0.65844
0.64771
0.58876
0.49054
0.36790
0.23943
0.00000
0.00000
0.00000
0.00000
0.00000
0.00000
0.00000
0.00000
0.00000
0.00000
0.00000
0.01256
0.07641
0.18182
0.31283
0.44961
0.57145
0.65989
0.70154
0.69010
0.62730
0.52264
0.39198
0.25511
0.00000
0.00000
0.00000
0.00000
0.00000
0.00000
0.00000
0.00000
0.00000
0.00000
0.00000
0.00986
0.05994
0.14262
0.24539
0.35268
0.44825
0.51762
0.55029
0.54132
0.49205
0.40996
0.30747
0.20011
0.00000
0.00000
0.00000
0.00000
0.00000
0.00000
0.00000
0.00000
0.00000
0.00000
0.00000
0.00978
0.05948
0.14154
0.24354
0.35002
0.44487
0.51372
0.54614
0.53724
0.48835
0.40687
0.30516
0.19860
0.00000
0.00000
0.00000
0.00000
0.00000
0.00000
0.00000
0.00000
0.00000
0.00000
0.00000
0.01148
0.06979
0.16607
0.28573
0.41066
0.52194
0.60272
0.64076
0.63031
0.57295
0.47736
0.35802
0.23300
0.00000
0.00000
0.00000
0.00000
0.00000
0.00000
0.00000
0.00000
0.00000
0.00000
0.00000
0.01156
0.08046
0.19484
0.33626
0.48192
0.60835
0.69518
0.72839
0.70265
0.62210
0.49973
0.35525
0.21195
0.00000
0.00000
0.00000
0.00000
0.00000
0.00000
0.00000
0.00000
0.00000
0.00000
0.00000
0.01034
0.07200
0.17435
0.30090
0.43124
0.54438
0.62208
0.65180
0.62877
0.55669
0.44718
0.31789
0.18967
0.00000
0.00000
0.00000
0.00000
0.00000
0.00000
0.00000
0.00000
0.00000
0.00000
0.00000
0.01148
0.07993
0.19356
0.33405
0.47876
0.60436
0.69061
0.72361
0.69804
0.61802
0.49645
0.35292
0.21056
0.00000
0.00000
0.00000
0.00000
0.00000
0.00000
0.00000
0.00000
0.00000
0.00000
0.00000
0.00912
0.06349
0.15374
0.26533
0.38027
0.48004
0.54855
0.57476
0.55445
0.49089
0.39432
0.28032
0.16725
0.00000
0.00000
0.00000
0.00000
0.00000
0.00000
0.00000
0.00000
0.00000
0.00000
0.00000
0.00851
0.05924
0.14346
0.24759
0.35485
0.44794
0.51187
0.53633
0.51737
0.45806
0.36796
0.26157
0.15606
0.00000
0.00000
0.00000
0.00000
0.00000
0.00000
0.00000
0.00000
0.00000
0.00000
0.00000
0.01004
0.06988
0.16921
0.29204
0.41855
0.52835
0.60376
0.63261
0.61025
0.54029
0.43401
0.30853
0.18408
0.00000
0.00000
0.00000
0.00000
0.00000
0.00000
0.00000
0.00000
0.00000
0.00000
0.00000
0.00697
0.04856
0.11759
0.20294
0.29086
0.36717
0.41957
0.43961
0.42408
0.37546
0.30160
0.21441
0.12792
0.00000
0.00000
0.00000
0.00000
0.00000
0.00000
0.00000
0.00000
0.00000
0.00000
0.00000
0.00682
0.04752
0.11507
0.19859
0.28462
0.35930
0.41057
0.43019
0.41499
0.36742
0.29514
0.20981
0.12518
0.00000
0.00000
0.00000
0.00000
0.00000
0.00000
0.00000
0.00000
0.00000
0.00000
0.00000
0.01231
0.08569
0.20751
0.35812
0.51326
0.64792
0.74039
0.77577
0.74835
0.66256
0.53223
0.37835
0.22574
0.00000
0.00000
0.00000
0.00000
0.00000
0.00000
0.00000
0.00000
0.00000
0.00000
0.00000
0.00936
0.06518
0.15785
0.27242
0.39043
0.49286
0.56320
0.59011
0.56926
0.50400
0.40486
0.28781
0.17172
0.00000
0.00000
0.00000
0.00000
0.00000
0.00000
0.00000
0.00000
0.00000
0.00000
0.00000
0.00600
0.04175
0.10110
0.17448
0.25006
0.31567
0.36072
0.37796
0.36460
0.32280
0.25930
0.18433
0.10998
0.00000
0.00000
0.00000
0.00000
0.00000
0.00000
0.00000
0.00000
0.00000
0.00000
0.00000
0.00621
0.04325
0.10472
0.18073
0.25903
0.32699
0.37365
0.39151
0.37767
0.33438
0.26860
0.19094
0.11392
0.00000
0.00000
0.00000
0.00000
0.00000
0.00000
0.00000
0.00000
0.00000
0.00000
0.00000
0.01335
0.09296
0.22510
0.38848
0.55677
0.70285
0.80315
0.84153
0.81179
0.71873
0.57735
0.41043
0.24488
0.00000
0.00000
0.00000
0.00000
0.00000
0.00000
0.00000
0.00000
0.00000
0.00000
0.00000
0.00860
0.05990
0.14504
0.25032
0.35876
0.45288
0.51751
0.54224
0.52308
0.46311
0.37201
0.26446
0.15778
0.00000
0.00000
0.00000
0.00000
0.00000
0.00000
0.00000
0.00000
0.00000
0.00000
0.00000
0.01249
0.08698
0.21062
0.36350
0.52097
0.65764
0.75150
0.78741
0.75958
0.67251
0.54022
0.38403
0.22913
0.00000
0.00000
0.00000
0.00000
0.00000
0.00000
0.00000
0.00000
0.00000
0.00000
0.00000
0.01203
0.08379
0.20289
0.35016
0.50185
0.63351
0.72392
0.75851
0.73171
0.64783
0.52039
0.36994
0.22072
0.00000
0.00000
0.00000
0.00000
0.00000
0.00000
0.00000
0.00000
0.00000
0.00000
0.00000
0.01185
0.08252
0.19982
0.34486
0.49425
0.62392
0.71296
0.74703
0.72063
0.63802
0.51251
0.36434
0.21738
0.00000
0.00000
0.00000
0.00000
0.00000
0.00000
0.00000
0.00000
0.00000
0.00000
0.00000
0.01146
0.07977
0.19316
0.33336
0.47777
0.60312
0.68920
0.72213
0.69661
0.61675
0.49543
0.35219
0.21013
0.00000
0.00000
0.00000
0.00000
0.00000
0.00000
0.00000
0.00000
0.00000
0.00000
0.00000
0.01175
0.08182
0.19813
0.34194
0.49007
0.61864
0.70693
0.74071
0.71453
0.63262
0.50817
0.36125
0.21554
0.00000
0.00000
0.00000
0.00000
0.00000
0.00000
0.00000
0.00000
0.00000
0.00000
0.00000
0.01137
0.07915
0.19167
0.33078
0.47408
0.59845
0.68386
0.71654
0.69122
0.61198
0.49159
0.34946
0.20850
0.00000
0.00000
0.00000
0.00000
0.00000
0.00000
0.00000
0.00000
0.00000
0.00000
0.00000
0.01002
0.06975
0.16892
0.29152
0.41781
0.52742
0.60269
0.63149
0.60917
0.53934
0.43324
0.30799
0.18376
0.00000
0.00000
0.00000
0.00000
0.00000
0.00000
0.00000
0.00000
0.00000
0.00000
0.00000
0.01039
0.07232
0.17514
0.30226
0.43319
0.54684
0.62489
0.65475
0.63161
0.55920
0.44920
0.31933
0.19052
0.00000
0.00000
0.00000
0.00000
0.00000
0.00000
0.00000
0.00000
0.00000
0.00000
0.00000
0.00742
0.05164
0.12504
0.21580
0.30928
0.39042
0.44614
0.46746
0.45094
0.39925
0.32071
0.22799
0.13603
0.00000
0.00000
0.00000
0.00000
0.00000
0.00000
0.00000
0.00000
0.00000
0.00000
0.00000
0.01141
0.07945
0.19238
0.33202
0.47585
0.60069
0.68642
0.71922
0.69381
0.61427
0.49343
0.35077
0.20928
0.00000
0.00000
0.00000
0.00000
0.00000
0.00000
0.00000
0.00000
0.00000
0.00000
0.00000
0.01000
0.06965
0.16866
0.29108
0.41718
0.52663
0.60179
0.63054
0.60826
0.53853
0.43259
0.30752
0.18348
0.00000
0.00000
0.00000
0.00000
0.00000
0.00000
0.00000
0.00000
0.00000
0.00000
0.00000
0.01178
0.08201
0.19859
0.34274
0.49121
0.62008
0.70857
0.74243
0.71619
0.63409
0.50936
0.36209
0.21604
0.00000
0.00000
0.00000
0.00000
0.00000
0.00000
0.00000
0.00000
0.00000
0.00000
0.00000
0.00640
0.04456
0.10791
0.18623
0.26690
0.33693
0.38501
0.40341
0.38915
0.34454
0.27677
0.19675
0.11739
0.00000
0.00000
0.00000
0.00000
0.00000
0.00000
0.00000
0.00000
0.00000
0.00000
0.00000
0.01113
0.07751
0.18769
0.32393
0.46425
0.58605
0.66969
0.70169
0.67690
0.59930
0.48141
0.34222
0.20418
0.00000
0.00000
0.00000
0.00000
0.00000
0.00000
0.00000
0.00000
0.00000
0.00000
0.00000
0.01017
0.07083
0.17151
0.29600
0.42422
0.53552
0.61195
0.64119
0.61853
0.54762
0.43990
0.31272
0.18658
0.00000
0.00000
0.00000
0.00000
0.00000
0.00000
0.00000
0.00000
0.00000
0.00000
0.00000
0.00919
0.06400
0.15497
0.26746
0.38332
0.48389
0.55295
0.57937
0.55889
0.49482
0.39748
0.28256
0.16859
0.00000
0.00000
0.00000
0.00000
0.00000
0.00000
0.00000
0.00000
0.00000
0.00000
0.00000
0.01214
0.08456
0.20476
0.35338
0.50647
0.63934
0.73059
0.76550
0.73844
0.65379
0.52518
0.37334
0.22275
0.00000
0.00000
0.00000
0.00000
0.00000
0.00000
0.00000
0.00000
0.00000
0.00000
0.00000
0.00000
0.05672
0.18838
0.35177
0.52012
0.66583
0.76502
0.80142
0.76907
0.67327
0.52972
0.36196
0.19749
0.00000
0.00000
0.00000
0.00000
0.00000
0.00000
0.00000
0.00000
0.00000
0.00000
0.00000
0.00000
0.04480
0.14878
0.27783
0.41079
0.52587
0.60421
0.63295
0.60740
0.53174
0.41837
0.28588
0.15598
0.00000
0.00000
0.00000
0.00000
0.00000
0.00000
0.00000
0.00000
0.00000
0.00000
0.00000
0.00000
0.02574
0.08547
0.15961
0.23599
0.30210
0.34710
0.36362
0.34894
0.30547
0.24035
0.16423
0.08961
0.00000
0.00000
0.00000
0.00000
0.00000
0.00000
0.00000
0.00000
0.00000
0.00000
0.00000
0.00000
0.02405
0.07988
0.14916
0.22055
0.28233
0.32439
0.33983
0.32611
0.28549
0.22462
0.15348
0.08374
0.00000
0.00000
0.00000
0.00000
0.00000
0.00000
0.00000
0.00000
0.00000
0.00000
0.00000
0.00000
0.03096
0.10281
0.19198
0.28386
0.36338
0.41751
0.43737
0.41972
0.36743
0.28910
0.19754
0.10778
0.00000
0.00000
0.00000
0.00000
0.00000
0.00000
0.00000
0.00000
0.00000
0.00000
0.00000
0.00000
0.03289
0.10922
0.20395
0.30156
0.38604
0.44355
0.46466
0.44590
0.39035
0.30713
0.20986
0.11450
0.00000
0.00000
0.00000
0.00000
0.00000
0.00000
0.00000
0.00000
0.00000
0.00000
0.00000
0.00000
0.03292
0.10932
0.20415
0.30185
0.38642
0.44398
0.46510
0.44633
0.39073
0.30743
0.21007
0.11461
0.00000
0.00000
0.00000
0.00000
0.00000
0.00000
0.00000
0.00000
0.00000
0.00000
0.00000
0.00000
0.03906
0.12972
0.24224
0.35817
0.45851
0.52681
0.55188
0.52960
0.46363
0.36478
0.24926
0.13600
0.00000
0.00000
0.00000
0.00000
0.00000
0.00000
0.00000
0.00000
0.00000
0.00000
0.00000
0.00000
0.04644
0.15423
0.28801
0.42584
0.54514
0.62635
0.65615
0.62967
0.55123
0.43371
0.29636
0.16170
0.00000
0.00000
0.00000
0.00000
0.00000
0.00000
0.00000
0.00000
0.00000
0.00000
0.00000
0.00000
0.03580
0.11890
0.22203
0.32829
0.42025
0.48286
0.50583
0.48541
0.42495
0.33435
0.22846
0.12465
0.00000
0.00000
0.00000
0.00000
0.00000
0.00000
0.00000
0.00000
0.00000
0.00000
0.00000
0.00000
0.03089
0.10258
0.19156
0.28323
0.36258
0.41659
0.43641
0.41879
0.36663
0.28846
0.19711
0.10754
0.00000
0.00000
0.00000
0.00000
0.00000
0.00000
0.00000
0.00000
0.00000
0.00000
0.00000
0.00000
0.04082
0.13554
0.25311
0.37425
0.47909
0.55046
0.57665
0.55337
0.48444
0.38115
0.26045
0.14210
0.00000
0.00000
0.00000
0.00000
0.00000
0.00000
0.00000
0.00000
0.00000
0.00000
0.00000
0.00000
0.04904
0.16287
0.30415
0.44970
0.57569
0.66144
0.69292
0.66495
0.58212
0.45801
0.31296
0.17075
0.00000
0.00000
0.00000
0.00000
0.00000
0.00000
0.00000
0.00000
0.00000
0.00000
0.00000
0.00000
0.02541
0.08437
0.15755
0.23295
0.29821
0.34263
0.35893
0.34444
0.30154
0.23725
0.16211
0.08845
0.00000
0.00000
0.00000
0.00000
0.00000
0.00000
0.00000
0.00000
0.00000
0.00000
0.00000
0.00000
0.03222
0.10701
0.19983
0.29547
0.37824
0.43458
0.45526
0.43688
0.38246
0.30092
0.20562
0.11219
0.00000
0.00000
0.00000
0.00000
0.00000
0.00000
0.00000
0.00000
0.00000
0.00000
0.00000
0.00000
0.03566
0.11842
0.22113
0.32696
0.41856
0.48091
0.50379
0.48345
0.42323
0.33299
0.22754
0.12415
0.00000
0.00000
0.00000
0.00000
0.00000
0.00000
0.00000
0.00000
0.00000
0.00000
0.00000
0.00000
0.04390
0.14580
0.27227
0.40257
0.51535
0.59212
0.62029
0.59525
0.52110
0.41000
0.28016
0.15286
0.00000
0.00000
0.00000
0.00000
0.00000
0.00000
0.00000
0.00000
0.00000
0.00000
0.00000
0.00000
0.03310
0.10992
0.20527
0.30350
0.38853
0.44640
0.46764
0.44877
0.39286
0.30910
0.21121
0.11524
0.00000
0.00000
0.00000
0.00000
0.00000
0.00000
0.00000
0.00000
0.00000
0.00000
0.00000
0.00000
0.05115
0.16986
0.31720
0.46900
0.60039
0.68983
0.72265
0.69348
0.60709
0.47766
0.32639
0.17808
0.00000
0.00000
0.00000
0.00000
0.00000
0.00000
0.00000
0.00000
0.00000
0.00000
0.00000
0.00000
0.03993
0.13260
0.24761
0.36611
0.46867
0.53849
0.56411
0.54134
0.47390
0.37286
0.25478
0.13901
0.00000
0.00000
0.00000
0.00000
0.00000
0.00000
0.00000
0.00000
0.00000
0.00000
0.00000
0.00000
0.04552
0.15117
0.28228
0.41738
0.53431
0.61390
0.64311
0.61715
0.54027
0.42508
0.29046
0.15848
0.00000
0.00000
0.00000
0.00000
0.00000
0.00000
0.00000
0.00000
0.00000
0.00000
0.00000
0.00000
0.04734
0.15721
0.29358
0.43408
0.55568
0.63846
0.66884
0.64184
0.56188
0.44209
0.30208
0.16482
0.00000
0.00000
0.00000
0.00000
0.00000
0.00000
0.00000
0.00000
0.00000
0.00000
0.00000
0.00000
0.04316
0.14332
0.26764
0.39573
0.50659
0.58205
0.60975
0.58513
0.51225
0.40303
0.27540
0.15026
0.00000
0.00000
0.00000
0.00000
0.00000
0.00000
0.00000
0.00000
0.00000
0.00000
0.00000
0.00000
0.03719
0.12351
0.23065
0.34103
0.43657
0.50161
0.52547
0.50426
0.44145
0.34733
0.23733
0.12949
0.00000
0.00000
0.00000
0.00000
0.00000
0.00000
0.00000
0.00000
0.00000
0.00000
0.00000
0.00000
0.02424
0.08049
0.15031
0.22225
0.28452
0.32690
0.34245
0.32863
0.28769
0.22635
0.15467
0.08439
0.00000
0.00000
0.00000
0.00000
0.00000
0.00000
0.00000
0.00000
0.00000
0.00000
0.00000
0.00000
0.02450
0.08135
0.15192
0.22462
0.28755
0.33039
0.34611
0.33213
0.29076
0.22877
0.15632
0.08529
0.00000
0.00000
0.00000
0.00000
0.00000
0.00000
0.00000
0.00000
0.00000
0.00000
0.00000
0.00000
0.05288
0.17561
0.32793
0.48487
0.62070
0.71316
0.74710
0.71694
0.62763
0.49382
0.33743
0.18411
0.00000
0.00000
0.00000
0.00000
0.00000
0.00000
0.00000
0.00000
0.00000
0.00000
0.00000
0.00000
0.03308
0.10986
0.20515
0.30334
0.38831
0.44616
0.46739
0.44852
0.39265
0.30893
0.21110
0.11518
0.00000
0.00000
0.00000
0.00000
0.00000
0.00000
0.00000
0.00000
0.00000
0.00000
0.00000
0.00000
0.03680
0.12222
0.22822
0.33745
0.43198
0.49633
0.51995
0.49896
0.43681
0.34368
0.23484
0.12813
0.00000
0.00000
0.00000
0.00000
0.00000
0.00000
0.00000
0.00000
0.00000
0.00000
0.00000
0.00000
0.04339
0.14410
0.26908
0.39786
0.50932
0.58519
0.61304
0.58829
0.51501
0.40521
0.27688
0.15107
0.00000
0.00000
0.00000
0.00000
0.00000
0.00000
0.00000
0.00000
0.00000
0.00000
0.00000
0.00000
0.04152
0.15280
0.29616
0.44747
0.58128
0.67507
0.71305
0.68884
0.60650
0.47990
0.33034
0.18298
0.00000
0.00000
0.00000
0.00000
0.00000
0.00000
0.00000
0.00000
0.00000
0.00000
0.00000
0.00000
0.03594
0.13228
0.25639
0.38739
0.50323
0.58442
0.61730
0.59634
0.52506
0.41546
0.28598
0.15841
0.00000
0.00000
0.00000
0.00000
0.00000
0.00000
0.00000
0.00000
0.00000
0.00000
0.00000
0.00000
0.02943
0.10831
0.20993
0.31719
0.41205
0.47853
0.50545
0.48829
0.42992
0.34018
0.23416
0.12971
0.00000
0.00000
0.00000
0.00000
0.00000
0.00000
0.00000
0.00000
0.00000
0.00000
0.00000
0.00000
0.04753
0.17494
0.33908
0.51232
0.66552
0.77290
0.81639
0.78866
0.69440
0.54945
0.37821
0.20949
0.00000
0.00000
0.00000
0.00000
0.00000
0.00000
0.00000
0.00000
0.00000
0.00000
0.00000
0.00000
0.04418
0.16261
0.31517
0.47620
0.61859
0.71840
0.75882
0.73305
0.64543
0.51071
0.35154
0.19472
0.00000
0.00000
0.00000
0.00000
0.00000
0.00000
0.00000
0.00000
0.00000
0.00000
0.00000
0.00000
0.02475
0.09109
0.17655
0.26675
0.34652
0.40243
0.42507
0.41064
0.36156
0.28608
0.19692
0.10908
0.00000
0.00000
0.00000
0.00000
0.00000
0.00000
0.00000
0.00000
0.00000
0.00000
0.00000
0.00000
0.01799
0.06620
0.12830
0.19385
0.25182
0.29245
0.30891
0.29842
0.26275
0.20790
0.14311
0.07927
0.00000
0.00000
0.00000
0.00000
0.00000
0.00000
0.00000
0.00000
0.00000
0.00000
0.00000
0.00000
0.03344
0.12308
0.23856
0.36045
0.46823
0.54378
0.57437
0.55487
0.48855
0.38657
0.26609
0.14739
0.00000
0.00000
0.00000
0.00000
0.00000
0.00000
0.00000
0.00000
0.00000
0.00000
0.00000
0.00000
0.03202
0.11784
0.22840
0.34510
0.44829
0.52062
0.54991
0.53124
0.46774
0.37011
0.25476
0.14111
0.00000
0.00000
0.00000
0.00000
0.00000
0.00000
0.00000
0.00000
0.00000
0.00000
0.00000
0.00000
0.04129
0.15196
0.29453
0.44502
0.57809
0.67137
0.70914
0.68506
0.60318
0.47727
0.32853
0.18197
0.00000
0.00000
0.00000
0.00000
0.00000
0.00000
0.00000
0.00000
0.00000
0.00000
0.00000
0.00000
0.03697
0.13607
0.26373
0.39848
0.51764
0.60116
0.63498
0.61342
0.54010
0.42736
0.29417
0.16294
0.00000
0.00000
0.00000
0.00000
0.00000
0.00000
0.00000
0.00000
0.00000
0.00000
0.00000
0.00000
0.03542
0.13036
0.25266
0.38175
0.49591
0.57592
0.60833
0.58767
0.51743
0.40942
0.28182
0.15610
0.00000
0.00000
0.00000
0.00000
0.00000
0.00000
0.00000
0.00000
0.00000
0.00000
0.00000
0.00000
0.03792
0.13956
0.27051
0.40872
0.53094
0.61660
0.65129
0.62918
0.55397
0.43834
0.30173
0.16713
0.00000
0.00000
0.00000
0.00000
0.00000
0.00000
0.00000
0.00000
0.00000
0.00000
0.00000
0.00000
0.04513
0.16608
0.32191
0.48638
0.63182
0.73376
0.77504
0.74873
0.65923
0.52162
0.35906
0.19889
0.00000
0.00000
0.00000
0.00000
0.00000
0.00000
0.00000
0.00000
0.00000
0.00000
0.00000
0.00000
0.04478
0.16481
0.31943
0.48264
0.62696
0.72812
0.76909
0.74297
0.65417
0.51762
0.35630
0.19736
0.00000
0.00000
0.00000
0.00000
0.00000
0.00000
0.00000
0.00000
0.00000
0.00000
0.00000
0.00000
0.04260
0.15679
0.30390
0.45917
0.59648
0.69272
0.73170
0.70685
0.62236
0.49245
0.33898
0.18776
0.00000
0.00000
0.00000
0.00000
0.00000
0.00000
0.00000
0.00000
0.00000
0.00000
0.00000
0.00000
0.04090
0.15054
0.29177
0.44085
0.57268
0.66508
0.70250
0.67864
0.59753
0.47280
0.32545
0.18027
0.00000
0.00000
0.00000
0.00000
0.00000
0.00000
0.00000
0.00000
0.00000
0.00000
0.00000
0.00000
0.02796
0.10290
0.19944
0.30133
0.39144
0.45460
0.48018
0.46387
0.40843
0.32317
0.22245
0.12322
0.00000
0.00000
0.00000
0.00000
0.00000
0.00000
0.00000
0.00000
0.00000
0.00000
0.00000
0.00000
0.03975
0.14629
0.28354
0.42840
0.55651
0.64630
0.68266
0.65948
0.58065
0.45945
0.31626
0.17518
0.00000
0.00000
0.00000
0.00000
0.00000
0.00000
0.00000
0.00000
0.00000
0.00000
0.00000
0.00000
0.02940
0.10821
0.20973
0.31689
0.41165
0.47807
0.50497
0.48782
0.42951
0.33986
0.23394
0.12958
0.00000
0.00000
0.00000
0.00000
0.00000
0.00000
0.00000
0.00000
0.00000
0.00000
0.00000
0.00000
0.02651
0.09755
0.18908
0.28569
0.37112
0.43100
0.45525
0.43979
0.38722
0.30639
0.21091
0.11682
0.00000
0.00000
0.00000
0.00000
0.00000
0.00000
0.00000
0.00000
0.00000
0.00000
0.00000
0.00000
0.02882
0.10608
0.20560
0.31065
0.40355
0.46866
0.49503
0.47822
0.42106
0.33317
0.22933
0.12703
0.00000
0.00000
0.00000
0.00000
0.00000
0.00000
0.00000
0.00000
0.00000
0.00000
0.00000
0.00000
0.04273
0.15725
0.30479
0.46052
0.59822
0.69474
0.73383
0.70891
0.62418
0.49389
0.33997
0.18831
0.00000
0.00000
0.00000
0.00000
0.00000
0.00000
0.00000
0.00000
0.00000
0.00000
0.00000
0.00000
0.03616
0.13306
0.25791
0.38968
0.50621
0.58788
0.62096
0.59987
0.52817
0.41792
0.28768
0.15935
0.00000
0.00000
0.00000
0.00000
0.00000
0.00000
0.00000
0.00000
0.00000
0.00000
0.00000
0.00000
0.04366
0.16069
0.31146
0.47059
0.61132
0.70995
0.74990
0.72443
0.63784
0.50470
0.34741
0.19243
0.00000
0.00000
0.00000
0.00000
0.00000
0.00000
0.00000
0.00000
0.00000
0.00000
0.00000
0.00000
0.03790
0.13947
0.27033
0.40845
0.53059
0.61620
0.65087
0.62877
0.55362
0.43805
0.30153
0.16702
0.00000
0.00000
0.00000
0.00000
0.00000
0.00000
0.00000
0.00000
0.00000
0.00000
0.00000
0.00000
0.03328
0.12250
0.23743
0.35874
0.46602
0.54121
0.57166
0.55225
0.48624
0.38474
0.26484
0.14670
0.00000
0.00000
0.00000
0.00000
0.00000
0.00000
0.00000
0.00000
0.00000
0.00000
0.00000
0.00000
0.03864
0.14221
0.27563
0.41646
0.54099
0.62828
0.66363
0.64109
0.56446
0.44664
0.30744
0.17030
0.00000
0.00000
0.00000
0.00000
0.00000
0.00000
0.00000
0.00000
0.00000
0.00000
0.00000
0.00000
0.03339
0.12287
0.23815
0.35983
0.46743
0.54285
0.57339
0.55392
0.48771
0.38591
0.26564
0.14714
0.00000
0.00000
0.00000
0.00000
0.00000
0.00000
0.00000
0.00000
0.00000
0.00000
0.00000
0.00000
0.02807
0.10332
0.20025
0.30256
0.39304
0.45645
0.48213
0.46576
0.41009
0.32449
0.22336
0.12372
0.00000
0.00000
0.00000
0.00000
0.00000
0.00000
0.00000
0.00000
0.00000
0.00000
0.00000
0.00000
0.04170
0.15345
0.29743
0.44939
0.58377
0.67796
0.71611
0.69179
0.60910
0.48196
0.33175
0.18376
0.00000
0.00000
0.00000
0.00000
0.00000
