0.00000
0.00000
0.00000
0.00000
0.00000
0.00000
0.00000
0.03242
0.11232
0.22490
0.35034
0.46657
0.55316
0.59486
0.58434
0.52344
0.42289
0.30037
0.17744
0.00000
0.00000
0.00000
0.00000
0.00000
0.00000
0.00000
0.00000
0.00000
0.00000
0.00000
0.00000
0.03336
0.11557
0.23140
0.36046
0.48006
0.56914
0.61205
0.60122
0.53857
0.43511
0.30905
0.18257
0.00000
0.00000
0.00000
0.00000
0.00000
0.00000
0.00000
0.00000
0.00000
0.00000
0.00000
0.00000
0.04585
0.15888
0.31811
0.49554
0.65995
0.78242
0.84140
0.82652
0.74039
0.59816
0.42487
0.25099
0.00000
0.00000
0.00000
0.00000
0.00000
0.00000
0.00000
0.00000
0.00000
0.00000
0.00000
0.00000
0.04745
0.16441
0.32919
0.51280
0.68294
0.80968
0.87071
0.85531
0.76618
0.61900
0.43967
0.25973
0.00000
0.00000
0.00000
0.00000
0.00000
0.00000
0.00000
0.00000
0.00000
0.00000
0.00000
0.00000
0.04470
0.15488
0.31011
0.48308
0.64336
0.76275
0.82025
0.80574
0.72178
0.58313
0.41419
0.24468
0.00000
0.00000
0.00000
0.00000
0.00000
0.00000
0.00000
0.00000
0.00000
0.00000
0.00000
0.00000
0.03579
0.12399
0.24826
0.38673
0.51505
0.61063
0.65666
0.64504
0.57782
0.46683
0.33158
0.19588
0.00000
0.00000
0.00000
0.00000
0.00000
0.00000
0.00000
0.00000
0.00000
0.00000
0.00000
0.00000
0.04339
0.15033
0.30099
0.46887
0.62444
0.74032
0.79613
0.78205
0.70055
0.56598
0.40201
0.23748
0.00000
0.00000
0.00000
0.00000
0.00000
0.00000
0.00000
0.00000
0.00000
0.00000
0.00000
0.00000
0.04207
0.14575
0.29182
0.45459
0.60542
0.71777
0.77188
0.75822
0.67921
0.54874
0.38976
0.23025
0.00000
0.00000
0.00000
0.00000
0.00000
0.00000
0.00000
0.00000
0.00000
0.00000
0.00000
0.00000
0.03408
0.11806
0.23639
0.36824
0.49042
0.58143
0.62526
0.61420
0.55020
0.44451
0.31573
0.18651
0.00000
0.00000
0.00000
0.00000
0.00000
0.00000
0.00000
0.00000
0.00000
0.00000
0.00000
0.00000
0.03483
0.12069
0.24166
0.37644
0.50134
0.59438
0.63919
0.62788
0.56245
0.45441
0.32276
0.19067
0.00000
0.00000
0.00000
0.00000
0.00000
0.00000
0.00000
0.00000
0.00000
0.00000
0.00000
0.00000
0.04319
0.14964
0.29961
0.46673
0.62159
0.73694
0.79249
0.77847
0.69735
0.56339
0.40017
0.23640
0.00000
0.00000
0.00000
0.00000
0.00000
0.00000
0.00000
0.00000
0.00000
0.00000
0.00000
0.00000
0.03527
0.12220
0.24468
0.38115
0.50761
0.60181
0.64718
0.63573
0.56948
0.46009
0.32679
0.19305
0.00000
0.00000
0.00000
0.00000
0.00000
0.00000
0.00000
0.00000
0.00000
0.00000
0.00000
0.00000
0.03519
0.12193
0.24414
0.38031
0.50649
0.60048
0.64575
0.63433
0.56823
0.45907
0.32607
0.19262
0.00000
0.00000
0.00000
0.00000
0.00000
0.00000
0.00000
0.00000
0.00000
0.00000
0.00000
0.00000
0.04569
0.15831
0.31698
0.49379
0.65762
0.77965
0.83843
0.82360
0.73777
0.59605
0.42337
0.25010
0.00000
0.00000
0.00000
0.00000
0.00000
0.00000
0.00000
0.00000
0.00000
0.00000
0.00000
0.00000
0.04066
0.14089
0.28210
0.43945
0.58525
0.69386
0.74616
0.73297
0.65658
0.53046
0.37678
0.22258
0.00000
0.00000
0.00000
0.00000
0.00000
0.00000
0.00000
0.00000
0.00000
0.00000
0.00000
0.00000
0.02942
0.10194
0.20411
0.31796
0.42345
0.50203
0.53988
0.53033
0.47506
0.38381
0.27261
0.16104
0.00000
0.00000
0.00000
0.00000
0.00000
0.00000
0.00000
0.00000
0.00000
0.00000
0.00000
0.00000
0.04822
0.16706
0.33450
0.52108
0.69397
0.82275
0.88477
0.86912
0.77855
0.62899
0.44677
0.26392
0.00000
0.00000
0.00000
0.00000
0.00000
0.00000
0.00000
0.00000
0.00000
0.00000
0.00000
0.00000
0.04109
0.14238
0.28507
0.44408
0.59142
0.70117
0.75403
0.74069
0.66350
0.53605
0.38075
0.22492
0.00000
0.00000
0.00000
0.00000
0.00000
0.00000
0.00000
0.00000
0.00000
0.00000
0.00000
0.00000
0.02592
0.08980
0.17979
0.28008
0.37300
0.44222
0.47556
0.46715
0.41847
0.33808
0.24013
0.14186
0.00000
0.00000
0.00000
0.00000
0.00000
0.00000
0.00000
0.00000
0.00000
0.00000
0.00000
0.00000
0.03508
0.12154
0.24335
0.37908
0.50486
0.59855
0.64367
0.63228
0.56639
0.45759
0.32502
0.19200
0.00000
0.00000
0.00000
0.00000
0.00000
0.00000
0.00000
0.00000
0.00000
0.00000
0.00000
0.00000
0.04167
0.14439
0.28911
0.45036
0.59978
0.71109
0.76469
0.75117
0.67289
0.54363
0.38613
0.22810
0.00000
0.00000
0.00000
0.00000
0.00000
0.00000
0.00000
0.00000
0.00000
0.00000
0.00000
0.00000
0.04305
0.14917
0.29868
0.46528
0.61965
0.73464
0.79002
0.77604
0.69517
0.56163
0.39892
0.23566
0.00000
0.00000
0.00000
0.00000
0.00000
0.00000
0.00000
0.00000
0.00000
0.00000
0.00000
0.00000
0.03328
0.11531
0.23088
0.35966
0.47899
0.56788
0.61068
0.59988
0.53737
0.43414
0.30837
0.18216
0.00000
0.00000
0.00000
0.00000
0.00000
0.00000
0.00000
0.00000
0.00000
0.00000
0.00000
0.00000
0.04637
0.16068
0.32172
0.50116
0.66744
0.79130
0.85095
0.83590
0.74879
0.60495
0.42969
0.25383
0.00000
0.00000
0.00000
0.00000
0.00000
0.00000
0.00000
0.00000
0.00000
0.00000
0.00000
0.00000
0.03750
0.12992
0.26013
0.40522
0.53967
0.63982
0.68805
0.67588
0.60545
0.48914
0.34743
0.20524
0.00000
0.00000
0.00000
0.00000
0.00000
0.00000
0.00000
0.00000
0.00000
0.00000
0.00000
0.00000
0.03932
0.13624
0.27278
0.42492
0.56591
0.67093
0.72150
0.70874
0.63488
0.51293
0.36432
0.21522
0.00000
0.00000
0.00000
0.00000
0.00000
0.00000
0.00000
0.00000
0.00000
0.00000
0.00000
0.00000
0.04057
0.14057
0.28145
0.43843
0.58389
0.69225
0.74443
0.73127
0.65506
0.52923
0.37590
0.22206
0.00000
0.00000
0.00000
0.00000
0.00000
0.00000
0.00000
0.00000
0.00000
0.00000
0.00000
0.00000
0.04539
0.15727
0.31490
0.49054
0.65330
0.77454
0.83292
0.81819
0.73293
0.59214
0.42059
0.24846
0.00000
0.00000
0.00000
0.00000
0.00000
0.00000
0.00000
0.00000
0.00000
0.00000
0.00000
0.00000
0.03616
0.12529
0.25087
0.39079
0.52045
0.61704
0.66355
0.65181
0.58389
0.47173
0.33506
0.19793
0.00000
0.00000
0.00000
0.00000
0.00000
0.00000
0.00000
0.00000
0.00000
0.00000
0.00000
0.00000
0.04055
0.14051
0.28134
0.43827
0.58368
0.69199
0.74416
0.73099
0.65482
0.52903
0.37576
0.22198
0.00000
0.00000
0.00000
0.00000
0.00000
0.00000
0.00000
0.00000
0.00000
0.00000
0.00000
0.00000
0.03336
0.11558
0.23142
0.36050
0.48011
0.56921
0.61212
0.60129
0.53863
0.43516
0.30909
0.18259
0.00000
0.00000
0.00000
0.00000
0.00000
0.00000
0.00000
0.00000
0.00000
0.00000
0.00000
0.00000
0.00680
0.13739
0.29072
0.44596
0.58203
0.68044
0.72785
0.71780
0.65167
0.53843
0.39346
0.23645
0.08872
0.00000
0.00000
0.00000
0.00000
0.00000
0.00000
0.00000
0.00000
0.00000
0.00000
0.00000
0.00616
0.12450
0.26345
0.40412
0.52743
0.61661
0.65957
0.65046
0.59053
0.48792
0.35655
0.21427
0.08039
0.00000
0.00000
0.00000
0.00000
0.00000
0.00000
0.00000
0.00000
0.00000
0.00000
0.00000
0.00692
0.13981
0.29584
0.45381
0.59228
0.69243
0.74067
0.73044
0.66314
0.54791
0.40039
0.24061
0.09028
0.00000
0.00000
0.00000
0.00000
0.00000
0.00000
0.00000
0.00000
0.00000
0.00000
0.00000
0.00767
0.15515
0.32830
0.50360
0.65725
0.76839
0.82192
0.81057
0.73589
0.60802
0.44431
0.26701
0.10018
0.00000
0.00000
0.00000
0.00000
0.00000
0.00000
0.00000
0.00000
0.00000
0.00000
0.00000
0.00717
0.14489
0.30658
0.47028
0.61377
0.71755
0.76754
0.75694
0.68720
0.56779
0.41491
0.24934
0.09355
0.00000
0.00000
0.00000
0.00000
0.00000
0.00000
0.00000
0.00000
0.00000
0.00000
0.00000
0.00721
0.14568
0.30825
0.47285
0.61712
0.72147
0.77173
0.76108
0.69095
0.57089
0.41718
0.25070
0.09406
0.00000
0.00000
0.00000
0.00000
0.00000
0.00000
0.00000
0.00000
0.00000
0.00000
0.00000
0.00807
0.16314
0.34521
0.52955
0.69112
0.80798
0.86427
0.85234
0.77381
0.63934
0.46720
0.28076
0.10534
0.00000
0.00000
0.00000
0.00000
0.00000
0.00000
0.00000
0.00000
0.00000
0.00000
0.00000
0.00654
0.13224
0.27981
0.42922
0.56018
0.65490
0.70053
0.69086
0.62721
0.51822
0.37869
0.22757
0.08539
0.00000
0.00000
0.00000
0.00000
0.00000
0.00000
0.00000
0.00000
0.00000
0.00000
0.00000
0.00562
0.11363
0.24044
0.36882
0.48135
0.56275
0.60195
0.59364
0.53895
0.44529
0.32540
0.19555
0.07337
0.00000
0.00000
0.00000
0.00000
0.00000
0.00000
0.00000
0.00000
0.00000
0.00000
0.00000
0.00713
0.14420
0.30512
0.46805
0.61086
0.71416
0.76391
0.75336
0.68395
0.56510
0.41295
0.24816
0.09311
0.00000
0.00000
0.00000
0.00000
0.00000
0.00000
0.00000
0.00000
0.00000
0.00000
0.00000
0.00773
0.15635
0.33084
0.50750
0.66234
0.77434
0.82829
0.81685
0.74159
0.61272
0.44775
0.26907
0.10096
0.00000
0.00000
0.00000
0.00000
0.00000
0.00000
0.00000
0.00000
0.00000
0.00000
0.00000
0.00651
0.13154
0.27834
0.42697
0.55725
0.65147
0.69686
0.68724
0.62392
0.51550
0.37670
0.22638
0.08494
0.00000
0.00000
0.00000
0.00000
0.00000
0.00000
0.00000
0.00000
0.00000
0.00000
0.00000
0.00544
0.10997
0.23269
0.35694
0.46585
0.54462
0.58257
0.57452
0.52159
0.43095
0.31492
0.18925
0.07101
0.00000
0.00000
0.00000
0.00000
0.00000
0.00000
0.00000
0.00000
0.00000
0.00000
0.00000
0.00666
0.13457
0.28476
0.43681
0.57009
0.66649
0.71292
0.70308
0.63830
0.52738
0.38539
0.23160
0.08690
0.00000
0.00000
0.00000
0.00000
0.00000
0.00000
0.00000
0.00000
0.00000
0.00000
0.00000
0.00670
0.13549
0.28670
0.43979
0.57398
0.67103
0.71778
0.70787
0.64265
0.53098
0.38802
0.23318
0.08749
0.00000
0.00000
0.00000
0.00000
0.00000
0.00000
0.00000
0.00000
0.00000
0.00000
0.00000
0.00488
0.09870
0.20884
0.32036
0.41811
0.48881
0.52286
0.51564
0.46813
0.38678
0.28264
0.16985
0.06373
0.00000
0.00000
0.00000
0.00000
0.00000
0.00000
0.00000
0.00000
0.00000
0.00000
0.00000
0.00545
0.11026
0.23330
0.35788
0.46707
0.54605
0.58409
0.57603
0.52296
0.43208
0.31575
0.18975
0.07119
0.00000
0.00000
0.00000
0.00000
0.00000
0.00000
0.00000
0.00000
0.00000
0.00000
0.00000
0.00624
0.12619
0.26701
0.40959
0.53457
0.62496
0.66850
0.65927
0.59853
0.49452
0.36137
0.21717
0.08148
0.00000
0.00000
0.00000
0.00000
0.00000
0.00000
0.00000
0.00000
0.00000
0.00000
0.00000
0.00562
0.11372
0.24062
0.36911
0.48173
0.56319
0.60242
0.59411
0.53937
0.44564
0.32565
0.19570
0.07343
0.00000
0.00000
0.00000
0.00000
0.00000
0.00000
0.00000
0.00000
0.00000
0.00000
0.00000
0.00727
0.14689
0.31081
0.47678
0.62225
0.72747
0.77815
0.76740
0.69670
0.57563
0.42065
0.25279
0.09485
0.00000
0.00000
0.00000
0.00000
0.00000
0.00000
0.00000
0.00000
0.00000
0.00000
0.00000
0.00629
0.12712
0.26899
0.41263
0.53853
0.62959
0.67345
0.66415
0.60296
0.49818
0.36405
0.21878
0.08209
0.00000
0.00000
0.00000
0.00000
0.00000
0.00000
0.00000
0.00000
0.00000
0.00000
0.00000
0.00586
0.11845
0.25064
0.38447
0.50178
0.58662
0.62749
0.61883
0.56181
0.46419
0.33921
0.20384
0.07648
0.00000
0.00000
0.00000
0.00000
0.00000
0.00000
0.00000
0.00000
0.00000
0.00000
0.00000
0.00653
0.13194
0.27919
0.42826
0.55893
0.65345
0.69897
0.68932
0.62581
0.51706
0.37784
0.22706
0.08520
0.00000
0.00000
0.00000
0.00000
0.00000
0.00000
0.00000
0.00000
0.00000
0.00000
0.00000
0.00783
0.15832
0.33501
0.51390
0.67069
0.78410
0.83873
0.82715
0.75094
0.62045
0.45340
0.27247
0.10223
0.00000
0.00000
0.00000
0.00000
0.00000
0.00000
0.00000
0.00000
0.00000
0.00000
0.00000
0.00737
0.14901
0.31531
0.48368
0.63126
0.73800
0.78942
0.77852
0.70679
0.58397
0.42674
0.25645
0.09622
0.00000
0.00000
0.00000
0.00000
0.00000
0.00000
0.00000
0.00000
0.00000
0.00000
0.00000
0.00821
0.16607
0.35141
0.53905
0.70352
0.82248
0.87978
0.86764
0.78770
0.65082
0.47559
0.28580
0.10724
0.00000
0.00000
0.00000
0.00000
0.00000
0.00000
0.00000
0.00000
0.00000
0.00000
0.00000
0.00621
0.12554
0.26564
0.40748
0.53180
0.62173
0.66504
0.65586
0.59543
0.49197
0.35951
0.21604
0.08106
0.00000
0.00000
0.00000
0.00000
0.00000
0.00000
0.00000
0.00000
0.00000
0.00000
0.00000
0.00792
0.16009
0.33874
0.51962
0.67816
0.79283
0.84807
0.83636
0.75930
0.62736
0.45844
0.27550
0.10337
0.00000
0.00000
0.00000
0.00000
0.00000
0.00000
0.00000
0.00000
0.00000
0.00000
0.00470
0.04492
0.13754
0.26636
0.40890
0.54024
0.63746
0.68357
0.67052
0.60058
0.48598
0.34673
0.20715
0.09162
0.00000
0.00000
0.00000
0.00000
0.00000
0.00000
0.00000
0.00000
0.00000
0.00000
0.00489
0.04673
0.14307
0.27707
0.42533
0.56196
0.66309
0.71105
0.69747
0.62473
0.50552
0.36066
0.21547
0.09530
0.00000
0.00000
0.00000
0.00000
0.00000
0.00000
0.00000
0.00000
0.00000
0.00000
0.00552
0.05276
0.16152
0.31281
0.48020
0.63445
0.74863
0.80278
0.78745
0.70532
0.57073
0.40719
0.24327
0.10759
0.00000
0.00000
0.00000
0.00000
0.00000
0.00000
0.00000
0.00000
0.00000
0.00000
0.00536
0.05130
0.15707
0.30419
0.46696
0.61696
0.72798
0.78064
0.76573
0.68587
0.55499
0.39596
0.23656
0.10463
0.00000
0.00000
0.00000
0.00000
0.00000
0.00000
0.00000
0.00000
0.00000
0.00000
0.00390
0.03729
0.11418
0.22112
0.33945
0.44848
0.52919
0.56747
0.55663
0.49857
0.40344
0.28783
0.17196
0.07606
0.00000
0.00000
0.00000
0.00000
0.00000
0.00000
0.00000
0.00000
0.00000
0.00000
0.00404
0.03866
0.11835
0.22919
0.35184
0.46486
0.54851
0.58818
0.57695
0.51678
0.41816
0.29834
0.17824
0.07883
0.00000
0.00000
0.00000
0.00000
0.00000
0.00000
0.00000
0.00000
0.00000
0.00000
0.00448
0.04285
0.13118
0.25404
0.38998
0.51525
0.60797
0.65195
0.63950
0.57280
0.46350
0.33069
0.19756
0.08738
0.00000
0.00000
0.00000
0.00000
0.00000
0.00000
0.00000
0.00000
0.00000
0.00000
0.00430
0.04110
0.12582
0.24366
0.37405
0.49420
0.58313
0.62531
0.61337
0.54940
0.44456
0.31718
0.18949
0.08381
0.00000
0.00000
0.00000
0.00000
0.00000
0.00000
0.00000
0.00000
0.00000
0.00000
0.00558
0.05333
0.16327
0.31619
0.48539
0.64131
0.75672
0.81146
0.79596
0.71294
0.57690
0.41159
0.24590
0.10876
0.00000
0.00000
0.00000
0.00000
0.00000
0.00000
0.00000
0.00000
0.00000
0.00000
0.00600
0.05742
0.17580
0.34045
0.52264
0.69052
0.81478
0.87371
0.85703
0.76764
0.62116
0.44317
0.26476
0.11710
0.00000
0.00000
0.00000
0.00000
0.00000
0.00000
0.00000
0.00000
0.00000
0.00000
0.00456
0.04357
0.13340
0.25835
0.39660
0.52399
0.61829
0.66301
0.65035
0.58252
0.47136
0.33630
0.20092
0.08886
0.00000
0.00000
0.00000
0.00000
0.00000
0.00000
0.00000
0.00000
0.00000
0.00000
0.00579
0.05536
0.16949
0.32824
0.50389
0.66575
0.78555
0.84237
0.82629
0.74011
0.59888
0.42727
0.25527
0.11290
0.00000
0.00000
0.00000
0.00000
0.00000
0.00000
0.00000
0.00000
0.00000
0.00000
0.00484
0.04633
0.14185
0.27471
0.42170
0.55717
0.65743
0.70498
0.69152
0.61939
0.50120
0.35759
0.21363
0.09449
0.00000
0.00000
0.00000
0.00000
0.00000
0.00000
0.00000
0.00000
0.00000
0.00000
0.00378
0.03618
0.11078
0.21454
0.32934
0.43513
0.51343
0.55057
0.54006
0.48373
0.39143
0.27927
0.16684
0.07379
0.00000
0.00000
0.00000
0.00000
0.00000
0.00000
0.00000
0.00000
0.00000
0.00000
0.00501
0.04793
0.14674
0.28418
0.43625
0.57638
0.68011
0.72930
0.71537
0.64076
0.51849
0.36992
0.22100
0.09775
0.00000
0.00000
0.00000
0.00000
0.00000
0.00000
0.00000
0.00000
0.00000
0.00000
0.00318
0.03037
0.09298
0.18007
0.27643
0.36523
0.43095
0.46213
0.45330
0.40602
0.32854
0.23440
0.14004
0.06194
0.00000
0.00000
0.00000
0.00000
0.00000
0.00000
0.00000
0.00000
0.00000
0.00000
0.00585
0.05597
0.17134
0.33183
0.50939
0.67302
0.79414
0.85158
0.83532
0.74819
0.60542
0.43194
0.25806
0.11413
0.00000
0.00000
0.00000
0.00000
0.00000
0.00000
0.00000
0.00000
0.00000
0.00000
0.00529
0.05063
0.15501
0.30020
0.46084
0.60887
0.71843
0.77040
0.75569
0.67687
0.54771
0.39077
0.23346
0.10325
0.00000
0.00000
0.00000
0.00000
0.00000
0.00000
0.00000
0.00000
0.00000
0.00000
0.00481
0.04602
0.14088
0.27283
0.41882
0.55336
0.65294
0.70017
0.68680
0.61517
0.49778
0.35515
0.21217
0.09384
0.00000
0.00000
0.00000
0.00000
0.00000
0.00000
0.00000
0.00000
0.00000
0.00000
0.00482
0.04609
0.14111
0.27329
0.41953
0.55429
0.65403
0.70134
0.68795
0.61620
0.49861
0.35574
0.21253
0.09400
0.00000
0.00000
0.00000
0.00000
0.00000
0.00000
0.00000
0.00000
0.00000
0.00000
0.00328
0.03141
0.09615
0.18622
0.28586
0.37769
0.44566
0.47789
0.46877
0.41987
0.33975
0.24240
0.14482
0.06405
0.00000
0.00000
0.00000
0.00000
0.00000
0.00000
0.00000
0.00000
0.00000
0.00000
0.00338
0.03238
0.09913
0.19197
0.29470
0.38936
0.45943
0.49266
0.48325
0.43285
0.35025
0.24989
0.14929
0.06603
0.00000
0.00000
0.00000
0.00000
0.00000
0.00000
0.00000
0.00000
0.00000
0.00000
0.00334
0.03193
0.09776
0.18933
0.29065
0.38401
0.45311
0.48589
0.47661
0.42690
0.34544
0.24646
0.14724
0.06512
0.00000
0.00000
0.00000
0.00000
0.00000
0.00000
0.00000
0.00000
0.00000
0.00000
0.00277
0.02648
0.08108
0.15703
0.24105
0.31849
0.37580
0.40298
0.39529
0.35406
0.28650
0.20440
0.12212
0.05401
0.00000
0.00000
0.00000
0.00000
0.00000
0.00000
0.00000
0.00000
0.00000
0.00000
0.00593
0.05676
0.17378
0.33655
0.51664
0.68259
0.80543
0.86368
0.84719
0.75883
0.61403
0.43808
0.26173
0.11576
0.00000
0.00000
0.00000
0.00000
0.00000
0.00000
0.00000
0.00000
0.00000
0.00000
0.00581
0.05558
0.17016
0.32955
0.50589
0.66840
0.78868
0.84573
0.82958
0.74305
0.60126
0.42898
0.25628
0.11335
0.00000
0.00000
0.00000
0.00000
0.00000
0.00000
0.00000
0.00000
0.00000
0.00000
0.00459
0.04395
0.13455
0.26057
0.40001
0.52850
0.62360
0.66871
0.65594
0.58753
0.47541
0.33919
0.20264
0.08962
0.00000
0.00000
0.00000
0.00000
0.00000
0.00000
0.00000
0.00000
0.00000
0.00000
0.00543
0.05192
0.15897
0.30786
0.47260
0.62441
0.73677
0.79006
0.77498
0.69415
0.56169
0.40074
0.23942
0.10589
0.00000
0.00000
0.00000
0.00000
0.00000
0.00000
0.00000
0.00000
0.00000
0.00000
0.00302
0.02886
0.08837
0.17114
0.26271
0.34710
0.40956
0.43919
0.43080
0.38587
0.31224
0.22277
0.13309
0.05886
0.00000
0.00000
0.00000
0.00000
0.00000
0.00000
0.00000
0.00000
0.00000
0.00000
0.00554
0.05302
0.16234
0.31439
0.48263
0.63766
0.75240
0.80683
0.79142
0.70888
0.57361
0.40925
0.24450
0.10814
0.00000
0.00000
0.00000
0.00000
0.00000
0.00000
0.00000
0.00000
0.00000
0.00000
0.00497
0.04755
0.14559
0.28195
0.43283
0.57186
0.67477
0.72358
0.70976
0.63573
0.51442
0.36702
0.21927
0.09698
0.00000
0.00000
0.00000
0.00000
0.00000
0.00000
0.00000
0.00000
0.00000
0.00000
0.00000
0.04845
0.15445
0.29790
0.45471
0.59854
0.70523
0.75686
0.74477
0.67097
0.54788
0.39615
0.24128
0.00000
0.00000
0.00000
0.00000
0.00000
0.00000
0.00000
0.00000
0.00000
0.00000
0.00000
0.00000
0.03934
0.12541
0.24188
0.36921
0.48599
0.57262
0.61454
0.60472
0.54480
0.44485
0.32166
0.19591
0.00000
0.00000
0.00000
0.00000
0.00000
0.00000
0.00000
0.00000
0.00000
0.00000
0.00000
0.00000
0.01854
0.05910
0.11398
0.17398
0.22901
0.26984
0.28959
0.28496
0.25673
0.20963
0.15158
0.09232
0.00000
0.00000
0.00000
0.00000
0.00000
0.00000
0.00000
0.00000
0.00000
0.00000
0.00000
0.00000
0.03137
0.10001
0.19290
0.29444
0.38757
0.45666
0.49009
0.48226
0.43448
0.35477
0.25652
0.15624
0.00000
0.00000
0.00000
0.00000
0.00000
0.00000
0.00000
0.00000
0.00000
0.00000
0.00000
0.00000
0.04315
0.13756
0.26532
0.40498
0.53307
0.62809
0.67408
0.66330
0.59758
0.48795
0.35282
0.21489
0.00000
0.00000
0.00000
0.00000
0.00000
0.00000
0.00000
0.00000
0.00000
0.00000
0.00000
0.00000
0.04600
0.14666
0.28287
0.43177
0.56834
0.66964
0.71867
0.70719
0.63712
0.52023
0.37616
0.22911
0.00000
0.00000
0.00000
0.00000
0.00000
0.00000
0.00000
0.00000
0.00000
0.00000
0.00000
0.00000
0.04098
0.13066
0.25201
0.38466
0.50634
0.59659
0.64027
0.63004
0.56761
0.46348
0.33513
0.20412
0.00000
0.00000
0.00000
0.00000
0.00000
0.00000
0.00000
0.00000
0.00000
0.00000
0.00000
0.00000
0.02511
0.08006
0.15441
0.23569
0.31024
0.36554
0.39230
0.38604
0.34779
0.28398
0.20534
0.12506
0.00000
0.00000
0.00000
0.00000
0.00000
0.00000
0.00000
0.00000
0.00000
0.00000
0.00000
0.00000
0.04564
0.14549
0.28062
0.42833
0.56382
0.66432
0.71296
0.70156
0.63205
0.51610
0.37317
0.22729
0.00000
0.00000
0.00000
0.00000
0.00000
0.00000
0.00000
0.00000
0.00000
0.00000
0.00000
0.00000
0.04696
0.14972
0.28878
0.44079
0.58022
0.68364
0.73369
0.72197
0.65044
0.53111
0.38403
0.23390
0.00000
0.00000
0.00000
0.00000
0.00000
0.00000
0.00000
0.00000
0.00000
0.00000
0.00000
0.00000
0.02761
0.08801
0.16976
0.25911
0.34107
0.40187
0.43129
0.42440
0.38235
0.31220
0.22575
0.13749
0.00000
0.00000
0.00000
0.00000
0.00000
0.00000
0.00000
0.00000
0.00000
0.00000
0.00000
0.00000
0.04646
0.14811
0.28567
0.43603
0.57395
0.67626
0.72577
0.71417
0.64341
0.52537
0.37988
0.23137
0.00000
0.00000
0.00000
0.00000
0.00000
0.00000
0.00000
0.00000
0.00000
0.00000
0.00000
0.00000
0.03996
0.12740
0.24572
0.37506
0.49370
0.58170
0.62429
0.61431
0.55344
0.45191
0.32676
0.19902
0.00000
0.00000
0.00000
0.00000
0.00000
0.00000
0.00000
0.00000
0.00000
0.00000
0.00000
0.00000
0.04045
0.12897
0.24875
0.37968
0.49978
0.58886
0.63198
0.62188
0.56026
0.45748
0.33079
0.20147
0.00000
0.00000
0.00000
0.00000
0.00000
0.00000
0.00000
0.00000
0.00000
0.00000
0.00000
0.00000
0.04237
0.13509
0.26057
0.39772
0.52352
0.61684
0.66200
0.65143
0.58688
0.47921
0.34651
0.21104
0.00000
0.00000
0.00000
0.00000
0.00000
0.00000
0.00000
0.00000
0.00000
0.00000
0.00000
0.00000
0.04247
0.13540
0.26116
0.39862
0.52471
0.61824
0.66351
0.65290
0.58821
0.48030
0.34729
0.21152
0.00000
0.00000
0.00000
0.00000
0.00000
0.00000
0.00000
0.00000
0.00000
0.00000
0.00000
0.00000
0.03822
0.12185
0.23502
0.35873
0.47220
0.55637
0.59710
0.58756
0.52935
0.43223
0.31254
0.19035
0.00000
0.00000
0.00000
0.00000
0.00000
0.00000
0.00000
0.00000
0.00000
0.00000
0.00000
0.00000
0.03928
0.12524
0.24156
0.36872
0.48534
0.57186
0.61373
0.60392
0.54408
0.44427
0.32123
0.19565
0.00000
0.00000
0.00000
0.00000
0.00000
0.00000
0.00000
0.00000
0.00000
0.00000
0.00000
0.00000
0.04398
0.14021
0.27043
0.41278
0.54334
0.64019
0.68706
0.67608
0.60910
0.49735
0.35962
0.21903
0.00000
0.00000
0.00000
0.00000
0.00000
0.00000
0.00000
0.00000
0.00000
0.00000
0.00000
0.00000
0.04554
0.14519
0.28004
0.42744
0.56265
0.66294
0.71148
0.70011
0.63074
0.51502
0.37240
0.22682
0.00000
0.00000
0.00000
0.00000
0.00000
0.00000
0.00000
0.00000
0.00000
0.00000
0.00000
0.00000
0.02962
0.09443
0.18214
0.27801
0.36595
0.43118
0.46275
0.45535
0.41024
0.33498
0.24221
0.14752
0.00000
0.00000
0.00000
0.00000
0.00000
0.00000
0.00000
0.00000
0.00000
0.00000
0.00000
0.00000
0.05399
0.17212
0.33199
0.50673
0.66702
0.78591
0.84345
0.82997
0.74774
0.61056
0.44148
0.26889
0.00000
0.00000
0.00000
0.00000
0.00000
0.00000
0.00000
0.00000
0.00000
0.00000
0.00000
0.00000
0.04071
0.12978
0.25033
0.38209
0.50295
0.59260
0.63599
0.62582
0.56382
0.46038
0.33289
0.20275
0.00000
0.00000
0.00000
0.00000
0.00000
0.00000
0.00000
0.00000
0.00000
0.00000
0.00000
0.00000
0.03432
0.10941
0.21103
0.32211
0.42400
0.49958
0.53615
0.52758
0.47531
0.38811
0.28063
0.17092
0.00000
0.00000
0.00000
0.00000
0.00000
0.00000
0.00000
0.00000
0.00000
0.00000
0.00000
0.00000
0.03074
0.09800
0.18902
0.28851
0.37977
0.44746
0.48022
0.47255
0.42573
0.34762
0.25136
0.15309
0.00000
0.00000
0.00000
0.00000
0.00000
0.00000
0.00000
0.00000
0.00000
0.00000
0.00000
0.00000
0.03714
0.11841
0.22839
0.34861
0.45888
0.54067
0.58026
0.57099
0.51441
0.42004
0.30372
0.18498
0.00000
0.00000
0.00000
0.00000
0.00000
0.00000
0.00000
0.00000
0.00000
0.00000
0.00000
0.00000
0.03570
0.11382
0.21954
0.33510
0.44109
0.51972
0.55777
0.54886
0.49448
0.40376
0.29195
0.17781
0.00000
0.00000
0.00000
0.00000
0.00000
0.00000
0.00000
0.00000
0.00000
0.00000
0.00000
0.00000
0.04227
0.13476
0.25993
0.39675
0.52225
0.61534
0.66039
0.64984
0.58545
0.47805
0.34566
0.21053
0.00000
0.00000
0.00000
0.00000
0.00000
0.00000
0.00000
0.00000
0.00000
0.00000
0.00000
0.00000
0.04381
0.13966
0.26938
0.41118
0.54123
0.63771
0.68440
0.67346
0.60674
0.49543
0.35823
0.21818
0.00000
0.00000
0.00000
0.00000
0.00000
0.00000
0.00000
0.00000
0.00000
0.00000
0.00000
0.00000
0.04585
0.14619
0.28197
0.43039
0.56652
0.66751
0.71638
0.70493
0.63508
0.51857
0.37496
0.22838
0.00000
0.00000
0.00000
0.00000
0.00000
0.00000
0.00000
0.00000
0.00000
0.00000
0.00000
0.00255
0.05758
0.15182
0.27085
0.39648
0.50949
0.59260
0.63311
0.62483
0.56901
0.47420
0.35489
0.22932
0.00000
0.00000
0.00000
0.00000
0.00000
0.00000
0.00000
0.00000
0.00000
0.00000
0.00000
0.00144
0.03261
0.08597
0.15338
0.22451
0.28851
0.33557
0.35852
0.35382
0.32222
0.26853
0.20096
0.12986
0.00000
0.00000
0.00000
0.00000
0.00000
0.00000
0.00000
0.00000
0.00000
0.00000
0.00000
0.00278
0.06269
0.16528
0.29486
0.43161
0.55464
0.64512
0.68922
0.68020
0.61943
0.51622
0.38634
0.24964
0.00000
0.00000
0.00000
0.00000
0.00000
0.00000
0.00000
0.00000
0.00000
0.00000
0.00000
0.00287
0.06472
0.17064
0.30443
0.44563
0.57265
0.66607
0.71160
0.70229
0.63955
0.53298
0.39888
0.25775
0.00000
0.00000
0.00000
0.00000
0.00000
0.00000
0.00000
0.00000
0.00000
0.00000
0.00000
0.00289
0.06517
0.17183
0.30655
0.44873
0.57663
0.67070
0.71655
0.70717
0.64400
0.53669
0.40165
0.25954
0.00000
0.00000
0.00000
0.00000
0.00000
0.00000
0.00000
0.00000
0.00000
0.00000
0.00000
0.00200
0.04520
0.11916
0.21259
0.31119
0.39989
0.46512
0.49692
0.49041
0.44660
0.37219
0.27854
0.17999
0.00000
0.00000
0.00000
0.00000
0.00000
0.00000
0.00000
0.00000
0.00000
0.00000
0.00000
0.00167
0.03780
0.09966
0.17779
0.26025
0.33443
0.38899
0.41558
0.41014
0.37350
0.31127
0.23295
0.15053
0.00000
0.00000
0.00000
0.00000
0.00000
0.00000
0.00000
0.00000
0.00000
0.00000
0.00000
0.00236
0.05338
0.14073
0.25107
0.36752
0.47227
0.54932
0.58687
0.57919
0.52745
0.43956
0.32897
0.21257
0.00000
0.00000
0.00000
0.00000
0.00000
0.00000
0.00000
0.00000
0.00000
0.00000
0.00000
0.00234
0.05294
0.13958
0.24902
0.36451
0.46841
0.54483
0.58207
0.57445
0.52314
0.43597
0.32628
0.21083
0.00000
0.00000
0.00000
0.00000
0.00000
0.00000
0.00000
0.00000
0.00000
0.00000
0.00000
0.00257
0.05811
0.15320
0.27332
0.40008
0.51412
0.59799
0.63887
0.63051
0.57418
0.47851
0.35811
0.23140
0.00000
0.00000
0.00000
0.00000
0.00000
0.00000
0.00000
0.00000
0.00000
0.00000
0.00000
0.00268
0.06064
0.15989
0.28524
0.41754
0.53655
0.62408
0.66675
0.65802
0.59924
0.49939
0.37374
0.24150
0.00000
0.00000
0.00000
0.00000
0.00000
0.00000
0.00000
0.00000
0.00000
0.00000
0.00000
0.00233
0.05263
0.13876
0.24754
0.36236
0.46564
0.54160
0.57863
0.57106
0.52004
0.43339
0.32435
0.20959
0.00000
0.00000
0.00000
0.00000
0.00000
0.00000
0.00000
0.00000
0.00000
0.00000
0.00000
0.00264
0.05954
0.15697
0.28003
0.40991
0.52675
0.61268
0.65456
0.64600
0.58829
0.49026
0.36691
0.23709
0.00000
0.00000
0.00000
0.00000
0.00000
0.00000
0.00000
0.00000
0.00000
0.00000
0.00000
0.00174
0.03926
0.10350
0.18465
0.27030
0.34734
0.40401
0.43163
0.42598
0.38792
0.32329
0.24194
0.15634
0.00000
0.00000
0.00000
0.00000
0.00000
0.00000
0.00000
0.00000
0.00000
0.00000
0.00000
0.00227
0.05121
0.13501
0.24087
0.35259
0.45308
0.52700
0.56302
0.55566
0.50602
0.42170
0.31560
0.20393
0.00000
0.00000
0.00000
0.00000
0.00000
0.00000
0.00000
0.00000
0.00000
0.00000
0.00000
0.00242
0.05461
0.14399
0.25688
0.37603
0.48321
0.56204
0.60046
0.59260
0.53966
0.44974
0.33658
0.21749
0.00000
0.00000
0.00000
0.00000
0.00000
0.00000
0.00000
0.00000
0.00000
0.00000
0.00000
0.00327
0.07392
0.19490
0.34771
0.50898
0.65406
0.76076
0.81277
0.80213
0.73048
0.60876
0.45559
0.29439
0.00000
0.00000
0.00000
0.00000
0.00000
0.00000
0.00000
0.00000
0.00000
0.00000
0.00000
0.00287
0.06484
0.17096
0.30499
0.44645
0.57370
0.66729
0.71291
0.70358
0.64072
0.53396
0.39961
0.25822
0.00000
0.00000
0.00000
0.00000
0.00000
0.00000
0.00000
0.00000
0.00000
0.00000
0.00000
0.00255
0.05757
0.15178
0.27077
0.39636
0.50933
0.59242
0.63292
0.62464
0.56884
0.47406
0.35478
0.22925
0.00000
0.00000
0.00000
0.00000
0.00000
0.00000
0.00000
0.00000
0.00000
0.00000
0.00000
0.00259
0.05855
0.15437
0.27539
0.40312
0.51802
0.60253
0.64372
0.63530
0.57854
0.48214
0.36083
0.23316
0.00000
0.00000
0.00000
0.00000
0.00000
0.00000
0.00000
0.00000
0.00000
0.00000
0.00000
0.00263
0.05930
0.15635
0.27894
0.40831
0.52469
0.61029
0.65201
0.64348
0.58599
0.48835
0.36548
0.23616
0.00000
0.00000
0.00000
0.00000
0.00000
0.00000
0.00000
0.00000
0.00000
0.00000
0.00000
0.00287
0.06479
0.17083
0.30476
0.44612
0.57327
0.66679
0.71238
0.70305
0.64025
0.53357
0.39932
0.25803
0.00000
0.00000
0.00000
0.00000
0.00000
0.00000
0.00000
0.00000
0.00000
0.00000
0.00000
0.00253
0.05709
0.15051
0.26852
0.39306
0.50509
0.58749
0.62765
0.61944
0.56410
0.47011
0.35183
0.22734
0.00000
0.00000
0.00000
0.00000
0.00000
0.00000
0.00000
0.00000
0.00000
0.00000
0.00000
0.00179
0.04041
0.10654
0.19007
0.27822
0.35753
0.41585
0.44428
0.43847
0.39930
0.33276
0.24904
0.16092
0.00000
0.00000
0.00000
0.00000
0.00000
0.00000
0.00000
0.00000
0.00000
0.00000
0.00000
0.00230
0.05196
0.13698
0.24438
0.35772
0.45969
0.53468
0.57123
0.56375
0.51339
0.42785
0.32020
0.20690
0.00000
0.00000
0.00000
0.00000
0.00000
0.00000
0.00000
0.00000
0.00000
0.00000
0.00000
0.00198
0.04464
0.11770
0.20998
0.30737
0.39498
0.45942
0.49082
0.48440
0.44113
0.36762
0.27513
0.17778
0.00000
0.00000
0.00000
0.00000
0.00000
0.00000
0.00000
0.00000
0.00000
0.00000
0.00000
0.00272
0.06149
0.16212
0.28923
0.42338
0.54405
0.63281
0.67607
0.66722
0.60762
0.50637
0.37897
0.24488
0.00000
0.00000
0.00000
0.00000
0.00000
0.00000
0.00000
0.00000
0.00000
0.00000
0.00000
0.00202
0.04568
0.12045
0.21488
0.31455
0.40420
0.47014
0.50228
0.49571
0.45143
0.37621
0.28155
0.18193
0.00000
0.00000
0.00000
0.00000
0.00000
0.00000
0.00000
0.00000
0.00000
0.00000
0.00000
0.00168
0.03793
0.10001
0.17841
0.26116
0.33560
0.39035
0.41703
0.41157
0.37481
0.31235
0.23376
0.15105
0.00000
0.00000
0.00000
0.00000
0.00000
0.00000
0.00000
0.00000
0.00000
0.00000
0.00000
0.00221
0.04999
0.13179
0.23512
0.34417
0.44227
0.51442
0.54959
0.54240
0.49395
0.41164
0.30807
0.19907
0.00000
0.00000
0.00000
0.00000
0.00000
0.00000
0.00000
0.00000
0.00000
0.00000
0.00000
0.00203
0.04592
0.12106
0.21598
0.31615
0.40626
0.47254
0.50484
0.49823
0.45372
0.37812
0.28298
0.18286
0.00000
0.00000
0.00000
0.00000
0.00000
0.00000
0.00000
0.00000
0.00000
0.00000
0.00000
0.01039
0.06423
0.14929
0.25332
0.36139
0.45796
0.52914
0.56470
0.55954
0.51439
0.43574
0.33490
0.22637
0.00000
0.00000
0.00000
0.00000
0.00000
0.00000
0.00000
0.00000
0.00000
0.00000
0.00000
0.01171
0.07236
0.16817
0.28537
0.40711
0.51589
0.59608
0.63614
0.63032
0.57946
0.49086
0.37727
0.25500
0.00000
0.00000
0.00000
0.00000
0.00000
0.00000
0.00000
0.00000
0.00000
0.00000
0.00000
0.01182
0.07303
0.16974
0.28803
0.41090
0.52069
0.60162
0.64206
0.63619
0.58485
0.49543
0.38078
0.25738
0.00000
0.00000
0.00000
0.00000
0.00000
0.00000
0.00000
0.00000
0.00000
0.00000
0.00000
0.00851
0.05261
0.12228
0.20750
0.29602
0.37512
0.43342
0.46255
0.45832
0.42134
0.35691
0.27432
0.18542
0.00000
0.00000
0.00000
0.00000
0.00000
0.00000
0.00000
0.00000
0.00000
0.00000
0.00000
0.00774
0.04781
0.11112
0.18855
0.26899
0.34086
0.39385
0.42032
0.41647
0.38286
0.32433
0.24927
0.16849
0.00000
0.00000
0.00000
0.00000
0.00000
0.00000
0.00000
0.00000
0.00000
0.00000
0.00000
0.00684
0.04226
0.09822
0.16667
0.23777
0.30130
0.34813
0.37153
0.36813
0.33842
0.28668
0.22034
0.14893
0.00000
0.00000
0.00000
0.00000
0.00000
0.00000
0.00000
0.00000
0.00000
0.00000
0.00000
0.00852
0.05264
0.12235
0.20761
0.29618
0.37532
0.43366
0.46280
0.45857
0.42157
0.35711
0.27447
0.18552
0.00000
0.00000
0.00000
0.00000
0.00000
0.00000
0.00000
0.00000
0.00000
0.00000
0.00000
0.01129
0.06980
0.16223
0.27529
0.39274
0.49767
0.57503
0.61368
0.60806
0.55900
0.47353
0.36394
0.24600
0.00000
0.00000
0.00000
0.00000
0.00000
0.00000
0.00000
0.00000
0.00000
0.00000
0.00000
0.01158
0.07159
0.16638
0.28233
0.40277
0.51039
0.58972
0.62936
0.62360
0.57328
0.48563
0.37325
0.25228
0.00000
0.00000
0.00000
0.00000
0.00000
0.00000
0.00000
0.00000
0.00000
0.00000
0.00000
0.01090
0.06740
0.15664
0.26580
0.37920
0.48052
0.55521
0.59252
0.58710
0.53973
0.45721
0.35140
0.23752
0.00000
0.00000
0.00000
0.00000
0.00000
0.00000
0.00000
0.00000
0.00000
0.00000
0.00000
0.01224
0.07566
0.17584
0.29839
0.42568
0.53942
0.62326
0.66515
0.65907
0.60588
0.51325
0.39447
0.26663
0.00000
0.00000
0.00000
0.00000
0.00000
0.00000
0.00000
0.00000
0.00000
0.00000
0.00000
0.00779
0.04812
0.11185
0.18979
0.27076
0.34311
0.39644
0.42308
0.41921
0.38539
0.32646
0.25091
0.16960
0.00000
0.00000
0.00000
0.00000
0.00000
0.00000
0.00000
0.00000
0.00000
0.00000
0.00000
0.01055
0.06521
0.15154
0.25716
0.36686
0.46489
0.53715
0.57325
0.56800
0.52217
0.44233
0.33997
0.22979
0.00000
0.00000
0.00000
0.00000
0.00000
0.00000
0.00000
0.00000
0.00000
0.00000
0.00000
0.01156
0.07143
0.16602
0.28172
0.40191
0.50930
0.58846
0.62801
0.62227
0.57205
0.48459
0.37245
0.25174
0.00000
0.00000
0.00000
0.00000
0.00000
0.00000
0.00000
0.00000
0.00000
0.00000
0.00000
0.00514
0.03176
0.07381
0.12525
0.17869
0.22643
0.26163
0.27921
0.27666
0.25433
0.21545
0.16559
0.11193
0.00000
0.00000
0.00000
0.00000
0.00000
0.00000
0.00000
0.00000
0.00000
0.00000
0.00000
0.00594
0.03673
0.08536
0.14485
0.20665
0.26186
0.30257
0.32290
0.31995
0.29413
0.24916
0.19150
0.12944
0.00000
0.00000
0.00000
0.00000
0.00000
0.00000
0.00000
0.00000
0.00000
0.00000
0.00000
0.01328
0.08207
0.19073
0.32366
0.46173
0.58511
0.67605
0.72149
0.71489
0.65720
0.55672
0.42788
0.28922
0.00000
0.00000
0.00000
0.00000
0.00000
0.00000
0.00000
0.00000
0.00000
0.00000
0.00000
0.01347
0.08328
0.19356
0.32845
0.46857
0.59378
0.68607
0.73218
0.72548
0.66694
0.56497
0.43422
0.29350
0.00000
0.00000
0.00000
0.00000
0.00000
0.00000
0.00000
0.00000
0.00000
0.00000
0.00000
0.01241
0.07671
0.17829
0.30254
0.43160
0.54693
0.63194
0.67441
0.66824
0.61432
0.52039
0.39996
0.27034
0.00000
0.00000
0.00000
0.00000
0.00000
0.00000
0.00000
0.00000
0.00000
0.00000
0.00000
0.01253
0.07746
0.18003
0.30549
0.43581
0.55226
0.63810
0.68098
0.67475
0.62030
0.52546
0.40386
0.27298
0.00000
0.00000
0.00000
0.00000
0.00000
0.00000
0.00000
0.00000
0.00000
0.00000
0.00000
0.00934
0.05774
0.13420
0.22772
0.32487
0.41167
0.47566
0.50763
0.50298
0.46240
0.39170
0.30105
0.20349
0.00000
0.00000
0.00000
0.00000
0.00000
0.00000
0.00000
0.00000
0.00000
0.00000
0.00000
0.01246
0.07700
0.17897
0.30369
0.43324
0.54901
0.63434
0.67697
0.67078
0.61665
0.52237
0.40148
0.27137
0.00000
0.00000
0.00000
0.00000
0.00000
0.00000
0.00000
0.00000
0.00000
0.00000
0.00000
0.01160
0.07172
0.16669
0.28285
0.40352
0.51134
0.59082
0.63053
0.62476
0.57435
0.48653
0.37394
0.25275
0.00000
0.00000
0.00000
0.00000
0.00000
0.00000
0.00000
0.00000
0.00000
0.00000
0.00000
0.01136
0.07023
0.16322
0.27696
0.39511
0.50069
0.57851
0.61739
0.61174
0.56238
0.47639
0.36615
0.24749
0.00000
0.00000
0.00000
0.00000
0.00000
0.00000
0.00000
0.00000
0.00000
0.00000
0.00000
0.00835
0.05164
0.12001
0.20365
0.29052
0.36815
0.42538
0.45396
0.44981
0.41352
0.35029
0.26923
0.18198
0.00000
0.00000
0.00000
0.00000
0.00000
0.00000
0.00000
0.00000
0.00000
0.00000
0.00000
0.01032
0.06381
0.14831
0.25166
0.35902
0.45495
0.52567
0.56100
0.55586
0.51101
0.43288
0.33270
0.22488
0.00000
0.00000
0.00000
0.00000
0.00000
0.00000
0.00000
0.00000
0.00000
0.00000
0.00000
0.01187
0.07333
0.17044
0.28921
0.41259
0.52284
0.60411
0.64471
0.63881
0.58726
0.49747
0.38235
0.25844
0.00000
0.00000
0.00000
0.00000
0.00000
0.00000
0.00000
0.00000
0.00000
0.00000
0.00000
0.01135
0.07018
0.16311
0.27678
0.39485
0.50036
0.57813
0.61699
0.61134
0.56201
0.47608
0.36591
0.24733
0.00000
0.00000
0.00000
0.00000
0.00000
0.00000
0.00000
0.00000
0.00000
0.00000
0.00000
0.00773
0.04778
0.11104
0.18843
0.26882
0.34065
0.39359
0.42005
0.41620
0.38262
0.32412
0.24911
0.16838
0.00000
0.00000
0.00000
0.00000
0.00000
0.00000
0.00000
0.00000
0.00000
0.00000
0.00000
0.01000
0.06180
0.14364
0.24374
0.34772
0.44063
0.50912
0.54334
0.53837
0.49493
0.41926
0.32223
0.21780
0.00000
0.00000
0.00000
0.00000
0.00000
0.00000
0.00000
0.00000
0.00000
0.00000
0.00000
0.02427
0.07204
0.15302
0.25528
0.36374
0.46244
0.53683
0.57596
0.57404
0.53138
0.45426
0.35403
0.24546
0.14455
0.00000
0.00000
0.00000
0.00000
0.00000
0.00000
0.00000
0.00000
0.00000
0.00000
0.01926
0.05716
0.12140
0.20253
0.28858
0.36688
0.42590
0.45694
0.45542
0.42158
0.36039
0.28087
0.19474
0.11468
0.00000
0.00000
0.00000
0.00000
0.00000
0.00000
0.00000
0.00000
0.00000
0.00000
0.02346
0.06963
0.14789
0.24672
0.35155
0.44694
0.51883
0.55664
0.55480
0.51357
0.43902
0.34216
0.23723
0.13971
0.00000
0.00000
0.00000
0.00000
0.00000
0.00000
0.00000
0.00000
0.00000
0.00000
0.02293
0.06804
0.14452
0.24110
0.34355
0.43676
0.50702
0.54397
0.54217
0.50188
0.42903
0.33437
0.23183
0.13653
0.00000
0.00000
0.00000
0.00000
0.00000
0.00000
0.00000
0.00000
0.00000
0.00000
0.03298
0.09789
0.20791
0.34684
0.49422
0.62832
0.72940
0.78255
0.77995
0.72199
0.61720
0.48102
0.33351
0.19640
0.00000
0.00000
0.00000
0.00000
0.00000
0.00000
0.00000
0.00000
0.00000
0.00000
0.02472
0.07335
0.15581
0.25992
0.37036
0.47086
0.54660
0.58644
0.58449
0.54105
0.46252
0.36047
0.24993
0.14718
0.00000
0.00000
0.00000
0.00000
0.00000
0.00000
0.00000
0.00000
0.00000
0.00000
0.02247
0.06670
0.14168
0.23635
0.33678
0.42816
0.49704
0.53326
0.53149
0.49199
0.42058
0.32778
0.22727
0.13384
0.00000
0.00000
0.00000
0.00000
0.00000
0.00000
0.00000
0.00000
0.00000
0.00000
0.02482
0.07367
0.15648
0.26105
0.37197
0.47291
0.54898
0.58899
0.58703
0.54340
0.46453
0.36204
0.25101
0.14782
0.00000
0.00000
0.00000
0.00000
0.00000
0.00000
0.00000
0.00000
0.00000
0.00000
0.01983
0.05885
0.12499
0.20852
0.29712
0.37774
0.43851
0.47046
0.46890
0.43406
0.37105
0.28918
0.20050
0.11808
0.00000
0.00000
0.00000
0.00000
0.00000
0.00000
0.00000
0.00000
0.00000
0.00000
0.02380
0.07063
0.15001
0.25025
0.35659
0.45335
0.52627
0.56462
0.56275
0.52093
0.44532
0.34706
0.24063
0.14171
0.00000
0.00000
0.00000
0.00000
0.00000
0.00000
0.00000
0.00000
0.00000
0.00000
0.02650
0.07866
0.16707
0.27870
0.39713
0.50488
0.58610
0.62881
0.62673
0.58015
0.49595
0.38652
0.26799
0.15782
0.00000
0.00000
0.00000
0.00000
0.00000
0.00000
0.00000
0.00000
0.00000
0.00000
0.01963
0.05827
0.12377
0.20648
0.29422
0.37405
0.43422
0.46587
0.46432
0.42981
0.36743
0.28636
0.19854
0.11692
0.00000
0.00000
0.00000
0.00000
0.00000
0.00000
0.00000
0.00000
0.00000
0.00000
0.02648
0.07859
0.16692
0.27846
0.39677
0.50443
0.58558
0.62825
0.62617
0.57963
0.49550
0.38617
0.26775
0.15768
0.00000
0.00000
0.00000
0.00000
0.00000
0.00000
0.00000
0.00000
0.00000
0.00000
0.03275
0.09719
0.20644
0.34440
0.49073
0.62389
0.72425
0.77702
0.77445
0.71689
0.61284
0.47762
0.33115
0.19502
0.00000
0.00000
0.00000
0.00000
0.00000
0.00000
0.00000
0.00000
0.00000
0.00000
0.01821
0.05406
0.11482
0.19155
0.27293
0.34699
0.40281
0.43217
0.43073
0.39872
0.34085
0.26564
0.18418
0.10846
0.00000
0.00000
0.00000
0.00000
0.00000
0.00000
0.00000
0.00000
0.00000
0.00000
0.02432
0.07219
0.15333
0.25580
0.36449
0.46339
0.53793
0.57713
0.57522
0.53247
0.45518
0.35475
0.24596
0.14485
0.00000
0.00000
0.00000
0.00000
0.00000
0.00000
0.00000
0.00000
0.00000
0.00000
0.02204
0.06541
0.13893
0.23178
0.33026
0.41987
0.48741
0.52293
0.52120
0.48246
0.41244
0.32143
0.22286
0.13125
0.00000
0.00000
0.00000
0.00000
0.00000
0.00000
0.00000
0.00000
0.00000
0.00000
0.01979
0.05875
0.12478
0.20817
0.29662
0.37710
0.43777
0.46967
0.46811
0.43332
0.37043
0.28869
0.20016
0.11788
0.00000
0.00000
0.00000
0.00000
0.00000
0.00000
0.00000
0.00000
0.00000
0.00000
0.02392
0.07099
0.15077
0.25153
0.35840
0.45565
0.52895
0.56749
0.56561
0.52358
0.44758
0.34883
0.24185
0.14243
0.00000
0.00000
0.00000
0.00000
0.00000
0.00000
0.00000
0.00000
0.00000
0.00000
0.02513
0.07460
0.15844
0.26432
0.37663
0.47882
0.55585
0.59636
0.59438
0.55021
0.47035
0.36657
0.25415
0.14967
0.00000
0.00000
0.00000
0.00000
0.00000
0.00000
0.00000
0.00000
0.00000
0.00000
0.02451
0.07276
0.15454
0.25781
0.36735
0.46703
0.54216
0.58167
0.57974
0.53665
0.45876
0.35754
0.24789
0.14599
0.00000
0.00000
0.00000
0.00000
0.00000
0.00000
0.00000
0.00000
0.00000
0.00000
0.02007
0.05958
0.12655
0.21111
0.30082
0.38244
0.44396
0.47632
0.47474
0.43945
0.37567
0.29278
0.20300
0.11955
0.00000
0.00000
0.00000
0.00000
0.00000
0.00000
0.00000
0.00000
0.00000
0.00000
0.01750
0.05193
0.11031
0.18402
0.26220
0.33335
0.38698
0.41518
0.41380
0.38305
0.32745
0.25520
0.17694
0.10420
0.00000
0.00000
0.00000
0.00000
0.00000
0.00000
0.00000
0.00000
0.00000
0.00000
0.01757
0.05213
0.11073
0.18473
0.26322
0.33464
0.38847
0.41678
0.41540
0.38453
0.32872
0.25619
0.17762
0.10460
0.00000
0.00000
0.00000
0.00000
0.00000
0.00000
0.00000
0.00000
0.00000
0.00000
0.02020
0.05996
0.12736
0.21247
0.30275
0.38490
0.44681
0.47938
0.47779
0.44228
0.37808
0.29466
0.20430
0.12031
0.00000
0.00000
0.00000
0.00000
0.00000
0.00000
0.00000
0.00000
0.00000
0.00000
0.01920
0.05697
0.12101
0.20187
0.28765
0.36570
0.42452
0.45546
0.45395
0.42021
0.35922
0.27996
0.19411
0.11431
0.00000
0.00000
0.00000
0.00000
0.00000
0.00000
0.00000
0.00000
0.00000
0.00000
0.02114
0.06276
0.13329
0.22236
0.31685
0.40282
0.46762
0.50170
0.50003
0.46287
0.39569
0.30838
0.21381
0.12591
0.00000
0.00000
0.00000
0.00000
0.00000
0.00000
0.00000
0.00000
0.00000
0.00000
0.02907
0.08629
0.18328
0.30576
0.43567
0.55389
0.64299
0.68985
0.68756
0.63646
0.54408
0.42403
0.29400
0.17314
0.00000
0.00000
0.00000
0.00000
0.00000
0.00000
0.00000
0.00000
0.00000
0.00000
0.01889
0.05606
0.11908
0.19865
0.28305
0.35985
0.41774
0.44818
0.44670
0.41350
0.35348
0.27549
0.19101
0.11248
0.00000
0.00000
0.00000
0.00000
0.00000
0.00000
0.00000
0.00000
0.00000
0.00000
0.01997
0.05927
0.12589
0.21001
0.29924
0.38044
0.44164
0.47383
0.47225
0.43716
0.37371
0.29125
0.20193
0.11892
0.00000
0.00000
0.00000
0.00000
0.00000
0.00000
0.00000
0.00000
0.00000
0.00000
0.02339
0.06942
0.14744
0.24597
0.35048
0.44559
0.51726
0.55496
0.55312
0.51201
0.43770
0.34112
0.23651
0.13928
0.00000
0.00000
0.00000
0.00000
0.00000
0.00000
0.00000
0.00000
0.00000
0.00000
0.01468
0.07014
0.16411
0.28266
0.40821
0.52214
0.60758
0.65184
0.64837
0.59768
0.50728
0.39058
0.26489
0.00000
0.00000
0.00000
0.00000
0.00000
0.00000
0.00000
0.00000
0.00000
0.00000
0.00000
0.01188
0.05674
0.13275
0.22865
0.33021
0.42238
0.49148
0.52729
0.52448
0.48347
0.41035
0.31595
0.21427
0.00000
0.00000
0.00000
0.00000
0.00000
0.00000
0.00000
0.00000
0.00000
0.00000
0.00000
0.01329
0.06347
0.14851
0.25579
0.36940
0.47251
0.54982
0.58988
0.58673
0.54086
0.45906
0.35346
0.23971
0.00000
0.00000
0.00000
0.00000
0.00000
0.00000
0.00000
0.00000
0.00000
0.00000
0.00000
0.01473
0.07038
0.16468
0.28363
0.40962
0.52395
0.60968
0.65409
0.65061
0.59974
0.50903
0.39193
0.26580
0.00000
0.00000
0.00000
0.00000
0.00000
0.00000
0.00000
0.00000
0.00000
0.00000
0.00000
0.01635
0.07812
0.18277
0.31480
0.45462
0.58152
0.67667
0.72596
0.72209
0.66564
0.56496
0.43500
0.29501
0.00000
0.00000
0.00000
0.00000
0.00000
0.00000
0.00000
0.00000
0.00000
0.00000
0.00000
0.01475
0.07047
0.16488
0.28399
0.41013
0.52460
0.61044
0.65491
0.65142
0.60049
0.50967
0.39242
0.26613
0.00000
0.00000
0.00000
0.00000
0.00000
0.00000
0.00000
0.00000
0.00000
0.00000
0.00000
0.00998
0.04768
0.11156
0.19215
0.27750
0.35496
0.41304
0.44312
0.44076
0.40630
0.34485
0.26552
0.18007
0.00000
0.00000
0.00000
0.00000
0.00000
0.00000
0.00000
0.00000
0.00000
0.00000
0.00000
0.01489
0.07115
0.16647
0.28672
0.41407
0.52965
0.61631
0.66121
0.65768
0.60626
0.51457
0.39620
0.26869
0.00000
0.00000
0.00000
0.00000
0.00000
0.00000
0.00000
0.00000
0.00000
0.00000
0.00000
0.01376
0.06571
0.15374
0.26480
0.38241
0.48915
0.56919
0.61065
0.60740
0.55991
0.47523
0.36590
0.24815
0.00000
0.00000
0.00000
0.00000
0.00000
0.00000
0.00000
0.00000
0.00000
0.00000
0.00000
0.00869
0.04153
0.09716
0.16734
0.24167
0.30913
0.35970
0.38591
0.38385
0.35384
0.30033
0.23124
0.15682
0.00000
0.00000
0.00000
0.00000
0.00000
0.00000
0.00000
0.00000
0.00000
0.00000
0.00000
0.01230
0.05877
0.13751
0.23684
0.34204
0.43751
0.50909
0.54618
0.54327
0.50079
0.42505
0.32727
0.22195
0.00000
0.00000
0.00000
0.00000
0.00000
0.00000
0.00000
0.00000
0.00000
0.00000
0.00000
0.01704
0.08139
0.19044
0.32800
0.47370
0.60591
0.70505
0.75642
0.75239
0.69356
0.58866
0.45325
0.30739
0.00000
0.00000
0.00000
0.00000
0.00000
0.00000
0.00000
0.00000
0.00000
0.00000
0.00000
0.01245
0.05947
0.13914
0.23966
0.34611
0.44272
0.51515
0.55268
0.54974
0.50676
0.43011
0.33117
0.22459
0.00000
0.00000
0.00000
0.00000
0.00000
0.00000
0.00000
0.00000
0.00000
0.00000
0.00000
0.01031
0.04927
0.11528
0.19856
0.28676
0.36680
0.42681
0.45791
0.45547
0.41986
0.35636
0.27438
0.18608
0.00000
0.00000
0.00000
0.00000
0.00000
0.00000
0.00000
0.00000
0.00000
0.00000
0.00000
0.01775
0.08480
0.19841
0.34174
0.49354
0.63129
0.73458
0.78810
0.78390
0.72261
0.61332
0.47223
0.32026
0.00000
0.00000
0.00000
0.00000
0.00000
0.00000
0.00000
0.00000
0.00000
0.00000
0.00000
0.01534
0.07328
0.17146
0.29531
0.42648
0.54552
0.63478
0.68103
0.67740
0.62444
0.52999
0.40807
0.27675
0.00000
0.00000
0.00000
0.00000
0.00000
0.00000
0.00000
0.00000
0.00000
0.00000
0.00000
0.01342
0.06410
0.14999
0.25833
0.37308
0.47721
0.55530
0.59575
0.59257
0.54624
0.46363
0.35697
0.24209
0.00000
0.00000
0.00000
0.00000
0.00000
0.00000
0.00000
0.00000
0.00000
0.00000
0.00000
0.00912
0.04358
0.10196
0.17562
0.25362
0.32442
0.37750
0.40500
0.40284
0.37134
0.31518
0.24268
0.16458
0.00000
0.00000
0.00000
0.00000
0.00000
0.00000
0.00000
0.00000
0.00000
0.00000
0.00000
0.00752
0.03594
0.08408
0.14481
0.20914
0.26751
0.31128
0.33396
0.33218
0.30621
0.25990
0.20011
0.13571
0.00000
0.00000
0.00000
0.00000
0.00000
0.00000
0.00000
0.00000
0.00000
0.00000
0.00000
0.01334
0.06373
0.14910
0.25681
0.37088
0.47441
0.55203
0.59224
0.58909
0.54303
0.46090
0.35487
0.24067
0.00000
0.00000
0.00000
0.00000
0.00000
0.00000
0.00000
0.00000
0.00000
0.00000
0.00000
0.01379
0.06588
0.15414
0.26549
0.38341
0.49043
0.57068
0.61225
0.60899
0.56137
0.47647
0.36686
0.24880
0.00000
0.00000
0.00000
0.00000
0.00000
0.00000
0.00000
0.00000
0.00000
0.00000
0.00000
0.01361
0.06499
0.15207
0.26192
0.37825
0.48383
0.56300
0.60401
0.60079
0.55382
0.47006
0.36192
0.24545
0.00000
0.00000
0.00000
0.00000
0.00000
0.00000
0.00000
0.00000
0.00000
0.00000
0.00000
0.01142
0.05455
0.12764
0.21985
0.31750
0.40612
0.47257
0.50700
0.50430
0.46487
0.39456
0.30380
0.20603
0.00000
0.00000
0.00000
0.00000
0.00000
0.00000
0.00000
0.00000
0.00000
0.00000
0.00000
0.01254
0.05990
0.14015
0.24139
0.34861
0.44591
0.51887
0.55667
0.55371
0.51042
0.43322
0.33356
0.22622
0.00000
0.00000
0.00000
0.00000
0.00000
0.00000
0.00000
0.00000
0.00000
0.00000
0.00000
0.01366
0.06526
0.15268
0.26297
0.37978
0.48579
0.56527
0.60645
0.60322
0.55606
0.47196
0.36339
0.24644
0.00000
0.00000
0.00000
0.00000
0.00000
0.00000
0.00000
0.00000
0.00000
0.00000
0.00000
0.01108
0.05295
0.12389
0.21338
0.30816
0.39418
0.45867
0.49209
0.48947
0.45120
0.38296
0.29486
0.19997
0.00000
0.00000
0.00000
0.00000
0.00000
0.00000
0.00000
0.00000
0.00000
0.00000
0.00000
0.00905
0.04325
0.10119
0.17428
0.25169
0.32194
0.37462
0.40191
0.39977
0.36851
0.31278
0.24082
0.16332
0.00000
0.00000
0.00000
0.00000
0.00000
0.00000
0.00000
0.00000
0.00000
0.00000
0.00000
0.00801
0.03825
0.08949
0.15413
0.22260
0.28473
0.33132
0.35545
0.35356
0.32592
0.27662
0.21299
0.14445
0.00000
0.00000
0.00000
0.00000
0.00000
0.00000
0.00000
0.00000
0.00000
0.00000
0.00000
0.01166
0.05572
0.13037
0.22454
0.32428
0.41479
0.48266
0.51782
0.51506
0.47480
0.40298
0.31028
0.21043
0.00000
0.00000
0.00000
0.00000
0.00000
0.00000
0.00000
0.00000
0.00000
0.00000
0.00000
0.01225
0.05853
0.13694
0.23586
0.34062
0.43569
0.50698
0.54392
0.54102
0.49872
0.42329
0.32592
0.22103
0.00000
0.00000
0.00000
0.00000
0.00000
0.00000
0.00000
0.00000
0.00000
0.00000
0.00000
0.00922
0.04405
0.10308
0.17754
0.25639
0.32796
0.38162
0.40942
0.40724
0.37540
0.31862
0.24532
0.16638
0.00000
0.00000
0.00000
0.00000
0.00000
0.00000
0.00000
0.00000
0.00000
0.00000
0.00000
0.01163
0.07071
0.16826
0.28951
0.41609
0.52884
0.61069
0.64923
0.63865
0.58053
0.48367
0.36276
0.23608
0.00000
0.00000
0.00000
0.00000
0.00000
0.00000
0.00000
0.00000
0.00000
0.00000
0.00000
0.00936
0.05693
0.13547
0.23309
0.33500
0.42577
0.49167
0.52270
0.51418
0.46739
0.38941
0.29206
0.19007
0.00000
0.00000
0.00000
0.00000
0.00000
0.00000
0.00000
0.00000
0.00000
0.00000
0.00000
0.01179
0.07172
0.17066
0.29364
0.42202
0.53638
0.61939
0.65849
0.64775
0.58880
0.49057
0.36793
0.23945
0.00000
0.00000
0.00000
0.00000
0.00000
0.00000
0.00000
0.00000
0.00000
0.00000
0.00000
0.00838
0.05098
0.12130
0.20871
0.29997
0.38125
0.44025
0.46804
0.46041
0.41851
0.34869
0.26152
0.17020
0.00000
0.00000
0.00000
0.00000
0.00000
0.00000
0.00000
0.00000
0.00000
0.00000
0.00000
0.01579
0.09600
0.22843
0.39304
0.56489
0.71796
0.82907
0.88141
0.86703
0.78813
0.65664
0.49248
0.32051
0.00000
0.00000
0.00000
0.00000
0.00000
0.00000
0.00000
0.00000
0.00000
0.00000
0.00000
0.00986
0.05996
0.14269
0.24550
0.35285
0.44846
0.51787
0.55055
0.54157
0.49229
0.41016
0.30762
0.20020
0.00000
0.00000
0.00000
0.00000
0.00000
0.00000
0.00000
0.00000
0.00000
0.00000
0.00000
0.00989
0.06012
0.14306
0.24615
0.35377
0.44963
0.51922
0.55199
0.54299
0.49357
0.41123
0.30842
0.20072
0.00000
0.00000
0.00000
0.00000
0.00000
0.00000
0.00000
0.00000
0.00000
0.00000
0.00000
0.01310
0.07968
0.18961
0.32624
0.46888
0.59594
0.68817
0.73161
0.71968
0.65418
0.54504
0.40878
0.26604
0.00000
0.00000
0.00000
0.00000
0.00000
0.00000
0.00000
0.00000
0.00000
0.00000
0.00000
0.01042
0.06338
0.15082
0.25950
0.37296
0.47402
0.54738
0.58193
0.57244
0.52034
0.43353
0.32515
0.21161
0.00000
0.00000
0.00000
0.00000
0.00000
0.00000
0.00000
0.00000
0.00000
0.00000
0.00000
0.01137
0.06912
0.16447
0.28298
0.40671
0.51692
0.59692
0.63460
0.62425
0.56744
0.47277
0.35458
0.23076
0.00000
0.00000
0.00000
0.00000
0.00000
0.00000
0.00000
0.00000
0.00000
0.00000
0.00000
0.01320
0.08026
0.19099
0.32861
0.47229
0.60027
0.69317
0.73692
0.72490
0.65893
0.54900
0.41175
0.26797
0.00000
0.00000
0.00000
0.00000
0.00000
0.00000
0.00000
0.00000
0.00000
0.00000
0.00000
0.01121
0.06816
0.16219
0.27906
0.40108
0.50976
0.58865
0.62581
0.61560
0.55958
0.46622
0.34967
0.22757
0.00000
0.00000
0.00000
0.00000
0.00000
0.00000
0.00000
0.00000
0.00000
0.00000
0.00000
0.01543
0.09380
0.22321
0.38406
0.55198
0.70155
0.81013
0.86126
0.84722
0.77012
0.64164
0.48123
0.31319
0.00000
0.00000
0.00000
0.00000
0.00000
0.00000
0.00000
0.00000
0.00000
0.00000
0.00000
0.00900
0.05475
0.13029
0.22418
0.32220
0.40950
0.47288
0.50273
0.49453
0.44953
0.37453
0.28090
0.18281
0.00000
0.00000
0.00000
0.00000
0.00000
0.00000
0.00000
0.00000
0.00000
0.00000
0.00000
0.00980
0.05957
0.14175
0.24390
0.35054
0.44553
0.51448
0.54696
0.53804
0.48907
0.40748
0.30561
0.19889
0.00000
0.00000
0.00000
0.00000
0.00000
0.00000
0.00000
0.00000
0.00000
0.00000
0.00000
0.01037
0.06309
0.15012
0.25829
0.37122
0.47181
0.54483
0.57922
0.56977
0.51792
0.43151
0.32364
0.21062
0.00000
0.00000
0.00000
0.00000
0.00000
0.00000
0.00000
0.00000
0.00000
0.00000
0.00000
0.01055
0.06413
0.15259
0.26255
0.37734
0.47959
0.55382
0.58877
0.57917
0.52646
0.43863
0.32897
0.21410
0.00000
0.00000
0.00000
0.00000
0.00000
0.00000
0.00000
0.00000
0.00000
0.00000
0.00000
0.01353
0.08227
0.19578
0.33685
0.48413
0.61532
0.71055
0.75540
0.74308
0.67545
0.56276
0.42208
0.27469
0.00000
0.00000
0.00000
0.00000
0.00000
0.00000
0.00000
0.00000
0.00000
0.00000
0.00000
0.00899
0.05468
0.13011
0.22386
0.32174
0.40893
0.47221
0.50202
0.49383
0.44889
0.37400
0.28050
0.18255
0.00000
0.00000
0.00000
0.00000
0.00000
0.00000
0.00000
0.00000
0.00000
0.00000
0.00000
0.01041
0.06332
0.15068
0.25925
0.37261
0.47358
0.54687
0.58139
0.57191
0.51986
0.43313
0.32485
0.21141
0.00000
0.00000
0.00000
0.00000
0.00000
0.00000
0.00000
0.00000
0.00000
0.00000
0.00000
0.01193
0.07253
0.17259
0.29696
0.42680
0.54245
0.62640
0.66594
0.65508
0.59547
0.49612
0.37209
0.24216
0.00000
0.00000
0.00000
0.00000
0.00000
0.00000
0.00000
0.00000
0.00000
0.00000
0.00000
0.01125
0.06839
0.16275
0.28002
0.40246
0.51151
0.59068
0.62796
0.61772
0.56150
0.46783
0.35087
0.22835
0.00000
0.00000
0.00000
0.00000
0.00000
0.00000
0.00000
0.00000
0.00000
0.00000
0.00000
0.00841
0.05113
0.12168
0.20936
0.30090
0.38243
0.44162
0.46949
0.46184
0.41981
0.34977
0.26233
0.17072
0.00000
0.00000
0.00000
0.00000
0.00000
0.00000
0.00000
0.00000
0.00000
0.00000
0.00000
0.01131
0.06878
0.16365
0.28158
0.40470
0.51436
0.59397
0.63146
0.62116
0.56463
0.47043
0.35283
0.22962
0.00000
0.00000
0.00000
0.00000
0.00000
0.00000
0.00000
0.00000
0.00000
0.00000
0.00000
0.00835
0.05075
0.12077
0.20780
0.29865
0.37958
0.43833
0.46599
0.45839
0.41668
0.34716
0.26037
0.16945
0.00000
0.00000
0.00000
0.00000
0.00000
0.00000
0.00000
0.00000
0.00000
0.00000
0.00000
0.00649
0.03945
0.09388
0.16152
0.23215
0.29506
0.34072
0.36223
0.35632
0.32389
0.26986
0.20239
0.13172
0.00000
0.00000
0.00000
0.00000
0.00000
0.00000
0.00000
0.00000
0.00000
0.00000
0.00000
0.01181
0.07183
0.17093
0.29410
0.42269
0.53723
0.62037
0.65953
0.64878
0.58974
0.49135
0.36851
0.23983
0.00000
0.00000
0.00000
0.00000
0.00000
0.00000
0.00000
0.00000
0.00000
0.00000
0.00000
0.00996
0.06054
0.14406
0.24787
0.35625
0.45278
0.52286
0.55586
0.54679
0.49703
0.41411
0.31058
0.20213
0.00000
0.00000
0.00000
0.00000
0.00000
0.00000
0.00000
0.00000
0.00000
0.00000
0.00000
0.01171
0.07120
0.16942
0.29150
0.41896
0.53248
0.61489
0.65371
0.64305
0.58453
0.48701
0.36526
0.23771
0.00000
0.00000
0.00000
0.00000
0.00000
0.00000
0.00000
0.00000
0.00000
0.00000
0.00000
0.01231
0.07488
0.17817
0.30656
0.44060
0.55999
0.64665
0.68747
0.67626
0.61471
0.51216
0.38412
0.24999
0.00000
0.00000
0.00000
0.00000
0.00000
0.00000
0.00000
0.00000
0.00000
0.00000
0.00000
0.00840
0.05848
0.14162
0.24441
0.35029
0.44219
0.50530
0.52944
0.51073
0.45218
0.36323
0.25822
0.15406
0.00000
0.00000
0.00000
0.00000
0.00000
0.00000
0.00000
0.00000
0.00000
0.00000
0.00000
0.00683
0.04755
0.11514
0.19871
0.28479
0.35950
0.41081
0.43044
0.41523
0.36763
0.29531
0.20993
0.12525
0.00000
0.00000
0.00000
0.00000
0.00000
0.00000
0.00000
0.00000
0.00000
0.00000
0.00000
0.00645
0.04489
0.10869
0.18759
0.26885
0.33938
0.38782
0.40635
0.39199
0.34705
0.27878
0.19818
0.11824
0.00000
0.00000
0.00000
0.00000
0.00000
0.00000
0.00000
0.00000
0.00000
0.00000
0.00000
0.01097
0.07638
0.18496
0.31922
0.45750
0.57752
0.65995
0.69148
0.66705
0.59058
0.47440
0.33724
0.20121
0.00000
0.00000
0.00000
0.00000
0.00000
0.00000
0.00000
0.00000
0.00000
0.00000
0.00000
0.01014
0.07059
0.17094
0.29502
0.42282
0.53375
0.60992
0.63907
0.61648
0.54581
0.43844
0.31168
0.18596
0.00000
0.00000
0.00000
0.00000
0.00000
0.00000
0.00000
0.00000
0.00000
0.00000
0.00000
0.00962
0.06698
0.16219
0.27992
0.40117
0.50642
0.57870
0.60635
0.58492
0.51787
0.41600
0.29573
0.17644
0.00000
0.00000
0.00000
0.00000
0.00000
0.00000
0.00000
0.00000
0.00000
0.00000
0.00000
0.01159
0.08070
0.19542
0.33726
0.48336
0.61017
0.69725
0.73056
0.70475
0.62396
0.50121
0.35631
0.21258
0.00000
0.00000
0.00000
0.00000
0.00000
0.00000
0.00000
0.00000
0.00000
0.00000
0.00000
0.01271
0.08848
0.21426
0.36977
0.52995
0.66899
0.76446
0.80099
0.77268
0.68411
0.54953
0.39065
0.23308
0.00000
0.00000
0.00000
0.00000
0.00000
0.00000
0.00000
0.00000
0.00000
0.00000
0.00000
0.00756
0.05265
0.12749
0.22003
0.31534
0.39808
0.45489
0.47663
0.45978
0.40707
0.32700
0.23246
0.13869
0.00000
0.00000
0.00000
0.00000
0.00000
0.00000
0.00000
0.00000
0.00000
0.00000
0.00000
0.01169
0.08141
0.19715
0.34025
0.48765
0.61558
0.70344
0.73705
0.71100
0.62949
0.50566
0.35947
0.21447
0.00000
0.00000
0.00000
0.00000
0.00000
0.00000
0.00000
0.00000
0.00000
0.00000
0.00000
0.01116
0.07771
0.18818
0.32476
0.46545
0.58756
0.67142
0.70350
0.67864
0.60084
0.48265
0.34311
0.20471
0.00000
0.00000
0.00000
0.00000
0.00000
0.00000
0.00000
0.00000
0.00000
0.00000
0.00000
0.00989
0.06888
0.16680
0.28788
0.41258
0.52083
0.59516
0.62360
0.60156
0.53260
0.42783
0.30414
0.18146
0.00000
0.00000
0.00000
0.00000
0.00000
0.00000
0.00000
0.00000
0.00000
0.00000
0.00000
0.00701
0.04882
0.11822
0.20402
0.29241
0.36912
0.42180
0.44196
0.42634
0.37746
0.30321
0.21555
0.12860
0.00000
0.00000
0.00000
0.00000
0.00000
0.00000
0.00000
0.00000
0.00000
0.00000
0.00000
0.01041
0.07248
0.17551
0.30291
0.43413
0.54802
0.62624
0.65616
0.63297
0.56041
0.45017
0.32002
0.19093
0.00000
0.00000
0.00000
0.00000
0.00000
0.00000
0.00000
0.00000
0.00000
0.00000
0.00000
0.01239
0.08628
0.20893
0.36058
0.51679
0.65237
0.74547
0.78109
0.75349
0.66711
0.53588
0.38095
0.22729
0.00000
0.00000
0.00000
0.00000
0.00000
0.00000
0.00000
0.00000
0.00000
0.00000
0.00000
0.00208
0.01449
0.03509
0.06057
0.08680
0.10958
0.12521
0.13120
0.12656
0.11205
0.09001
0.06399
0.03818
0.00000
0.00000
0.00000
0.00000
0.00000
0.00000
0.00000
0.00000
0.00000
0.00000
0.00000
0.00532
0.03705
0.08973
0.15485
0.22193
0.28016
0.32014
0.33544
0.32359
0.28649
0.23013
0.16360
0.09761
0.00000
0.00000
0.00000
0.00000
0.00000
0.00000
0.00000
0.00000
0.00000
0.00000
0.00000
0.01162
0.08091
0.19593
0.33813
0.48461
0.61175
0.69906
0.73246
0.70658
0.62558
0.50252
0.35723
0.21314
0.00000
0.00000
0.00000
0.00000
0.00000
0.00000
0.00000
0.00000
0.00000
0.00000
0.00000
0.00991
0.06899
0.16706
0.28831
0.41320
0.52161
0.59605
0.62453
0.60246
0.53340
0.42847
0.30459
0.18173
0.00000
0.00000
0.00000
0.00000
0.00000
0.00000
0.00000
0.00000
0.00000
0.00000
0.00000
0.01068
0.07433
0.18000
0.31065
0.44523
0.56204
0.64225
0.67294
0.64916
0.57474
0.46168
0.32820
0.19582
0.00000
0.00000
0.00000
0.00000
0.00000
0.00000
0.00000
0.00000
0.00000
0.00000
0.00000
0.01042
0.07252
0.17562
0.30309
0.43439
0.54835
0.62661
0.65655
0.63335
0.56075
0.45044
0.32021
0.19105
0.00000
0.00000
0.00000
0.00000
0.00000
0.00000
0.00000
0.00000
0.00000
0.00000
0.00000
0.01054
0.07336
0.17764
0.30657
0.43938
0.55465
0.63381
0.66409
0.64062
0.56718
0.45561
0.32389
0.19324
0.00000
0.00000
0.00000
0.00000
0.00000
0.00000
0.00000
0.00000
0.00000
0.00000
0.00000
0.00988
0.06881
0.16664
0.28758
0.41217
0.52030
0.59455
0.62296
0.60095
0.53206
0.42739
0.30383
0.18127
0.00000
0.00000
0.00000
0.00000
0.00000
0.00000
0.00000
0.00000
0.00000
0.00000
0.00000
0.00888
0.06182
0.14971
0.25837
0.37030
0.46745
0.53416
0.55968
0.53991
0.47801
0.38398
0.27297
0.16286
0.00000
0.00000
0.00000
0.00000
0.00000
0.00000
0.00000
0.00000
0.00000
0.00000
0.00000
0.01118
0.07783
0.18846
0.32525
0.46615
0.58845
0.67243
0.70456
0.67966
0.60175
0.48338
0.34362
0.20502
0.00000
0.00000
0.00000
0.00000
0.00000
0.00000
0.00000
0.00000
0.00000
0.00000
0.00000
0.00902
0.06281
0.15211
0.26251
0.37623
0.47494
0.54272
0.56866
0.54856
0.48568
0.39014
0.27734
0.16547
0.00000
0.00000
0.00000
0.00000
0.00000
0.00000
0.00000
0.00000
0.00000
0.00000
0.00000
0.01034
0.07203
0.17442
0.30102
0.43142
0.54460
0.62232
0.65206
0.62902
0.55691
0.44736
0.31802
0.18974
0.00000
0.00000
0.00000
0.00000
0.00000
0.00000
0.00000
0.00000
0.00000
0.00000
0.00000
0.00893
0.06215
0.15050
0.25974
0.37225
0.46992
0.53698
0.56264
0.54276
0.48054
0.38601
0.27441
0.16372
0.00000
0.00000
0.00000
0.00000
0.00000
0.00000
0.00000
0.00000
0.00000
0.00000
0.00000
0.01017
0.07081
0.17147
0.29592
0.42412
0.53538
0.61179
0.64102
0.61837
0.54748
0.43979
0.31264
0.18653
0.00000
0.00000
0.00000
0.00000
0.00000
0.00000
0.00000
0.00000
0.00000
0.00000
0.00000
0.00706
0.04915
0.11903
0.20542
0.29441
0.37165
0.42470
0.44499
0.42926
0.38005
0.30529
0.21703
0.12949
0.00000
0.00000
0.00000
0.00000
0.00000
0.00000
0.00000
0.00000
0.00000
0.00000
0.00000
0.01166
0.08119
0.19662
0.33933
0.48632
0.61391
0.70152
0.73504
0.70907
0.62778
0.50429
0.35849
0.21389
0.00000
0.00000
0.00000
0.00000
0.00000
0.00000
0.00000
0.00000
0.00000
0.00000
0.00000
0.00000
0.03064
0.10174
0.18998
0.28090
0.35960
0.41317
0.43282
0.41535
0.36361
0.28609
0.19549
0.10666
0.00000
0.00000
0.00000
0.00000
0.00000
0.00000
0.00000
0.00000
0.00000
0.00000
0.00000
0.00000
0.04047
0.13439
0.25095
0.37105
0.47500
0.54575
0.57172
0.54864
0.48030
0.37790
0.25822
0.14089
0.00000
0.00000
0.00000
0.00000
0.00000
0.00000
0.00000
0.00000
0.00000
0.00000
0.00000
0.00000
0.04172
0.13854
0.25871
0.38253
0.48969
0.56264
0.58941
0.56562
0.49516
0.38959
0.26621
0.14525
0.00000
0.00000
0.00000
0.00000
0.00000
0.00000
0.00000
0.00000
0.00000
0.00000
0.00000
0.00000
0.04307
0.14303
0.26709
0.39491
0.50554
0.58085
0.60849
0.58392
0.51119
0.40220
0.27483
0.14995
0.00000
0.00000
0.00000
0.00000
0.00000
0.00000
0.00000
0.00000
0.00000
0.00000
0.00000
0.00000
0.05276
0.17520
0.32716
0.48373
0.61925
0.71150
0.74535
0.71526
0.62617
0.49266
0.33664
0.18368
0.00000
0.00000
0.00000
0.00000
0.00000
0.00000
0.00000
0.00000
0.00000
0.00000
0.00000
0.00000
0.02844
0.09444
0.17635
0.26075
0.33380
0.38352
0.40177
0.38555
0.33752
0.26556
0.18146
0.09901
0.00000
0.00000
0.00000
0.00000
0.00000
0.00000
0.00000
0.00000
0.00000
0.00000
0.00000
0.00000
0.02881
0.09568
0.17867
0.26417
0.33818
0.38855
0.40704
0.39061
0.34195
0.26905
0.18384
0.10031
0.00000
0.00000
0.00000
0.00000
0.00000
0.00000
0.00000
0.00000
0.00000
0.00000
0.00000
0.00000
0.03454
0.11470
0.21420
0.31671
0.40543
0.46583
0.48799
0.46829
0.40996
0.32255
0.22040
0.12026
0.00000
0.00000
0.00000
0.00000
0.00000
0.00000
0.00000
0.00000
0.00000
0.00000
0.00000
0.00000
0.02800
0.09297
0.17361
0.25670
0.32861
0.37756
0.39552
0.37956
0.33228
0.26143
0.17864
0.09747
0.00000
0.00000
0.00000
0.00000
0.00000
0.00000
0.00000
0.00000
0.00000
0.00000
0.00000
0.00000
0.04119
0.13680
0.25545
0.37770
0.48352
0.55554
0.58198
0.55848
0.48891
0.38468
0.26285
0.14342
0.00000
0.00000
0.00000
0.00000
0.00000
0.00000
0.00000
0.00000
0.00000
0.00000
0.00000
0.00000
0.04046
0.13438
0.25093
0.37102
0.47497
0.54572
0.57168
0.54861
0.48027
0.37787
0.25820
0.14088
0.00000
0.00000
0.00000
0.00000
0.00000
0.00000
0.00000
0.00000
0.00000
0.00000
0.00000
0.00000
0.05345
0.17749
0.33144
0.49006
0.62735
0.72081
0.75510
0.72462
0.63436
0.49911
0.34105
0.18608
0.00000
0.00000
0.00000
0.00000
0.00000
0.00000
0.00000
0.00000
0.00000
0.00000
0.00000
0.00000
0.03773
0.12531
0.23400
0.34598
0.44291
0.50888
0.53310
0.51158
0.44785
0.35237
0.24078
0.13137
0.00000
0.00000
0.00000
0.00000
0.00000
0.00000
0.00000
0.00000
0.00000
0.00000
0.00000
0.00000
0.02949
0.09795
0.18291
0.27045
0.34621
0.39779
0.41671
0.39989
0.35008
0.27544
0.18821
0.10269
0.00000
0.00000
0.00000
0.00000
0.00000
0.00000
0.00000
0.00000
0.00000
0.00000
0.00000
0.00000
0.03203
0.10638
0.19865
0.29372
0.37601
0.43202
0.45257
0.43430
0.38020
0.29914
0.20441
0.11153
0.00000
0.00000
0.00000
0.00000
0.00000
0.00000
0.00000
0.00000
0.00000
0.00000
0.00000
0.00000
0.02604
0.08647
0.16148
0.23876
0.30564
0.35117
0.36788
0.35303
0.30906
0.24316
0.16616
0.09066
0.00000
0.00000
0.00000
0.00000
0.00000
0.00000
0.00000
0.00000
0.00000
0.00000
0.00000
0.00000
0.03931
0.13056
0.24380
0.36047
0.46146
0.53020
0.55543
0.53301
0.46661
0.36713
0.25086
0.13687
0.00000
0.00000
0.00000
0.00000
0.00000
0.00000
0.00000
0.00000
0.00000
0.00000
0.00000
0.00000
0.01173
0.03895
0.07273
0.10754
0.13766
0.15817
0.16570
0.15901
0.13920
0.10952
0.07484
0.04083
0.00000
0.00000
0.00000
0.00000
0.00000
0.00000
0.00000
0.00000
0.00000
0.00000
0.00000
0.00000
0.01806
0.05999
0.11202
0.16563
0.21203
0.24361
0.25520
0.24490
0.21439
0.16868
0.11526
0.06289
0.00000
0.00000
0.00000
0.00000
0.00000
0.00000
0.00000
0.00000
0.00000
0.00000
0.00000
0.00000
0.04104
0.13631
0.25453
0.37635
0.48178
0.55355
0.57989
0.55648
0.48716
0.38330
0.26191
0.14290
0.00000
0.00000
0.00000
0.00000
0.00000
0.00000
0.00000
0.00000
0.00000
0.00000
0.00000
0.00000
0.04502
0.14952
0.27920
0.41283
0.52848
0.60720
0.63609
0.61042
0.53438
0.42045
0.28730
0.15675
0.00000
0.00000
0.00000
0.00000
0.00000
0.00000
0.00000
0.00000
0.00000
0.00000
0.00000
0.00000
0.01317
0.04372
0.08164
0.12072
0.15453
0.17755
0.18600
0.17849
0.15626
0.12294
0.08401
0.04584
0.00000
0.00000
0.00000
0.00000
0.00000
0.00000
0.00000
0.00000
0.00000
0.00000
0.00000
0.00000
0.03595
0.11940
0.22297
0.32967
0.42203
0.48490
0.50797
0.48746
0.42674
0.33576
0.22943
0.12518
0.00000
0.00000
0.00000
0.00000
0.00000
0.00000
0.00000
0.00000
0.00000
0.00000
0.00000
0.00000
0.01318
0.04376
0.08171
0.12081
0.15466
0.17770
0.18615
0.17864
0.15639
0.12304
0.08408
0.04587
0.00000
0.00000
0.00000
0.00000
0.00000
0.00000
0.00000
0.00000
0.00000
0.00000
0.00000
0.00000
0.03092
0.10269
0.19176
0.28354
0.36297
0.41704
0.43689
0.41925
0.36702
0.28877
0.19732
0.10766
0.00000
0.00000
0.00000
0.00000
0.00000
0.00000
0.00000
0.00000
0.00000
0.00000
0.00000
0.00000
0.01694
0.05625
0.10504
0.15531
0.19882
0.22844
0.23931
0.22965
0.20104
0.15818
0.10808
0.05897
0.00000
0.00000
0.00000
0.00000
0.00000
0.00000
0.00000
0.00000
0.00000
0.00000
0.00000
0.00000
0.04535
0.15062
0.28126
0.41586
0.53237
0.61167
0.64077
0.61491
0.53831
0.42354
0.28941
0.15791
0.00000
0.00000
0.00000
0.00000
0.00000
0.00000
0.00000
0.00000
0.00000
0.00000
0.00000
0.00000
0.05181
0.17206
0.32131
0.47508
0.60817
0.69877
0.73202
0.70247
0.61497
0.48385
0.33062
0.18039
0.00000
0.00000
0.00000
0.00000
0.00000
0.00000
0.00000
0.00000
0.00000
0.00000
0.00000
0.00000
0.03604
0.11970
0.22353
0.33050
0.42309
0.48612
0.50925
0.48869
0.42782
0.33660
0.23000
0.12549
0.00000
0.00000
0.00000
0.00000
0.00000
0.00000
0.00000
0.00000
0.00000
0.00000
0.00000
0.00000
0.05114
0.16985
0.31717
0.46896
0.60034
0.68977
0.72259
0.69342
0.60705
0.47762
0.32636
0.17807
0.00000
0.00000
0.00000
0.00000
0.00000
0.00000
0.00000
0.00000
0.00000
0.00000
0.00000
0.00000
0.04846
0.17837
0.34571
0.52235
0.67855
0.78803
0.83237
0.80410
0.70799
0.56021
0.38561
0.21360
0.00000
0.00000
0.00000
0.00000
0.00000
0.00000
0.00000
0.00000
0.00000
0.00000
0.00000
0.00000
0.03833
0.14108
0.27345
0.41316
0.53671
0.62330
0.65837
0.63601
0.55999
0.44310
0.30501
0.16895
0.00000
0.00000
0.00000
0.00000
0.00000
0.00000
0.00000
0.00000
0.00000
0.00000
0.00000
0.00000
0.03871
0.14246
0.27612
0.41720
0.54196
0.62940
0.66481
0.64224
0.56547
0.44744
0.30799
0.17060
0.00000
0.00000
0.00000
0.00000
0.00000
0.00000
0.00000
0.00000
0.00000
0.00000
0.00000
0.00000
0.02880
0.10600
0.20545
0.31042
0.40325
0.46831
0.49466
0.47786
0.42074
0.33292
0.22916
0.12693
0.00000
0.00000
0.00000
0.00000
0.00000
0.00000
0.00000
0.00000
0.00000
0.00000
0.00000
0.00000
0.03326
0.12239
0.23722
0.35842
0.46560
0.54073
0.57115
0.55176
0.48581
0.38440
0.26460
0.14656
0.00000
0.00000
0.00000
0.00000
0.00000
0.00000
0.00000
0.00000
0.00000
0.00000
0.00000
0.00000
0.00947
0.03486
0.06756
0.10208
0.13260
0.15399
0.16266
0.15713
0.13835
0.10947
0.07536
0.04174
0.00000
0.00000
0.00000
0.00000
0.00000
0.00000
0.00000
0.00000
0.00000
0.00000
0.00000
0.00000
0.03977
0.14635
0.28366
0.42860
0.55676
0.64659
0.68297
0.65978
0.58092
0.45966
0.31640
0.17526
0.00000
0.00000
0.00000
0.00000
0.00000
0.00000
0.00000
0.00000
0.00000
0.00000
0.00000
0.00000
0.02744
0.10099
0.19575
0.29576
0.38420
0.44619
0.47129
0.45529
0.40087
0.31719
0.21834
0.12094
0.00000
0.00000
0.00000
0.00000
0.00000
0.00000
0.00000
0.00000
0.00000
0.00000
0.00000
0.00000
0.02116
0.07787
0.15093
0.22805
0.29625
0.34404
0.36340
0.35106
0.30910
0.24458
0.16835
0.09325
0.00000
0.00000
0.00000
0.00000
0.00000
0.00000
0.00000
0.00000
0.00000
0.00000
0.00000
0.00000
0.03533
0.13004
0.25205
0.38083
0.49471
0.57452
0.60685
0.58624
0.51617
0.40842
0.28114
0.15572
0.00000
0.00000
0.00000
0.00000
0.00000
0.00000
0.00000
0.00000
0.00000
0.00000
0.00000
0.00000
0.02012
0.07404
0.14350
0.21682
0.28166
0.32711
0.34551
0.33378
0.29388
0.23254
0.16007
0.08866
0.00000
0.00000
0.00000
0.00000
0.00000
0.00000
0.00000
0.00000
0.00000
0.00000
0.00000
0.00000
0.03103
0.11419
0.22132
0.33440
0.43439
0.50448
0.53286
0.51477
0.45324
0.35863
0.24686
0.13674
0.00000
0.00000
0.00000
0.00000
0.00000
0.00000
0.00000
0.00000
0.00000
0.00000
0.00000
0.00000
0.03629
0.13355
0.25885
0.39110
0.50805
0.59002
0.62322
0.60206
0.53009
0.41944
0.28872
0.15993
0.00000
0.00000
0.00000
0.00000
0.00000
0.00000
0.00000
0.00000
0.00000
0.00000
0.00000
0.00000
0.04103
0.15102
0.29272
0.44227
0.57453
0.66723
0.70477
0.68083
0.59946
0.47433
0.32650
0.18085
0.00000
0.00000
0.00000
0.00000
0.00000
0.00000
0.00000
0.00000
0.00000
0.00000
0.00000
0.00000
0.03052
0.11232
0.21770
0.32893
0.42730
0.49624
0.52416
0.50636
0.44584
0.35277
0.24283
0.13451
0.00000
0.00000
0.00000
0.00000
0.00000
0.00000
0.00000
0.00000
0.00000
0.00000
0.00000
0.00000
0.02595
0.09549
0.18509
0.27965
0.36328
0.42189
0.44563
0.43050
0.37904
0.29992
0.20645
0.11435
0.00000
0.00000
0.00000
0.00000
0.00000
0.00000
0.00000
0.00000
0.00000
0.00000
0.00000
0.00000
0.02941
0.10823
0.20977
0.31695
0.41172
0.47815
0.50506
0.48791
0.42959
0.33992
0.23398
0.12960
0.00000
0.00000
0.00000
0.00000
0.00000
0.00000
0.00000
0.00000
0.00000
0.00000
0.00000
0.00000
0.03709
0.13651
0.26459
0.39978
0.51933
0.60312
0.63705
0.61542
0.54186
0.42875
0.29513
0.16348
0.00000
0.00000
0.00000
0.00000
0.00000
0.00000
0.00000
0.00000
0.00000
0.00000
0.00000
0.00000
0.03422
0.12594
0.24409
0.36881
0.47909
0.55639
0.58769
0.56774
0.49988
0.39553
0.27226
0.15081
0.00000
0.00000
0.00000
0.00000
0.00000
0.00000
0.00000
0.00000
0.00000
0.00000
0.00000
0.00000
0.03254
0.11976
0.23212
0.35071
0.45559
0.52909
0.55886
0.53988
0.47535
0.37613
0.25891
0.14341
0.00000
0.00000
0.00000
0.00000
0.00000
0.00000
0.00000
0.00000
0.00000
0.00000
0.00000
0.00000
0.03872
0.14251
0.27622
0.41735
0.54215
0.62962
0.66505
0.64246
0.56567
0.44759
0.30810
0.17066
0.00000
0.00000
0.00000
0.00000
0.00000
0.00000
0.00000
0.00000
0.00000
0.00000
0.00000
0.00000
0.03527
0.12980
0.25157
0.38011
0.49378
0.57344
0.60571
0.58514
0.51520
0.40766
0.28061
0.15543
0.00000
0.00000
0.00000
0.00000
0.00000
0.00000
0.00000
0.00000
0.00000
0.00000
0.00000
0.00000
0.03661
0.13473
0.26114
0.39456
0.51254
0.59524
0.62873
0.60738
0.53478
0.42315
0.29127
0.16134
0.00000
0.00000
0.00000
0.00000
0.00000
0.00000
0.00000
0.00000
0.00000
0.00000
0.00000
0.00000
0.03798
0.13977
0.27090
0.40931
0.53171
0.61750
0.65224
0.63009
0.55478
0.43897
0.30217
0.16737
0.00000
0.00000
0.00000
0.00000
0.00000
0.00000
0.00000
0.00000
0.00000
0.00000
0.00000
0.00000
0.03083
0.11346
0.21991
0.33227
0.43164
0.50128
0.52948
0.51150
0.45036
0.35636
0.24529
0.13587
0.00000
0.00000
0.00000
0.00000
0.00000
0.00000
0.00000
0.00000
0.00000
0.00000
0.00000
0.00000
0.04296
0.15810
0.30643
0.46299
0.60144
0.69848
0.73777
0.71272
0.62753
0.49654
0.34179
0.18932
0.00000
0.00000
0.00000
0.00000
0.00000
0.00000
0.00000
0.00000
0.00000
0.00000
0.00000
0.00000
0.03422
0.12593
0.24408
0.36878
0.47906
0.55635
0.58766
0.56770
0.49984
0.39551
0.27225
0.15080
0.00000
0.00000
0.00000
0.00000
0.00000
0.00000
0.00000
0.00000
0.00000
0.00000
0.00000
0.00000
0.03463
0.12745
0.24702
0.37323
0.48484
0.56307
0.59475
0.57455
0.50588
0.40028
0.27553
0.15262
0.00000
0.00000
0.00000
0.00000
0.00000
0.00000
0.00000
0.00000
0.00000
0.00000
0.00000
0.00000
0.02860
0.10526
0.20402
0.30826
0.40044
0.46505
0.49121
0.47453
0.41781
0.33060
0.22757
0.12605
0.00000
0.00000
0.00000
0.00000
0.00000
0.00000
0.00000
0.00000
0.00000
0.00000
0.00000
0.00000
0.04352
0.16016
0.31043
0.46903
0.60929
0.70760
0.74741
0.72203
0.63573
0.50303
0.34625
0.19179
0.00000
0.00000
0.00000
0.00000
0.00000
0.00000
0.00000
0.00000
0.00000
0.00000
0.00000
0.00000
0.02549
0.09382
0.18185
0.27476
0.35692
0.41451
0.43783
0.42296
0.37241
0.29467
0.20284
0.11235
0.00000
0.00000
0.00000
0.00000
0.00000
