0.00000
0.00000
0.00000
0.00000
0.00000
0.00000
0.00000
0.03662
0.12687
0.25403
0.39571
0.52701
0.62480
0.67190
0.66002
0.59124
0.47767
0.33928
0.20043
0.00000
0.00000
0.00000
0.00000
0.00000
0.00000
0.00000
0.00000
0.00000
0.00000
0.00000
0.00000
0.03535
0.12249
0.24526
0.38206
0.50883
0.60325
0.64873
0.63725
0.57085
0.46119
0.32758
0.19351
0.00000
0.00000
0.00000
0.00000
0.00000
0.00000
0.00000
0.00000
0.00000
0.00000
0.00000
0.00000
0.03526
0.12217
0.24461
0.38105
0.50748
0.60165
0.64700
0.63556
0.56933
0.45996
0.32671
0.19300
0.00000
0.00000
0.00000
0.00000
0.00000
0.00000
0.00000
0.00000
0.00000
0.00000
0.00000
0.00000
0.03995
0.13842
0.27716
0.43174
0.57499
0.68169
0.73308
0.72012
0.64507
0.52116
0.37017
0.21867
0.00000
0.00000
0.00000
0.00000
0.00000
0.00000
0.00000
0.00000
0.00000
0.00000
0.00000
0.00000
0.04704
0.16298
0.32634
0.50835
0.67702
0.80266
0.86316
0.84790
0.75954
0.61364
0.43586
0.25748
0.00000
0.00000
0.00000
0.00000
0.00000
0.00000
0.00000
0.00000
0.00000
0.00000
0.00000
0.00000
0.04388
0.15204
0.30442
0.47421
0.63154
0.74874
0.80519
0.79094
0.70852
0.57242
0.40658
0.24018
0.00000
0.00000
0.00000
0.00000
0.00000
0.00000
0.00000
0.00000
0.00000
0.00000
0.00000
0.00000
0.04022
0.13935
0.27902
0.43464
0.57885
0.68627
0.73801
0.72495
0.64941
0.52466
0.37266
0.22014
0.00000
0.00000
0.00000
0.00000
0.00000
0.00000
0.00000
0.00000
0.00000
0.00000
0.00000
0.00000
0.03326
0.11524
0.23073
0.35943
0.47868
0.56752
0.61030
0.59950
0.53703
0.43387
0.30817
0.18205
0.00000
0.00000
0.00000
0.00000
0.00000
0.00000
0.00000
0.00000
0.00000
0.00000
0.00000
0.00000
0.04204
0.14566
0.29165
0.45432
0.60506
0.71734
0.77142
0.75777
0.67881
0.54841
0.38953
0.23011
0.00000
0.00000
0.00000
0.00000
0.00000
0.00000
0.00000
0.00000
0.00000
0.00000
0.00000
0.00000
0.03601
0.12476
0.24980
0.38914
0.51825
0.61442
0.66074
0.64905
0.58141
0.46973
0.33364
0.19709
0.00000
0.00000
0.00000
0.00000
0.00000
0.00000
0.00000
0.00000
0.00000
0.00000
0.00000
0.00000
0.03234
0.11206
0.22438
0.34953
0.46550
0.55189
0.59349
0.58299
0.52224
0.42192
0.29968
0.17704
0.00000
0.00000
0.00000
0.00000
0.00000
0.00000
0.00000
0.00000
0.00000
0.00000
0.00000
0.00000
0.03989
0.13820
0.27672
0.43106
0.57408
0.68062
0.73193
0.71898
0.64406
0.52034
0.36959
0.21833
0.00000
0.00000
0.00000
0.00000
0.00000
0.00000
0.00000
0.00000
0.00000
0.00000
0.00000
0.00000
0.03390
0.11744
0.23515
0.36631
0.48785
0.57838
0.62198
0.61098
0.54731
0.44217
0.31407
0.18553
0.00000
0.00000
0.00000
0.00000
0.00000
0.00000
0.00000
0.00000
0.00000
0.00000
0.00000
0.00000
0.03796
0.13152
0.26334
0.41022
0.54633
0.64772
0.69654
0.68422
0.61292
0.49518
0.35172
0.20778
0.00000
0.00000
0.00000
0.00000
0.00000
0.00000
0.00000
0.00000
0.00000
0.00000
0.00000
0.00000
0.03058
0.10595
0.21213
0.33046
0.44010
0.52177
0.56110
0.55118
0.49374
0.39889
0.28333
0.16737
0.00000
0.00000
0.00000
0.00000
0.00000
0.00000
0.00000
0.00000
0.00000
0.00000
0.00000
0.00000
0.04106
0.14225
0.28482
0.44368
0.59088
0.70053
0.75334
0.74002
0.66290
0.53556
0.38040
0.22472
0.00000
0.00000
0.00000
0.00000
0.00000
0.00000
0.00000
0.00000
0.00000
0.00000
0.00000
0.00000
0.03922
0.13589
0.27209
0.42386
0.56449
0.66925
0.71970
0.70697
0.63329
0.51164
0.36341
0.21468
0.00000
0.00000
0.00000
0.00000
0.00000
0.00000
0.00000
0.00000
0.00000
0.00000
0.00000
0.00000
0.02923
0.10128
0.20278
0.31588
0.42069
0.49876
0.53636
0.52687
0.47196
0.38130
0.27083
0.15999
0.00000
0.00000
0.00000
0.00000
0.00000
0.00000
0.00000
0.00000
0.00000
0.00000
0.00000
0.00000
0.03154
0.10927
0.21879
0.34082
0.45390
0.53813
0.57870
0.56846
0.50923
0.41141
0.29222
0.17262
0.00000
0.00000
0.00000
0.00000
0.00000
0.00000
0.00000
0.00000
0.00000
0.00000
0.00000
0.00000
0.04093
0.14180
0.28392
0.44229
0.58903
0.69834
0.75098
0.73770
0.66082
0.53388
0.37921
0.22401
0.00000
0.00000
0.00000
0.00000
0.00000
0.00000
0.00000
0.00000
0.00000
0.00000
0.00000
0.00000
0.04663
0.16157
0.32350
0.50393
0.67113
0.79568
0.85566
0.84052
0.75293
0.60830
0.43207
0.25524
0.00000
0.00000
0.00000
0.00000
0.00000
0.00000
0.00000
0.00000
0.00000
0.00000
0.00000
0.00000
0.03926
0.13604
0.27238
0.42430
0.56508
0.66994
0.72044
0.70770
0.63395
0.51217
0.36379
0.21490
0.00000
0.00000
0.00000
0.00000
0.00000
0.00000
0.00000
0.00000
0.00000
0.00000
0.00000
0.00000
0.04359
0.15104
0.30242
0.47110
0.62740
0.74383
0.79990
0.78575
0.70387
0.56866
0.40391
0.23861
0.00000
0.00000
0.00000
0.00000
0.00000
0.00000
0.00000
0.00000
0.00000
0.00000
0.00000
0.00000
0.04070
0.14103
0.28238
0.43987
0.58582
0.69453
0.74689
0.73368
0.65722
0.53097
0.37714
0.22279
0.00000
0.00000
0.00000
0.00000
0.00000
0.00000
0.00000
0.00000
0.00000
0.00000
0.00000
0.00000
0.03315
0.11487
0.22999
0.35827
0.47714
0.56569
0.60833
0.59757
0.53530
0.43247
0.30718
0.18146
0.00000
0.00000
0.00000
0.00000
0.00000
0.00000
0.00000
0.00000
0.00000
0.00000
0.00000
0.00000
0.04053
0.14044
0.28119
0.43803
0.58336
0.69162
0.74376
0.73060
0.65447
0.52875
0.37556
0.22186
0.00000
0.00000
0.00000
0.00000
0.00000
0.00000
0.00000
0.00000
0.00000
0.00000
0.00000
0.00000
0.04065
0.14083
0.28197
0.43925
0.58499
0.69354
0.74583
0.73263
0.65629
0.53022
0.37661
0.22248
0.00000
0.00000
0.00000
0.00000
0.00000
0.00000
0.00000
0.00000
0.00000
0.00000
0.00000
0.00000
0.03820
0.13237
0.26503
0.41286
0.54983
0.65187
0.70101
0.68861
0.61685
0.49836
0.35398
0.20911
0.00000
0.00000
0.00000
0.00000
0.00000
0.00000
0.00000
0.00000
0.00000
0.00000
0.00000
0.00000
0.03591
0.12442
0.24911
0.38806
0.51681
0.61272
0.65891
0.64725
0.57980
0.46843
0.33272
0.19655
0.00000
0.00000
0.00000
0.00000
0.00000
0.00000
0.00000
0.00000
0.00000
0.00000
0.00000
0.00000
0.02940
0.10185
0.20393
0.31768
0.42308
0.50159
0.53941
0.52986
0.47465
0.38347
0.27237
0.16090
0.00000
0.00000
0.00000
0.00000
0.00000
0.00000
0.00000
0.00000
0.00000
0.00000
0.00000
0.00000
0.03257
0.11284
0.22593
0.35195
0.46872
0.55571
0.59760
0.58703
0.52586
0.42484
0.30176
0.17826
0.00000
0.00000
0.00000
0.00000
0.00000
0.00000
0.00000
0.00000
0.00000
0.00000
0.00000
0.00000
0.00744
0.15047
0.31838
0.48839
0.63741
0.74519
0.79710
0.78610
0.71367
0.58966
0.43089
0.25894
0.09716
0.00000
0.00000
0.00000
0.00000
0.00000
0.00000
0.00000
0.00000
0.00000
0.00000
0.00000
0.00752
0.15209
0.32182
0.49367
0.64430
0.75324
0.80572
0.79460
0.72139
0.59603
0.43555
0.26174
0.09821
0.00000
0.00000
0.00000
0.00000
0.00000
0.00000
0.00000
0.00000
0.00000
0.00000
0.00000
0.00752
0.15213
0.32190
0.49379
0.64445
0.75342
0.80591
0.79478
0.72156
0.59617
0.43565
0.26180
0.09823
0.00000
0.00000
0.00000
0.00000
0.00000
0.00000
0.00000
0.00000
0.00000
0.00000
0.00000
0.00593
0.11993
0.25378
0.38929
0.50807
0.59398
0.63536
0.62659
0.56886
0.47001
0.34346
0.20640
0.07744
0.00000
0.00000
0.00000
0.00000
0.00000
0.00000
0.00000
0.00000
0.00000
0.00000
0.00000
0.00760
0.15358
0.32496
0.49849
0.65058
0.76059
0.81358
0.80235
0.72842
0.60184
0.43980
0.26430
0.09917
0.00000
0.00000
0.00000
0.00000
0.00000
0.00000
0.00000
0.00000
0.00000
0.00000
0.00000
0.00670
0.13541
0.28652
0.43951
0.57361
0.67061
0.71733
0.70743
0.64225
0.53064
0.38777
0.23303
0.08743
0.00000
0.00000
0.00000
0.00000
0.00000
0.00000
0.00000
0.00000
0.00000
0.00000
0.00000
0.00629
0.12722
0.26919
0.41293
0.53893
0.63006
0.67395
0.66465
0.60341
0.49855
0.36432
0.21894
0.08215
0.00000
0.00000
0.00000
0.00000
0.00000
0.00000
0.00000
0.00000
0.00000
0.00000
0.00000
0.00650
0.13133
0.27788
0.42627
0.55633
0.65040
0.69571
0.68611
0.62289
0.51465
0.37608
0.22601
0.08480
0.00000
0.00000
0.00000
0.00000
0.00000
0.00000
0.00000
0.00000
0.00000
0.00000
0.00000
0.00614
0.12419
0.26278
0.40310
0.52609
0.61505
0.65789
0.64881
0.58903
0.48668
0.35564
0.21372
0.08019
0.00000
0.00000
0.00000
0.00000
0.00000
0.00000
0.00000
0.00000
0.00000
0.00000
0.00000
0.00619
0.12521
0.26495
0.40642
0.53043
0.62012
0.66332
0.65417
0.59389
0.49069
0.35858
0.21549
0.08085
0.00000
0.00000
0.00000
0.00000
0.00000
0.00000
0.00000
0.00000
0.00000
0.00000
0.00000
0.00504
0.10195
0.21572
0.33090
0.43187
0.50489
0.54007
0.53261
0.48354
0.39951
0.29195
0.17544
0.06583
0.00000
0.00000
0.00000
0.00000
0.00000
0.00000
0.00000
0.00000
0.00000
0.00000
0.00000
0.00660
0.13347
0.28243
0.43324
0.56542
0.66103
0.70708
0.69732
0.63308
0.52307
0.38223
0.22970
0.08619
0.00000
0.00000
0.00000
0.00000
0.00000
0.00000
0.00000
0.00000
0.00000
0.00000
0.00000
0.00765
0.15466
0.32726
0.50201
0.65517
0.76596
0.81932
0.80801
0.73357
0.60609
0.44291
0.26616
0.09987
0.00000
0.00000
0.00000
0.00000
0.00000
0.00000
0.00000
0.00000
0.00000
0.00000
0.00000
0.00854
0.17260
0.36523
0.56025
0.73119
0.85483
0.91438
0.90176
0.81868
0.67642
0.49429
0.29704
0.11145
0.00000
0.00000
0.00000
0.00000
0.00000
0.00000
0.00000
0.00000
0.00000
0.00000
0.00000
0.00578
0.11685
0.24726
0.37929
0.49502
0.57872
0.61904
0.61050
0.55425
0.45794
0.33464
0.20110
0.07545
0.00000
0.00000
0.00000
0.00000
0.00000
0.00000
0.00000
0.00000
0.00000
0.00000
0.00000
0.00639
0.12916
0.27330
0.41924
0.54715
0.63967
0.68424
0.67479
0.61262
0.50616
0.36988
0.22228
0.08340
0.00000
0.00000
0.00000
0.00000
0.00000
0.00000
0.00000
0.00000
0.00000
0.00000
0.00000
0.00746
0.15087
0.31924
0.48971
0.63913
0.74720
0.79926
0.78822
0.71560
0.59125
0.43206
0.25964
0.09742
0.00000
0.00000
0.00000
0.00000
0.00000
0.00000
0.00000
0.00000
0.00000
0.00000
0.00000
0.00706
0.14277
0.30209
0.46340
0.60479
0.70705
0.75631
0.74587
0.67715
0.55948
0.40884
0.24569
0.09219
0.00000
0.00000
0.00000
0.00000
0.00000
0.00000
0.00000
0.00000
0.00000
0.00000
0.00000
0.00589
0.11910
0.25202
0.38660
0.50455
0.58987
0.63097
0.62226
0.56492
0.46676
0.34108
0.20497
0.07691
0.00000
0.00000
0.00000
0.00000
0.00000
0.00000
0.00000
0.00000
0.00000
0.00000
0.00000
0.00764
0.15453
0.32698
0.50158
0.65461
0.76530
0.81862
0.80732
0.73294
0.60557
0.44252
0.26593
0.09978
0.00000
0.00000
0.00000
0.00000
0.00000
0.00000
0.00000
0.00000
0.00000
0.00000
0.00000
0.00739
0.14949
0.31632
0.48522
0.63327
0.74035
0.79193
0.78100
0.70904
0.58583
0.42810
0.25726
0.09653
0.00000
0.00000
0.00000
0.00000
0.00000
0.00000
0.00000
0.00000
0.00000
0.00000
0.00000
0.00512
0.10342
0.21884
0.33569
0.43812
0.51220
0.54788
0.54032
0.49054
0.40529
0.29617
0.17798
0.06678
0.00000
0.00000
0.00000
0.00000
0.00000
0.00000
0.00000
0.00000
0.00000
0.00000
0.00000
0.00646
0.13054
0.27623
0.42373
0.55302
0.64653
0.69157
0.68202
0.61919
0.51159
0.37385
0.22466
0.08429
0.00000
0.00000
0.00000
0.00000
0.00000
0.00000
0.00000
0.00000
0.00000
0.00000
0.00000
0.00681
0.13764
0.29125
0.44676
0.58308
0.68167
0.72916
0.71909
0.65284
0.53940
0.39417
0.23687
0.08888
0.00000
0.00000
0.00000
0.00000
0.00000
0.00000
0.00000
0.00000
0.00000
0.00000
0.00000
0.00625
0.12644
0.26755
0.41042
0.53564
0.62622
0.66984
0.66060
0.59973
0.49552
0.36210
0.21760
0.08165
0.00000
0.00000
0.00000
0.00000
0.00000
0.00000
0.00000
0.00000
0.00000
0.00000
0.00000
0.00686
0.13867
0.29342
0.45009
0.58742
0.68675
0.73460
0.72446
0.65771
0.54342
0.39710
0.23864
0.08954
0.00000
0.00000
0.00000
0.00000
0.00000
0.00000
0.00000
0.00000
0.00000
0.00000
0.00000
0.00738
0.14930
0.31591
0.48460
0.63246
0.73940
0.79092
0.78000
0.70813
0.58508
0.42755
0.25693
0.09640
0.00000
0.00000
0.00000
0.00000
0.00000
0.00000
0.00000
0.00000
0.00000
0.00000
0.00000
0.00629
0.12726
0.26929
0.41308
0.53912
0.63028
0.67419
0.66488
0.60362
0.49873
0.36445
0.21901
0.08218
0.00000
0.00000
0.00000
0.00000
0.00000
0.00000
0.00000
0.00000
0.00000
0.00000
0.00000
0.00813
0.16446
0.34800
0.53382
0.69670
0.81451
0.87125
0.85923
0.78006
0.64451
0.47098
0.28303
0.10620
0.00000
0.00000
0.00000
0.00000
0.00000
0.00000
0.00000
0.00000
0.00000
0.00000
0.00471
0.04501
0.13779
0.26685
0.40965
0.54124
0.63863
0.68483
0.67175
0.60169
0.48687
0.34736
0.20753
0.09178
0.00000
0.00000
0.00000
0.00000
0.00000
0.00000
0.00000
0.00000
0.00000
0.00000
0.00288
0.02759
0.08446
0.16357
0.25110
0.33176
0.39146
0.41977
0.41176
0.36881
0.29844
0.21292
0.12721
0.05626
0.00000
0.00000
0.00000
0.00000
0.00000
0.00000
0.00000
0.00000
0.00000
0.00000
0.00403
0.03857
0.11810
0.22871
0.35110
0.46388
0.54736
0.58695
0.57574
0.51569
0.41729
0.29772
0.17787
0.07867
0.00000
0.00000
0.00000
0.00000
0.00000
0.00000
0.00000
0.00000
0.00000
0.00000
0.00360
0.03447
0.10553
0.20437
0.31373
0.41450
0.48909
0.52447
0.51446
0.46080
0.37287
0.26603
0.15893
0.07029
0.00000
0.00000
0.00000
0.00000
0.00000
0.00000
0.00000
0.00000
0.00000
0.00000
0.00556
0.05323
0.16296
0.31559
0.48447
0.64010
0.75528
0.80992
0.79445
0.71159
0.57580
0.41081
0.24543
0.10855
0.00000
0.00000
0.00000
0.00000
0.00000
0.00000
0.00000
0.00000
0.00000
0.00000
0.00540
0.05163
0.15808
0.30615
0.46997
0.62094
0.73268
0.78568
0.77068
0.69029
0.55857
0.39852
0.23809
0.10530
0.00000
0.00000
0.00000
0.00000
0.00000
0.00000
0.00000
0.00000
0.00000
0.00000
0.00553
0.05291
0.16199
0.31371
0.48159
0.63628
0.75078
0.80509
0.78972
0.70735
0.57237
0.40836
0.24397
0.10790
0.00000
0.00000
0.00000
0.00000
0.00000
0.00000
0.00000
0.00000
0.00000
0.00000
0.00450
0.04302
0.13170
0.25507
0.39155
0.51733
0.61042
0.65458
0.64208
0.57511
0.46537
0.33202
0.19836
0.08773
0.00000
0.00000
0.00000
0.00000
0.00000
0.00000
0.00000
0.00000
0.00000
0.00000
0.00452
0.04321
0.13230
0.25621
0.39331
0.51965
0.61316
0.65752
0.64496
0.57769
0.46746
0.33351
0.19925
0.08812
0.00000
0.00000
0.00000
0.00000
0.00000
0.00000
0.00000
0.00000
0.00000
0.00000
0.00531
0.05078
0.15547
0.30109
0.46220
0.61067
0.72057
0.77269
0.75793
0.67888
0.54934
0.39193
0.23415
0.10356
0.00000
0.00000
0.00000
0.00000
0.00000
0.00000
0.00000
0.00000
0.00000
0.00000
0.00418
0.03996
0.12234
0.23692
0.36370
0.48053
0.56701
0.60802
0.59641
0.53420
0.43227
0.30841
0.18425
0.08149
0.00000
0.00000
0.00000
0.00000
0.00000
0.00000
0.00000
0.00000
0.00000
0.00000
0.00456
0.04358
0.13343
0.25840
0.39668
0.52410
0.61841
0.66314
0.65048
0.58263
0.47145
0.33636
0.20095
0.08888
0.00000
0.00000
0.00000
0.00000
0.00000
0.00000
0.00000
0.00000
0.00000
0.00000
0.00480
0.04590
0.14053
0.27215
0.41779
0.55199
0.65132
0.69843
0.68510
0.61364
0.49655
0.35426
0.21165
0.09361
0.00000
0.00000
0.00000
0.00000
0.00000
0.00000
0.00000
0.00000
0.00000
0.00000
0.00435
0.04162
0.12743
0.24678
0.37884
0.50053
0.59060
0.63332
0.62123
0.55643
0.45026
0.32124
0.19192
0.08488
0.00000
0.00000
0.00000
0.00000
0.00000
0.00000
0.00000
0.00000
0.00000
0.00000
0.00363
0.03470
0.10625
0.20576
0.31587
0.41733
0.49243
0.52805
0.51797
0.46394
0.37541
0.26784
0.16002
0.07077
0.00000
0.00000
0.00000
0.00000
0.00000
0.00000
0.00000
0.00000
0.00000
0.00000
0.00455
0.04353
0.13327
0.25809
0.39620
0.52347
0.61767
0.66235
0.64970
0.58194
0.47089
0.33596
0.20071
0.08877
0.00000
0.00000
0.00000
0.00000
0.00000
0.00000
0.00000
0.00000
0.00000
0.00000
0.00368
0.03523
0.10786
0.20888
0.32066
0.42366
0.49990
0.53606
0.52582
0.47098
0.38111
0.27190
0.16244
0.07185
0.00000
0.00000
0.00000
0.00000
0.00000
0.00000
0.00000
0.00000
0.00000
0.00000
0.00468
0.04480
0.13717
0.26565
0.40781
0.53880
0.63576
0.68175
0.66873
0.59898
0.48469
0.34580
0.20659
0.09137
0.00000
0.00000
0.00000
0.00000
0.00000
0.00000
0.00000
0.00000
0.00000
0.00000
0.00554
0.05300
0.16226
0.31425
0.48241
0.63737
0.75206
0.80646
0.79106
0.70855
0.57335
0.40906
0.24439
0.10809
0.00000
0.00000
0.00000
0.00000
0.00000
0.00000
0.00000
0.00000
0.00000
0.00000
0.00407
0.03890
0.11908
0.23062
0.35402
0.46774
0.55191
0.59183
0.58053
0.51998
0.42076
0.30019
0.17935
0.07932
0.00000
0.00000
0.00000
0.00000
0.00000
0.00000
0.00000
0.00000
0.00000
0.00000
0.00385
0.03687
0.11288
0.21861
0.33559
0.44339
0.52318
0.56102
0.55031
0.49291
0.39885
0.28456
0.17001
0.07519
0.00000
0.00000
0.00000
0.00000
0.00000
0.00000
0.00000
0.00000
0.00000
0.00000
0.00374
0.03579
0.10956
0.21218
0.32571
0.43034
0.50778
0.54451
0.53411
0.47840
0.38711
0.27619
0.16500
0.07298
0.00000
0.00000
0.00000
0.00000
0.00000
0.00000
0.00000
0.00000
0.00000
0.00000
0.00445
0.04256
0.13031
0.25237
0.38741
0.51186
0.60397
0.64766
0.63529
0.56903
0.46045
0.32851
0.19626
0.08680
0.00000
0.00000
0.00000
0.00000
0.00000
0.00000
0.00000
0.00000
0.00000
0.00000
0.00597
0.05712
0.17488
0.33868
0.51991
0.68692
0.81053
0.86916
0.85257
0.76364
0.61792
0.44086
0.26339
0.11649
0.00000
0.00000
0.00000
0.00000
0.00000
0.00000
0.00000
0.00000
0.00000
0.00000
0.00339
0.03240
0.09921
0.19213
0.29493
0.38967
0.45980
0.49306
0.48364
0.43320
0.35053
0.25009
0.14941
0.06608
0.00000
0.00000
0.00000
0.00000
0.00000
0.00000
0.00000
0.00000
0.00000
0.00000
0.00313
0.02991
0.09158
0.17736
0.27226
0.35972
0.42445
0.45515
0.44646
0.39990
0.32359
0.23087
0.13793
0.06100
0.00000
0.00000
0.00000
0.00000
0.00000
0.00000
0.00000
0.00000
0.00000
0.00000
0.00445
0.04259
0.13041
0.25255
0.38769
0.51223
0.60440
0.64812
0.63575
0.56944
0.46078
0.32875
0.19640
0.08687
0.00000
0.00000
0.00000
0.00000
0.00000
0.00000
0.00000
0.00000
0.00000
0.00000
0.00469
0.04487
0.13738
0.26605
0.40842
0.53961
0.63671
0.68277
0.66973
0.59988
0.48541
0.34632
0.20690
0.09151
0.00000
0.00000
0.00000
0.00000
0.00000
0.00000
0.00000
0.00000
0.00000
0.00000
0.00520
0.04973
0.15225
0.29485
0.45263
0.59803
0.70565
0.75669
0.74224
0.66482
0.53796
0.38381
0.22930
0.10142
0.00000
0.00000
0.00000
0.00000
0.00000
0.00000
0.00000
0.00000
0.00000
0.00000
0.00463
0.04431
0.13566
0.26273
0.40332
0.53287
0.62877
0.67425
0.66137
0.59239
0.47935
0.34200
0.20432
0.09037
0.00000
0.00000
0.00000
0.00000
0.00000
0.00000
0.00000
0.00000
0.00000
0.00000
0.00579
0.05538
0.16955
0.32835
0.50405
0.66596
0.78581
0.84265
0.82656
0.74034
0.59907
0.42741
0.25535
0.11294
0.00000
0.00000
0.00000
0.00000
0.00000
0.00000
0.00000
0.00000
0.00000
0.00000
0.00000
0.03962
0.12632
0.24365
0.37190
0.48953
0.57679
0.61902
0.60913
0.54877
0.44810
0.32401
0.19734
0.00000
0.00000
0.00000
0.00000
0.00000
0.00000
0.00000
0.00000
0.00000
0.00000
0.00000
0.00000
0.04475
0.14265
0.27515
0.41998
0.55283
0.65137
0.69906
0.68789
0.61973
0.50604
0.36590
0.22286
0.00000
0.00000
0.00000
0.00000
0.00000
0.00000
0.00000
0.00000
0.00000
0.00000
0.00000
0.00000
0.02675
0.08527
0.16448
0.25105
0.33046
0.38937
0.41788
0.41120
0.37046
0.30249
0.21872
0.13322
0.00000
0.00000
0.00000
0.00000
0.00000
0.00000
0.00000
0.00000
0.00000
0.00000
0.00000
0.00000
0.04682
0.14927
0.28791
0.43946
0.57846
0.68157
0.73148
0.71979
0.64847
0.52950
0.38287
0.23319
0.00000
0.00000
0.00000
0.00000
0.00000
0.00000
0.00000
0.00000
0.00000
0.00000
0.00000
0.00000
0.02755
0.08784
0.16942
0.25860
0.34040
0.40107
0.43044
0.42356
0.38159
0.31158
0.22530
0.13722
0.00000
0.00000
0.00000
0.00000
0.00000
0.00000
0.00000
0.00000
0.00000
0.00000
0.00000
0.00000
0.03011
0.09598
0.18513
0.28258
0.37196
0.43826
0.47035
0.46283
0.41697
0.34048
0.24619
0.14994
0.00000
0.00000
0.00000
0.00000
0.00000
0.00000
0.00000
0.00000
0.00000
0.00000
0.00000
0.00000
0.03756
0.11974
0.23095
0.35252
0.46402
0.54673
0.58676
0.57738
0.52018
0.42475
0.30712
0.18706
0.00000
0.00000
0.00000
0.00000
0.00000
0.00000
0.00000
0.00000
0.00000
0.00000
0.00000
0.00000
0.03741
0.11927
0.23006
0.35115
0.46222
0.54461
0.58449
0.57515
0.51816
0.42310
0.30593
0.18633
0.00000
0.00000
0.00000
0.00000
0.00000
0.00000
0.00000
0.00000
0.00000
0.00000
0.00000
0.00000
0.01981
0.06316
0.12181
0.18593
0.24474
0.28837
0.30948
0.30454
0.27436
0.22403
0.16199
0.09866
0.00000
0.00000
0.00000
0.00000
0.00000
0.00000
0.00000
0.00000
0.00000
0.00000
0.00000
0.00000
0.03755
0.11972
0.23092
0.35247
0.46396
0.54666
0.58669
0.57731
0.52011
0.42469
0.30708
0.18703
0.00000
0.00000
0.00000
0.00000
0.00000
0.00000
0.00000
0.00000
0.00000
0.00000
0.00000
0.00000
0.02182
0.06958
0.13420
0.20484
0.26963
0.31770
0.34096
0.33551
0.30227
0.24681
0.17846
0.10870
0.00000
0.00000
0.00000
0.00000
0.00000
0.00000
0.00000
0.00000
0.00000
0.00000
0.00000
0.00000
0.02531
0.08070
0.15566
0.23759
0.31274
0.36849
0.39547
0.38915
0.35059
0.28627
0.20699
0.12607
0.00000
0.00000
0.00000
0.00000
0.00000
0.00000
0.00000
0.00000
0.00000
0.00000
0.00000
0.00000
0.02840
0.09054
0.17464
0.26656
0.35087
0.41342
0.44369
0.43660
0.39334
0.32118
0.23223
0.14144
0.00000
0.00000
0.00000
0.00000
0.00000
0.00000
0.00000
0.00000
0.00000
0.00000
0.00000
0.00000
0.02709
0.08637
0.16658
0.25427
0.33470
0.39436
0.42323
0.41646
0.37520
0.30637
0.22153
0.13492
0.00000
0.00000
0.00000
0.00000
0.00000
0.00000
0.00000
0.00000
0.00000
0.00000
0.00000
0.00000
0.03099
0.09879
0.19055
0.29085
0.38285
0.45109
0.48412
0.47638
0.42918
0.35045
0.25340
0.15433
0.00000
0.00000
0.00000
0.00000
0.00000
0.00000
0.00000
0.00000
0.00000
0.00000
0.00000
0.00000
0.03169
0.10103
0.19487
0.29745
0.39153
0.46132
0.49510
0.48718
0.43891
0.35839
0.25914
0.15783
0.00000
0.00000
0.00000
0.00000
0.00000
0.00000
0.00000
0.00000
0.00000
0.00000
0.00000
0.00000
0.03366
0.10731
0.20699
0.31594
0.41587
0.49000
0.52587
0.51747
0.46620
0.38067
0.27525
0.16765
0.00000
0.00000
0.00000
0.00000
0.00000
0.00000
0.00000
0.00000
0.00000
0.00000
0.00000
0.00000
0.02567
0.08185
0.15788
0.24098
0.31720
0.37374
0.40111
0.39470
0.35559
0.29036
0.20995
0.12787
0.00000
0.00000
0.00000
0.00000
0.00000
0.00000
0.00000
0.00000
0.00000
0.00000
0.00000
0.00000
0.02939
0.09370
0.18073
0.27587
0.36312
0.42785
0.45918
0.45184
0.40707
0.33239
0.24034
0.14638
0.00000
0.00000
0.00000
0.00000
0.00000
0.00000
0.00000
0.00000
0.00000
0.00000
0.00000
0.00000
0.05109
0.16287
0.31415
0.47951
0.63119
0.74369
0.79814
0.78539
0.70757
0.57776
0.41776
0.25444
0.00000
0.00000
0.00000
0.00000
0.00000
0.00000
0.00000
0.00000
0.00000
0.00000
0.00000
0.00000
0.02773
0.08841
0.17053
0.26029
0.34263
0.40370
0.43326
0.42633
0.38409
0.31363
0.22677
0.13812
0.00000
0.00000
0.00000
0.00000
0.00000
0.00000
0.00000
0.00000
0.00000
0.00000
0.00000
0.00000
0.04249
0.13547
0.26129
0.39882
0.52497
0.61855
0.66383
0.65322
0.58850
0.48054
0.34746
0.21163
0.00000
0.00000
0.00000
0.00000
0.00000
0.00000
0.00000
0.00000
0.00000
0.00000
0.00000
0.00000
0.05144
0.16401
0.31633
0.48284
0.63557
0.74886
0.80369
0.79084
0.71249
0.58177
0.42066
0.25621
0.00000
0.00000
0.00000
0.00000
0.00000
0.00000
0.00000
0.00000
0.00000
0.00000
0.00000
0.00000
0.03197
0.10191
0.19656
0.30003
0.39493
0.46533
0.49940
0.49142
0.44273
0.36150
0.26139
0.15921
0.00000
0.00000
0.00000
0.00000
0.00000
0.00000
0.00000
0.00000
0.00000
0.00000
0.00000
0.00000
0.04070
0.12975
0.25026
0.38198
0.50281
0.59243
0.63581
0.62565
0.56366
0.46025
0.33279
0.20269
0.00000
0.00000
0.00000
0.00000
0.00000
0.00000
0.00000
0.00000
0.00000
0.00000
0.00000
0.00000
0.02800
0.08927
0.17219
0.26283
0.34596
0.40763
0.43747
0.43048
0.38783
0.31668
0.22898
0.13946
0.00000
0.00000
0.00000
0.00000
0.00000
0.00000
0.00000
0.00000
0.00000
0.00000
0.00000
0.00000
0.05186
0.16533
0.31889
0.48674
0.64070
0.75490
0.81017
0.79723
0.71824
0.58647
0.42406
0.25828
0.00000
0.00000
0.00000
0.00000
0.00000
0.00000
0.00000
0.00000
0.00000
0.00000
0.00000
0.00000
0.03440
0.10967
0.21153
0.32287
0.42499
0.50075
0.53741
0.52882
0.47643
0.38902
0.28129
0.17132
0.00000
0.00000
0.00000
0.00000
0.00000
0.00000
0.00000
0.00000
0.00000
0.00000
0.00000
0.00000
0.05019
0.16002
0.30865
0.47112
0.62014
0.73068
0.78417
0.77164
0.69519
0.56765
0.41045
0.24999
0.00000
0.00000
0.00000
0.00000
0.00000
0.00000
0.00000
0.00000
0.00000
0.00000
0.00000
0.00000
0.04269
0.13611
0.26253
0.40072
0.52747
0.62149
0.66699
0.65633
0.59130
0.48282
0.34911
0.21263
0.00000
0.00000
0.00000
0.00000
0.00000
0.00000
0.00000
0.00000
0.00000
0.00000
0.00000
0.00251
0.05675
0.14961
0.26691
0.39070
0.50206
0.58397
0.62389
0.61572
0.56072
0.46729
0.34972
0.22598
0.00000
0.00000
0.00000
0.00000
0.00000
0.00000
0.00000
0.00000
0.00000
0.00000
0.00000
0.00183
0.04136
0.10905
0.19455
0.28479
0.36596
0.42566
0.45476
0.44881
0.40871
0.34061
0.25491
0.16472
0.00000
0.00000
0.00000
0.00000
0.00000
0.00000
0.00000
0.00000
0.00000
0.00000
0.00000
0.00203
0.04575
0.12061
0.21517
0.31497
0.40474
0.47077
0.50295
0.49637
0.45203
0.37671
0.28193
0.18218
0.00000
0.00000
0.00000
0.00000
0.00000
0.00000
0.00000
0.00000
0.00000
0.00000
0.00000
0.00145
0.03272
0.08627
0.15391
0.22530
0.28951
0.33674
0.35976
0.35506
0.32334
0.26946
0.20166
0.13031
0.00000
0.00000
0.00000
0.00000
0.00000
0.00000
0.00000
0.00000
0.00000
0.00000
0.00000
0.00228
0.05151
0.13581
0.24229
0.35467
0.45576
0.53011
0.56635
0.55894
0.50901
0.42419
0.31746
0.20514
0.00000
0.00000
0.00000
0.00000
0.00000
0.00000
0.00000
0.00000
0.00000
0.00000
0.00000
0.00271
0.06115
0.16122
0.28763
0.42103
0.54104
0.62930
0.67232
0.66352
0.60425
0.50356
0.37686
0.24352
0.00000
0.00000
0.00000
0.00000
0.00000
0.00000
0.00000
0.00000
0.00000
0.00000
0.00000
0.00258
0.05821
0.15347
0.27379
0.40078
0.51502
0.59903
0.63998
0.63161
0.57519
0.47935
0.35874
0.23181
0.00000
0.00000
0.00000
0.00000
0.00000
0.00000
0.00000
0.00000
0.00000
0.00000
0.00000
0.00231
0.05226
0.13778
0.24579
0.35980
0.46235
0.53778
0.57454
0.56702
0.51637
0.43033
0.32205
0.20810
0.00000
0.00000
0.00000
0.00000
0.00000
0.00000
0.00000
0.00000
0.00000
0.00000
0.00000
0.00278
0.06276
0.16547
0.29520
0.43211
0.55528
0.64586
0.69001
0.68098
0.62015
0.51682
0.38678
0.24993
0.00000
0.00000
0.00000
0.00000
0.00000
0.00000
0.00000
0.00000
0.00000
0.00000
0.00000
0.00292
0.06585
0.17363
0.30975
0.45342
0.58265
0.67770
0.72403
0.71456
0.65073
0.54230
0.40585
0.26225
0.00000
0.00000
0.00000
0.00000
0.00000
0.00000
0.00000
0.00000
0.00000
0.00000
0.00000
0.00268
0.06063
0.15985
0.28518
0.41745
0.53643
0.62394
0.66660
0.65787
0.59910
0.49928
0.37366
0.24145
0.00000
0.00000
0.00000
0.00000
0.00000
0.00000
0.00000
0.00000
0.00000
0.00000
0.00000
0.00252
0.05701
0.15030
0.26813
0.39250
0.50437
0.58665
0.62676
0.61855
0.56330
0.46944
0.35132
0.22702
0.00000
0.00000
0.00000
0.00000
0.00000
0.00000
0.00000
0.00000
0.00000
0.00000
0.00000
0.00170
0.03836
0.10114
0.18043
0.26412
0.33941
0.39477
0.42176
0.41624
0.37906
0.31590
0.23642
0.15277
0.00000
0.00000
0.00000
0.00000
0.00000
0.00000
0.00000
0.00000
0.00000
0.00000
0.00000
0.00111
0.02513
0.06626
0.11820
0.17303
0.22234
0.25862
0.27630
0.27268
0.24832
0.20694
0.15488
0.10008
0.00000
0.00000
0.00000
0.00000
0.00000
0.00000
0.00000
0.00000
0.00000
0.00000
0.00000
0.00278
0.06273
0.16538
0.29505
0.43189
0.55500
0.64554
0.68967
0.68064
0.61984
0.51656
0.38659
0.24980
0.00000
0.00000
0.00000
0.00000
0.00000
0.00000
0.00000
0.00000
0.00000
0.00000
0.00000
0.00243
0.05484
0.14457
0.25792
0.37755
0.48516
0.56431
0.60289
0.59500
0.54185
0.45156
0.33794
0.21837
0.00000
0.00000
0.00000
0.00000
0.00000
0.00000
0.00000
0.00000
0.00000
0.00000
0.00000
0.00282
0.06377
0.16813
0.29995
0.43907
0.56422
0.65626
0.70112
0.69195
0.63013
0.52514
0.39301
0.25395
0.00000
0.00000
0.00000
0.00000
0.00000
0.00000
0.00000
0.00000
0.00000
0.00000
0.00000
0.00277
0.06262
0.16509
0.29453
0.43113
0.55402
0.64440
0.68845
0.67944
0.61875
0.51565
0.38591
0.24936
0.00000
0.00000
0.00000
0.00000
0.00000
0.00000
0.00000
0.00000
0.00000
0.00000
0.00000
0.00277
0.06260
0.16504
0.29444
0.43101
0.55386
0.64421
0.68825
0.67924
0.61856
0.51550
0.38579
0.24929
0.00000
0.00000
0.00000
0.00000
0.00000
0.00000
0.00000
0.00000
0.00000
0.00000
0.00000
0.00317
0.07166
0.18894
0.33707
0.49341
0.63405
0.73748
0.78790
0.77759
0.70813
0.59013
0.44165
0.28539
0.00000
0.00000
0.00000
0.00000
0.00000
0.00000
0.00000
0.00000
0.00000
0.00000
0.00000
0.00223
0.05031
0.13265
0.23664
0.34640
0.44513
0.51775
0.55315
0.54591
0.49714
0.41430
0.31006
0.20036
0.00000
0.00000
0.00000
0.00000
0.00000
0.00000
0.00000
0.00000
0.00000
0.00000
0.00000
0.00253
0.05707
0.15045
0.26841
0.39290
0.50490
0.58726
0.62741
0.61920
0.56388
0.46992
0.35169
0.22725
0.00000
0.00000
0.00000
0.00000
0.00000
0.00000
0.00000
0.00000
0.00000
0.00000
0.00000
0.00130
0.02942
0.07756
0.13836
0.20253
0.26026
0.30272
0.32341
0.31918
0.29067
0.24223
0.18129
0.11714
0.00000
0.00000
0.00000
0.00000
0.00000
0.00000
0.00000
0.00000
0.00000
0.00000
0.00000
0.00217
0.04892
0.12897
0.23009
0.33681
0.43281
0.50342
0.53784
0.53080
0.48338
0.40284
0.30148
0.19481
0.00000
0.00000
0.00000
0.00000
0.00000
0.00000
0.00000
0.00000
0.00000
0.00000
0.00000
0.00314
0.07089
0.18691
0.33344
0.48810
0.62722
0.72954
0.77942
0.76922
0.70050
0.58378
0.43690
0.28231
0.00000
0.00000
0.00000
0.00000
0.00000
0.00000
0.00000
0.00000
0.00000
0.00000
0.00000
0.00247
0.05574
0.14697
0.26219
0.38380
0.49319
0.57365
0.61286
0.60484
0.55081
0.45903
0.34354
0.22198
0.00000
0.00000
0.00000
0.00000
0.00000
0.00000
0.00000
0.00000
0.00000
0.00000
0.00000
0.00186
0.04207
0.11092
0.19788
0.28965
0.37221
0.43293
0.46253
0.45648
0.41570
0.34643
0.25927
0.16753
0.00000
0.00000
0.00000
0.00000
0.00000
0.00000
0.00000
0.00000
0.00000
0.00000
0.00000
0.00195
0.04408
0.11621
0.20731
0.30347
0.38996
0.45358
0.48459
0.47825
0.43552
0.36295
0.27163
0.17552
0.00000
0.00000
0.00000
0.00000
0.00000
0.00000
0.00000
0.00000
0.00000
0.00000
0.00000
0.00245
0.05529
0.14577
0.26006
0.38068
0.48919
0.56899
0.60789
0.59994
0.54634
0.45531
0.34075
0.22018
0.00000
0.00000
0.00000
0.00000
0.00000
0.00000
0.00000
0.00000
0.00000
0.00000
0.00000
0.00253
0.05705
0.15041
0.26834
0.39279
0.50475
0.58710
0.62723
0.61902
0.56372
0.46979
0.35159
0.22719
0.00000
0.00000
0.00000
0.00000
0.00000
0.00000
0.00000
0.00000
0.00000
0.00000
0.00000
0.00211
0.04775
0.12589
0.22460
0.32877
0.42248
0.49140
0.52499
0.51812
0.47184
0.39322
0.29428
0.19016
0.00000
0.00000
0.00000
0.00000
0.00000
0.00000
0.00000
0.00000
0.00000
0.00000
0.00000
0.01076
0.06649
0.15453
0.26223
0.37409
0.47405
0.54773
0.58455
0.57920
0.53246
0.45105
0.34667
0.23432
0.00000
0.00000
0.00000
0.00000
0.00000
0.00000
0.00000
0.00000
0.00000
0.00000
0.00000
0.01000
0.06178
0.14359
0.24365
0.34760
0.44048
0.50894
0.54315
0.53818
0.49475
0.41910
0.32212
0.21773
0.00000
0.00000
0.00000
0.00000
0.00000
0.00000
0.00000
0.00000
0.00000
0.00000
0.00000
0.00946
0.05845
0.13584
0.23051
0.32885
0.41672
0.48150
0.51386
0.50916
0.46807
0.39650
0.30475
0.20598
0.00000
0.00000
0.00000
0.00000
0.00000
0.00000
0.00000
0.00000
0.00000
0.00000
0.00000
0.00837
0.05173
0.12023
0.20402
0.29106
0.36883
0.42615
0.45479
0.45063
0.41427
0.35093
0.26972
0.18231
0.00000
0.00000
0.00000
0.00000
0.00000
0.00000
0.00000
0.00000
0.00000
0.00000
0.00000
0.01049
0.06481
0.15063
0.25560
0.36464
0.46207
0.53389
0.56977
0.56456
0.51900
0.43965
0.33791
0.22840
0.00000
0.00000
0.00000
0.00000
0.00000
0.00000
0.00000
0.00000
0.00000
0.00000
0.00000
0.00748
0.04625
0.10750
0.18241
0.26023
0.32977
0.38102
0.40663
0.40291
0.37040
0.31377
0.24116
0.16300
0.00000
0.00000
0.00000
0.00000
0.00000
0.00000
0.00000
0.00000
0.00000
0.00000
0.00000
0.01096
0.06775
0.15747
0.26720
0.38119
0.48305
0.55813
0.59564
0.59019
0.54257
0.45961
0.35325
0.23877
0.00000
0.00000
0.00000
0.00000
0.00000
0.00000
0.00000
0.00000
0.00000
0.00000
0.00000
0.01102
0.06814
0.15837
0.26873
0.38337
0.48581
0.56132
0.59905
0.59357
0.54567
0.46224
0.35527
0.24014
0.00000
0.00000
0.00000
0.00000
0.00000
0.00000
0.00000
0.00000
0.00000
0.00000
0.00000
0.01057
0.06534
0.15186
0.25770
0.36763
0.46586
0.53827
0.57445
0.56919
0.52326
0.44326
0.34068
0.23027
0.00000
0.00000
0.00000
0.00000
0.00000
0.00000
0.00000
0.00000
0.00000
0.00000
0.00000
0.00982
0.06072
0.14112
0.23946
0.34162
0.43290
0.50019
0.53381
0.52892
0.48624
0.41190
0.31658
0.21398
0.00000
0.00000
0.00000
0.00000
0.00000
0.00000
0.00000
0.00000
0.00000
0.00000
0.00000
0.00944
0.05835
0.13561
0.23012
0.32829
0.41601
0.48067
0.51298
0.50829
0.46727
0.39583
0.30423
0.20563
0.00000
0.00000
0.00000
0.00000
0.00000
0.00000
0.00000
0.00000
0.00000
0.00000
0.00000
0.00989
0.06111
0.14202
0.24100
0.34381
0.43567
0.50339
0.53722
0.53231
0.48936
0.41454
0.31860
0.21535
0.00000
0.00000
0.00000
0.00000
0.00000
0.00000
0.00000
0.00000
0.00000
0.00000
0.00000
0.00818
0.05054
0.11747
0.19934
0.28437
0.36036
0.41637
0.44435
0.44029
0.40476
0.34287
0.26353
0.17812
0.00000
0.00000
0.00000
0.00000
0.00000
0.00000
0.00000
0.00000
0.00000
0.00000
0.00000
0.00751
0.04642
0.10790
0.18309
0.26120
0.33099
0.38243
0.40814
0.40440
0.37177
0.31493
0.24205
0.16361
0.00000
0.00000
0.00000
0.00000
0.00000
0.00000
0.00000
0.00000
0.00000
0.00000
0.00000
0.00926
0.05726
0.13308
0.22582
0.32215
0.40823
0.47168
0.50339
0.49878
0.45853
0.38843
0.29854
0.20179
0.00000
0.00000
0.00000
0.00000
0.00000
0.00000
0.00000
0.00000
0.00000
0.00000
0.00000
0.00909
0.05619
0.13059
0.22160
0.31613
0.40060
0.46287
0.49398
0.48946
0.44996
0.38117
0.29296
0.19802
0.00000
0.00000
0.00000
0.00000
0.00000
0.00000
0.00000
0.00000
0.00000
0.00000
0.00000
0.01018
0.06290
0.14619
0.24807
0.35389
0.44845
0.51816
0.55298
0.54793
0.50371
0.42670
0.32795
0.22167
0.00000
0.00000
0.00000
0.00000
0.00000
0.00000
0.00000
0.00000
0.00000
0.00000
0.00000
0.00957
0.05913
0.13743
0.23321
0.33270
0.42160
0.48713
0.51987
0.51511
0.47354
0.40114
0.30831
0.20839
0.00000
0.00000
0.00000
0.00000
0.00000
0.00000
0.00000
0.00000
0.00000
0.00000
0.00000
0.00999
0.06175
0.14351
0.24352
0.34741
0.44024
0.50867
0.54285
0.53789
0.49448
0.41888
0.32194
0.21761
0.00000
0.00000
0.00000
0.00000
0.00000
0.00000
0.00000
0.00000
0.00000
0.00000
0.00000
0.01239
0.07657
0.17795
0.30197
0.43079
0.54589
0.63074
0.67313
0.66698
0.61316
0.51941
0.39921
0.26983
0.00000
0.00000
0.00000
0.00000
0.00000
0.00000
0.00000
0.00000
0.00000
0.00000
0.00000
0.00938
0.05798
0.13476
0.22868
0.32623
0.41340
0.47766
0.50976
0.50510
0.46434
0.39334
0.30232
0.20434
0.00000
0.00000
0.00000
0.00000
0.00000
0.00000
0.00000
0.00000
0.00000
0.00000
0.00000
0.00910
0.05625
0.13073
0.22184
0.31648
0.40104
0.46337
0.49452
0.48999
0.45045
0.38158
0.29328
0.19823
0.00000
0.00000
0.00000
0.00000
0.00000
0.00000
0.00000
0.00000
0.00000
0.00000
0.00000
0.01010
0.06241
0.14504
0.24612
0.35111
0.44493
0.51408
0.54864
0.54362
0.49975
0.42334
0.32537
0.21993
0.00000
0.00000
0.00000
0.00000
0.00000
0.00000
0.00000
0.00000
0.00000
0.00000
0.00000
0.00905
0.05595
0.13004
0.22067
0.31481
0.39892
0.46093
0.49191
0.48741
0.44807
0.37957
0.29173
0.19719
0.00000
0.00000
0.00000
0.00000
0.00000
0.00000
0.00000
0.00000
0.00000
0.00000
0.00000
0.00826
0.05103
0.11860
0.20125
0.28711
0.36382
0.42037
0.44862
0.44452
0.40865
0.34617
0.26606
0.17983
0.00000
0.00000
0.00000
0.00000
0.00000
0.00000
0.00000
0.00000
0.00000
0.00000
0.00000
0.00602
0.03724
0.08654
0.14685
0.20950
0.26548
0.30674
0.32736
0.32436
0.29819
0.25260
0.19414
0.13122
0.00000
0.00000
0.00000
0.00000
0.00000
0.00000
0.00000
0.00000
0.00000
0.00000
0.00000
0.01436
0.08876
0.20629
0.35006
0.49940
0.63284
0.73120
0.78034
0.77320
0.71081
0.60213
0.46279
0.31281
0.00000
0.00000
0.00000
0.00000
0.00000
0.00000
0.00000
0.00000
0.00000
0.00000
0.00000
0.01086
0.06714
0.15604
0.26479
0.37775
0.47869
0.55309
0.59026
0.58487
0.53767
0.45546
0.35006
0.23661
0.00000
0.00000
0.00000
0.00000
0.00000
0.00000
0.00000
0.00000
0.00000
0.00000
0.00000
0.00767
0.04741
0.11019
0.18698
0.26674
0.33802
0.39055
0.41680
0.41299
0.37967
0.32162
0.24719
0.16708
0.00000
0.00000
0.00000
0.00000
0.00000
0.00000
0.00000
0.00000
0.00000
0.00000
0.00000
0.01090
0.06739
0.15662
0.26577
0.37915
0.48046
0.55513
0.59244
0.58703
0.53966
0.45714
0.35135
0.23749
0.00000
0.00000
0.00000
0.00000
0.00000
0.00000
0.00000
0.00000
0.00000
0.00000
0.00000
0.02165
0.06426
0.13648
0.22769
0.32443
0.41246
0.47881
0.51371
0.51200
0.47395
0.40516
0.31576
0.21893
0.12893
0.00000
0.00000
0.00000
0.00000
0.00000
0.00000
0.00000
0.00000
0.00000
0.00000
0.02766
0.08209
0.17435
0.29086
0.41445
0.52691
0.61167
0.65624
0.65406
0.60546
0.51758
0.40338
0.27968
0.16470
0.00000
0.00000
0.00000
0.00000
0.00000
0.00000
0.00000
0.00000
0.00000
0.00000
0.01771
0.05256
0.11164
0.18624
0.26537
0.33737
0.39164
0.42018
0.41879
0.38767
0.33140
0.25828
0.17907
0.10546
0.00000
0.00000
0.00000
0.00000
0.00000
0.00000
0.00000
0.00000
0.00000
0.00000
0.01796
0.05331
0.11322
0.18888
0.26914
0.34217
0.39721
0.42616
0.42474
0.39318
0.33611
0.26195
0.18162
0.10696
0.00000
0.00000
0.00000
0.00000
0.00000
0.00000
0.00000
0.00000
0.00000
0.00000
0.01460
0.04332
0.09202
0.15351
0.21874
0.27810
0.32283
0.34636
0.34521
0.31955
0.27317
0.21290
0.14761
0.08693
0.00000
0.00000
0.00000
0.00000
0.00000
0.00000
0.00000
0.00000
0.00000
0.00000
0.02809
0.08336
0.17706
0.29537
0.42088
0.53508
0.62115
0.66642
0.66421
0.61485
0.52561
0.40963
0.28401
0.16726
0.00000
0.00000
0.00000
0.00000
0.00000
0.00000
0.00000
0.00000
0.00000
0.00000
0.01815
0.05388
0.11444
0.19091
0.27203
0.34585
0.40148
0.43074
0.42931
0.39741
0.33973
0.26477
0.18357
0.10811
0.00000
0.00000
0.00000
0.00000
0.00000
0.00000
0.00000
0.00000
0.00000
0.00000
0.02404
0.07136
0.15157
0.25286
0.36030
0.45806
0.53175
0.57050
0.56861
0.52635
0.44995
0.35067
0.24314
0.14318
0.00000
0.00000
0.00000
0.00000
0.00000
0.00000
0.00000
0.00000
0.00000
0.00000
0.02881
0.08552
0.18164
0.30303
0.43178
0.54894
0.63725
0.68369
0.68142
0.63078
0.53922
0.42025
0.29137
0.17159
0.00000
0.00000
0.00000
0.00000
0.00000
0.00000
0.00000
0.00000
0.00000
0.00000
0.02278
0.06760
0.14359
0.23954
0.34133
0.43394
0.50375
0.54046
0.53867
0.49864
0.42626
0.33221
0.23033
0.13564
0.00000
0.00000
0.00000
0.00000
0.00000
0.00000
0.00000
0.00000
0.00000
0.00000
0.02037
0.06047
0.12843
0.21425
0.30529
0.38813
0.45056
0.48340
0.48179
0.44599
0.38126
0.29713
0.20601
0.12132
0.00000
0.00000
0.00000
0.00000
0.00000
0.00000
0.00000
0.00000
0.00000
0.00000
0.02664
0.07907
0.16794
0.28017
0.39921
0.50753
0.58917
0.63211
0.63001
0.58319
0.49855
0.38854
0.26939
0.15865
0.00000
0.00000
0.00000
0.00000
0.00000
0.00000
0.00000
0.00000
0.00000
0.00000
0.02506
0.07438
0.15797
0.26354
0.37552
0.47741
0.55421
0.59459
0.59262
0.54858
0.46896
0.36548
0.25340
0.14923
0.00000
0.00000
0.00000
0.00000
0.00000
0.00000
0.00000
0.00000
0.00000
0.00000
0.02414
0.07164
0.15217
0.25386
0.36173
0.45988
0.53386
0.57276
0.57086
0.52844
0.45174
0.35206
0.24410
0.14375
0.00000
0.00000
0.00000
0.00000
0.00000
0.00000
0.00000
0.00000
0.00000
0.00000
0.01668
0.04952
0.10518
0.17546
0.25001
0.31785
0.36898
0.39587
0.39456
0.36524
0.31223
0.24333
0.16871
0.09936
0.00000
0.00000
0.00000
0.00000
0.00000
0.00000
0.00000
0.00000
0.00000
0.00000
0.03014
0.08947
0.19003
0.31701
0.45171
0.57428
0.66666
0.71525
0.71287
0.65990
0.56412
0.43965
0.30482
0.17951
0.00000
0.00000
0.00000
0.00000
0.00000
0.00000
0.00000
0.00000
0.00000
0.00000
0.03237
0.09608
0.20407
0.34044
0.48509
0.61671
0.71592
0.76809
0.76555
0.70865
0.60580
0.47213
0.32735
0.19278
0.00000
0.00000
0.00000
0.00000
0.00000
0.00000
0.00000
0.00000
0.00000
0.00000
0.02434
0.07226
0.15347
0.25603
0.36481
0.46380
0.53841
0.57765
0.57573
0.53294
0.45559
0.35507
0.24618
0.14498
0.00000
0.00000
0.00000
0.00000
0.00000
0.00000
0.00000
0.00000
0.00000
0.00000
0.01798
0.05337
0.11335
0.18910
0.26945
0.34256
0.39766
0.42664
0.42523
0.39363
0.33649
0.26225
0.18183
0.10708
0.00000
0.00000
0.00000
0.00000
0.00000
0.00000
0.00000
0.00000
0.00000
0.00000
0.02859
0.08485
0.18022
0.30065
0.42840
0.54464
0.63225
0.67833
0.67608
0.62583
0.53500
0.41695
0.28909
0.17025
0.00000
0.00000
0.00000
0.00000
0.00000
0.00000
0.00000
0.00000
0.00000
0.00000
0.02206
0.06547
0.13906
0.23199
0.33056
0.42025
0.48786
0.52341
0.52167
0.48291
0.41281
0.32173
0.22307
0.13137
0.00000
0.00000
0.00000
0.00000
0.00000
0.00000
0.00000
0.00000
0.00000
0.00000
0.01910
0.05670
0.12043
0.20090
0.28627
0.36394
0.42249
0.45328
0.45177
0.41820
0.35750
0.27862
0.19318
0.11376
0.00000
0.00000
0.00000
0.00000
0.00000
0.00000
0.00000
0.00000
0.00000
0.00000
0.02946
0.08744
0.18572
0.30982
0.44146
0.56125
0.65153
0.69901
0.69669
0.64492
0.55131
0.42967
0.29790
0.17544
0.00000
0.00000
0.00000
0.00000
0.00000
0.00000
0.00000
0.00000
0.00000
0.00000
0.02929
0.08692
0.18462
0.30799
0.43885
0.55793
0.64768
0.69488
0.69257
0.64110
0.54805
0.42713
0.29614
0.17440
0.00000
0.00000
0.00000
0.00000
0.00000
0.00000
0.00000
0.00000
0.00000
0.00000
0.02190
0.06500
0.13805
0.23030
0.32816
0.41721
0.48432
0.51961
0.51789
0.47940
0.40982
0.31939
0.22145
0.13041
0.00000
0.00000
0.00000
0.00000
0.00000
0.00000
0.00000
0.00000
0.00000
0.00000
0.02288
0.06790
0.14422
0.24060
0.34283
0.43585
0.50597
0.54284
0.54104
0.50083
0.42814
0.33367
0.23135
0.13624
0.00000
0.00000
0.00000
0.00000
0.00000
0.00000
0.00000
0.00000
0.00000
0.00000
0.02283
0.06775
0.14391
0.24008
0.34209
0.43491
0.50487
0.54167
0.53987
0.49975
0.42721
0.33295
0.23085
0.13595
0.00000
0.00000
0.00000
0.00000
0.00000
0.00000
0.00000
0.00000
0.00000
0.00000
0.02472
0.07338
0.15586
0.26002
0.37050
0.47103
0.54680
0.58665
0.58470
0.54125
0.46269
0.36060
0.25002
0.14724
0.00000
0.00000
0.00000
0.00000
0.00000
0.00000
0.00000
0.00000
0.00000
0.00000
0.01298
0.03851
0.08180
0.13646
0.19444
0.24720
0.28697
0.30788
0.30686
0.28405
0.24282
0.18925
0.13121
0.07727
0.00000
0.00000
0.00000
0.00000
0.00000
0.00000
0.00000
0.00000
0.00000
0.00000
0.02487
0.07381
0.15678
0.26155
0.37268
0.47381
0.55003
0.59011
0.58815
0.54444
0.46542
0.36273
0.25149
0.14810
0.00000
0.00000
0.00000
0.00000
0.00000
0.00000
0.00000
0.00000
0.00000
0.00000
0.01673
0.04965
0.10547
0.17594
0.25070
0.31873
0.37000
0.39697
0.39565
0.36625
0.31309
0.24401
0.16918
0.09963
0.00000
0.00000
0.00000
0.00000
0.00000
0.00000
0.00000
0.00000
0.00000
0.00000
0.01650
0.07884
0.18446
0.31770
0.45882
0.58689
0.68291
0.73266
0.72876
0.67178
0.57018
0.43901
0.29773
0.00000
0.00000
0.00000
0.00000
0.00000
0.00000
0.00000
0.00000
0.00000
0.00000
0.00000
0.01526
0.07291
0.17059
0.29382
0.42433
0.54278
0.63158
0.67759
0.67398
0.62129
0.52732
0.40602
0.27535
0.00000
0.00000
0.00000
0.00000
0.00000
0.00000
0.00000
0.00000
0.00000
0.00000
0.00000
0.01367
0.06531
0.15280
0.26318
0.38008
0.48617
0.56571
0.60693
0.60369
0.55649
0.47233
0.36367
0.24664
0.00000
0.00000
0.00000
0.00000
0.00000
0.00000
0.00000
0.00000
0.00000
0.00000
0.00000
0.01555
0.07428
0.17380
0.29935
0.43231
0.55297
0.64345
0.69033
0.68665
0.63297
0.53723
0.41365
0.28053
0.00000
0.00000
0.00000
0.00000
0.00000
0.00000
0.00000
0.00000
0.00000
0.00000
0.00000
0.00898
0.04288
0.10033
0.17280
0.24956
0.31921
0.37144
0.39850
0.39638
0.36539
0.31012
0.23878
0.16194
0.00000
0.00000
0.00000
0.00000
0.00000
0.00000
0.00000
0.00000
0.00000
0.00000
0.00000
0.01177
0.05623
0.13155
0.22658
0.32723
0.41856
0.48705
0.52253
0.51975
0.47911
0.40665
0.31310
0.21234
0.00000
0.00000
0.00000
0.00000
0.00000
0.00000
0.00000
0.00000
0.00000
0.00000
0.00000
0.01139
0.05440
0.12729
0.21924
0.31662
0.40499
0.47125
0.50559
0.50289
0.46357
0.39346
0.30295
0.20545
0.00000
0.00000
0.00000
0.00000
0.00000
0.00000
0.00000
0.00000
0.00000
0.00000
0.00000
0.01144
0.05466
0.12789
0.22027
0.31811
0.40691
0.47348
0.50798
0.50527
0.46577
0.39532
0.30438
0.20643
0.00000
0.00000
0.00000
0.00000
0.00000
0.00000
0.00000
0.00000
0.00000
0.00000
0.00000
0.01242
0.05931
0.13878
0.23902
0.34520
0.44155
0.51379
0.55122
0.54828
0.50542
0.42898
0.33029
0.22400
0.00000
0.00000
0.00000
0.00000
0.00000
0.00000
0.00000
0.00000
0.00000
0.00000
0.00000
0.01262
0.06027
0.14102
0.24289
0.35077
0.44868
0.52209
0.56013
0.55715
0.51359
0.43591
0.33563
0.22762
0.00000
0.00000
0.00000
0.00000
0.00000
0.00000
0.00000
0.00000
0.00000
0.00000
0.00000
0.01292
0.06172
0.14442
0.24874
0.35922
0.45949
0.53467
0.57362
0.57057
0.52596
0.44641
0.34372
0.23310
0.00000
0.00000
0.00000
0.00000
0.00000
0.00000
0.00000
0.00000
0.00000
0.00000
0.00000
0.01389
0.06636
0.15527
0.26743
0.38622
0.49402
0.57485
0.61673
0.61344
0.56548
0.47995
0.36954
0.25062
0.00000
0.00000
0.00000
0.00000
0.00000
0.00000
0.00000
0.00000
0.00000
0.00000
0.00000
0.01295
0.06187
0.14477
0.24934
0.36009
0.46060
0.53597
0.57501
0.57195
0.52723
0.44749
0.34455
0.23367
0.00000
0.00000
0.00000
0.00000
0.00000
0.00000
0.00000
0.00000
0.00000
0.00000
0.00000
0.01398
0.06676
0.15619
0.26902
0.38852
0.49696
0.57827
0.62040
0.61710
0.56885
0.48281
0.37175
0.25211
0.00000
0.00000
0.00000
0.00000
0.00000
0.00000
0.00000
0.00000
0.00000
0.00000
0.00000
0.01712
0.08180
0.19138
0.32963
0.47605
0.60893
0.70856
0.76018
0.75613
0.69701
0.59159
0.45550
0.30891
0.00000
0.00000
0.00000
0.00000
0.00000
0.00000
0.00000
0.00000
0.00000
0.00000
0.00000
0.01228
0.05867
0.13728
0.23645
0.34147
0.43678
0.50825
0.54527
0.54237
0.49997
0.42435
0.32673
0.22158
0.00000
0.00000
0.00000
0.00000
0.00000
0.00000
0.00000
0.00000
0.00000
0.00000
0.00000
0.01362
0.06508
0.15228
0.26228
0.37878
0.48451
0.56378
0.60485
0.60163
0.55459
0.47071
0.36243
0.24579
0.00000
0.00000
0.00000
0.00000
0.00000
0.00000
0.00000
0.00000
0.00000
0.00000
0.00000
0.01579
0.07543
0.17648
0.30396
0.43897
0.56149
0.65336
0.70096
0.69723
0.64272
0.54551
0.42002
0.28485
0.00000
0.00000
0.00000
0.00000
0.00000
0.00000
0.00000
0.00000
0.00000
0.00000
0.00000
0.01745
0.08333
0.19497
0.33582
0.48498
0.62035
0.72185
0.77444
0.77031
0.71009
0.60269
0.46405
0.31471
0.00000
0.00000
0.00000
0.00000
0.00000
0.00000
0.00000
0.00000
0.00000
0.00000
0.00000
0.01024
0.04891
0.11443
0.19709
0.28463
0.36407
0.42364
0.45451
0.45208
0.41674
0.35371
0.27234
0.18470
0.00000
0.00000
0.00000
0.00000
0.00000
0.00000
0.00000
0.00000
0.00000
0.00000
0.00000
0.01367
0.06530
0.15278
0.26314
0.38003
0.48610
0.56563
0.60684
0.60361
0.55642
0.47226
0.36362
0.24660
0.00000
0.00000
0.00000
0.00000
0.00000
0.00000
0.00000
0.00000
0.00000
0.00000
0.00000
0.01509
0.07210
0.16869
0.29054
0.41960
0.53672
0.62453
0.67003
0.66646
0.61435
0.52144
0.40148
0.27228
0.00000
0.00000
0.00000
0.00000
0.00000
0.00000
0.00000
0.00000
0.00000
0.00000
0.00000
0.01231
0.05881
0.13761
0.23701
0.34229
0.43783
0.50947
0.54658
0.54367
0.50116
0.42536
0.32751
0.22211
0.00000
0.00000
0.00000
0.00000
0.00000
0.00000
0.00000
0.00000
0.00000
0.00000
0.00000
0.01223
0.05841
0.13665
0.23537
0.33992
0.43479
0.50594
0.54279
0.53990
0.49769
0.42242
0.32524
0.22057
0.00000
0.00000
0.00000
0.00000
0.00000
0.00000
0.00000
0.00000
0.00000
0.00000
0.00000
0.01959
0.09360
0.21900
0.37720
0.54475
0.69680
0.81081
0.86988
0.86524
0.79760
0.67696
0.52123
0.35349
0.00000
0.00000
0.00000
0.00000
0.00000
0.00000
0.00000
0.00000
0.00000
0.00000
0.00000
0.01241
0.05928
0.13870
0.23889
0.34500
0.44130
0.51350
0.55091
0.54797
0.50513
0.42873
0.33011
0.22387
0.00000
0.00000
0.00000
0.00000
0.00000
0.00000
0.00000
0.00000
0.00000
0.00000
0.00000
0.01052
0.05024
0.11755
0.20247
0.29240
0.37401
0.43521
0.46691
0.46442
0.42811
0.36336
0.27977
0.18974
0.00000
0.00000
0.00000
0.00000
0.00000
0.00000
0.00000
0.00000
0.00000
0.00000
0.00000
0.01472
0.07032
0.16453
0.28338
0.40926
0.52349
0.60914
0.65352
0.65004
0.59921
0.50859
0.39159
0.26557
0.00000
0.00000
0.00000
0.00000
0.00000
0.00000
0.00000
0.00000
0.00000
0.00000
0.00000
0.01254
0.05991
0.14016
0.24141
0.34865
0.44596
0.51893
0.55673
0.55377
0.51047
0.43327
0.33360
0.22624
0.00000
0.00000
0.00000
0.00000
0.00000
0.00000
0.00000
0.00000
0.00000
0.00000
0.00000
0.01515
0.07236
0.16930
0.29160
0.42112
0.53866
0.62680
0.67246
0.66888
0.61658
0.52333
0.40294
0.27327
0.00000
0.00000
0.00000
0.00000
0.00000
0.00000
0.00000
0.00000
0.00000
0.00000
0.00000
0.01426
0.06811
0.15936
0.27447
0.39639
0.50703
0.58999
0.63297
0.62960
0.58038
0.49260
0.37928
0.25722
0.00000
0.00000
0.00000
0.00000
0.00000
0.00000
0.00000
0.00000
0.00000
0.00000
0.00000
0.01071
0.06514
0.15499
0.26668
0.38328
0.48714
0.56253
0.59804
0.58828
0.53475
0.44553
0.33415
0.21747
0.00000
0.00000
0.00000
0.00000
0.00000
0.00000
0.00000
0.00000
0.00000
0.00000
0.00000
0.00976
0.05934
0.14120
0.24295
0.34918
0.44380
0.51248
0.54483
0.53594
0.48717
0.40589
0.30442
0.19812
0.00000
0.00000
0.00000
0.00000
0.00000
0.00000
0.00000
0.00000
0.00000
0.00000
0.00000
0.01081
0.06574
0.15644
0.26916
0.38685
0.49168
0.56777
0.60361
0.59376
0.53973
0.44968
0.33726
0.21949
0.00000
0.00000
0.00000
0.00000
0.00000
0.00000
0.00000
0.00000
0.00000
0.00000
0.00000
0.01108
0.06739
0.16036
0.27590
0.39654
0.50399
0.58199
0.61873
0.60864
0.55325
0.46095
0.34571
0.22499
0.00000
0.00000
0.00000
0.00000
0.00000
0.00000
0.00000
0.00000
0.00000
0.00000
0.00000
0.00924
0.05619
0.13370
0.23004
0.33062
0.42021
0.48525
0.51588
0.50747
0.46128
0.38433
0.28825
0.18759
0.00000
0.00000
0.00000
0.00000
0.00000
0.00000
0.00000
0.00000
0.00000
0.00000
0.00000
0.01341
0.08153
0.19402
0.33382
0.47978
0.60978
0.70416
0.74860
0.73640
0.66938
0.55770
0.41828
0.27222
0.00000
0.00000
0.00000
0.00000
0.00000
0.00000
0.00000
0.00000
0.00000
0.00000
0.00000
0.01279
0.07776
0.18504
0.31838
0.45759
0.58159
0.67159
0.71399
0.70234
0.63842
0.53191
0.39894
0.25963
0.00000
0.00000
0.00000
0.00000
0.00000
0.00000
0.00000
0.00000
0.00000
0.00000
0.00000
0.01145
0.06961
0.16565
0.28501
0.40963
0.52063
0.60120
0.63915
0.62872
0.57151
0.47616
0.35712
0.23242
0.00000
0.00000
0.00000
0.00000
0.00000
0.00000
0.00000
0.00000
0.00000
0.00000
0.00000
0.00934
0.05681
0.13519
0.23261
0.33431
0.42490
0.49066
0.52163
0.51313
0.46643
0.38861
0.29146
0.18968
0.00000
0.00000
0.00000
0.00000
0.00000
0.00000
0.00000
0.00000
0.00000
0.00000
0.00000
0.01153
0.07009
0.16678
0.28695
0.41242
0.52417
0.60530
0.64350
0.63301
0.57540
0.47941
0.35956
0.23400
0.00000
0.00000
0.00000
0.00000
0.00000
0.00000
0.00000
0.00000
0.00000
0.00000
0.00000
0.01381
0.08398
0.19984
0.34385
0.49419
0.62810
0.72531
0.77110
0.75852
0.68949
0.57446
0.43085
0.28040
0.00000
0.00000
0.00000
0.00000
0.00000
0.00000
0.00000
0.00000
0.00000
0.00000
0.00000
0.01127
0.06856
0.16314
0.28070
0.40343
0.51275
0.59211
0.62948
0.61922
0.56286
0.46896
0.35172
0.22890
0.00000
0.00000
0.00000
0.00000
0.00000
0.00000
0.00000
0.00000
0.00000
0.00000
0.00000
0.01159
0.07048
0.16770
0.28854
0.41471
0.52708
0.60865
0.64707
0.63652
0.57859
0.48206
0.36155
0.23530
0.00000
0.00000
0.00000
0.00000
0.00000
0.00000
0.00000
0.00000
0.00000
0.00000
0.00000
0.00966
0.05871
0.13971
0.24038
0.34549
0.43911
0.50706
0.53907
0.53028
0.48202
0.40160
0.30120
0.19603
0.00000
0.00000
0.00000
0.00000
0.00000
0.00000
0.00000
0.00000
0.00000
0.00000
0.00000
0.00935
0.05684
0.13526
0.23272
0.33448
0.42511
0.49091
0.52189
0.51338
0.46666
0.38881
0.29161
0.18978
0.00000
0.00000
0.00000
0.00000
0.00000
0.00000
0.00000
0.00000
0.00000
0.00000
0.00000
0.01285
0.07814
0.18595
0.31994
0.45983
0.58443
0.67488
0.71748
0.70578
0.64155
0.53452
0.40089
0.26090
0.00000
0.00000
0.00000
0.00000
0.00000
0.00000
0.00000
0.00000
0.00000
0.00000
0.00000
0.01358
0.08258
0.19650
0.33809
0.48592
0.61759
0.71317
0.75818
0.74582
0.67795
0.56484
0.42363
0.27570
0.00000
0.00000
0.00000
0.00000
0.00000
0.00000
0.00000
0.00000
0.00000
0.00000
0.00000
0.00968
0.05885
0.14004
0.24095
0.34630
0.44014
0.50825
0.54034
0.53152
0.48315
0.40255
0.30191
0.19649
0.00000
0.00000
0.00000
0.00000
0.00000
0.00000
0.00000
0.00000
0.00000
0.00000
0.00000
0.00903
0.05493
0.13072
0.22491
0.32325
0.41085
0.47443
0.50438
0.49615
0.45100
0.37576
0.28182
0.18341
0.00000
0.00000
0.00000
0.00000
0.00000
0.00000
0.00000
0.00000
0.00000
0.00000
0.00000
0.01114
0.06773
0.16118
0.27732
0.39857
0.50657
0.58497
0.62189
0.61175
0.55608
0.46331
0.34748
0.22614
0.00000
0.00000
0.00000
0.00000
0.00000
0.00000
0.00000
0.00000
0.00000
0.00000
0.00000
0.00946
0.05750
0.13683
0.23543
0.33836
0.43005
0.49661
0.52796
0.51935
0.47208
0.39332
0.29499
0.19198
0.00000
0.00000
0.00000
0.00000
0.00000
0.00000
0.00000
0.00000
0.00000
0.00000
0.00000
0.01194
0.07259
0.17273
0.29720
0.42715
0.54289
0.62691
0.66649
0.65562
0.59595
0.49653
0.37240
0.24236
0.00000
0.00000
0.00000
0.00000
0.00000
0.00000
0.00000
0.00000
0.00000
0.00000
0.00000
0.01209
0.07353
0.17496
0.30103
0.43265
0.54989
0.63499
0.67507
0.66406
0.60363
0.50292
0.37719
0.24548
0.00000
0.00000
0.00000
0.00000
0.00000
0.00000
0.00000
0.00000
0.00000
0.00000
0.00000
0.01343
0.08170
0.19440
0.33448
0.48073
0.61100
0.70556
0.75009
0.73786
0.67071
0.55881
0.41911
0.27276
0.00000
0.00000
0.00000
0.00000
0.00000
0.00000
0.00000
0.00000
0.00000
0.00000
0.00000
0.00925
0.05625
0.13384
0.23029
0.33098
0.42067
0.48577
0.51643
0.50801
0.46178
0.38474
0.28856
0.18779
0.00000
0.00000
0.00000
0.00000
0.00000
0.00000
0.00000
0.00000
0.00000
0.00000
0.00000
0.01151
0.07002
0.16662
0.28668
0.41202
0.52367
0.60472
0.64289
0.63240
0.57485
0.47895
0.35921
0.23378
0.00000
0.00000
0.00000
0.00000
0.00000
0.00000
0.00000
0.00000
0.00000
0.00000
0.00000
0.00766
0.04657
0.11082
0.19067
0.27404
0.34829
0.40220
0.42759
0.42061
0.38233
0.31855
0.23891
0.15549
0.00000
0.00000
0.00000
0.00000
0.00000
0.00000
0.00000
0.00000
0.00000
0.00000
0.00000
0.01505
0.09152
0.21779
0.37472
0.53856
0.68450
0.79044
0.84033
0.82662
0.75140
0.62604
0.46953
0.30557
0.00000
0.00000
0.00000
0.00000
0.00000
0.00000
0.00000
0.00000
0.00000
0.00000
0.00000
0.01248
0.07587
0.18053
0.31062
0.44643
0.56741
0.65522
0.69658
0.68522
0.62286
0.51895
0.38921
0.25330
0.00000
0.00000
0.00000
0.00000
0.00000
0.00000
0.00000
0.00000
0.00000
0.00000
0.00000
0.01270
0.07721
0.18373
0.31613
0.45435
0.57747
0.66684
0.70893
0.69737
0.63390
0.52815
0.39611
0.25779
0.00000
0.00000
0.00000
0.00000
0.00000
0.00000
0.00000
0.00000
0.00000
0.00000
0.00000
0.01032
0.07183
0.17393
0.30018
0.43021
0.54308
0.62059
0.65024
0.62726
0.55535
0.44611
0.31713
0.18921
0.00000
0.00000
0.00000
0.00000
0.00000
0.00000
0.00000
0.00000
0.00000
0.00000
0.00000
0.01138
0.07921
0.19182
0.33105
0.47446
0.59894
0.68442
0.71712
0.69178
0.61247
0.49199
0.34975
0.20867
0.00000
0.00000
0.00000
0.00000
0.00000
0.00000
0.00000
0.00000
0.00000
0.00000
0.00000
0.01200
0.08355
0.20232
0.34918
0.50044
0.63173
0.72189
0.75639
0.72966
0.64601
0.51893
0.36890
0.22010
0.00000
0.00000
0.00000
0.00000
0.00000
0.00000
0.00000
0.00000
0.00000
0.00000
0.00000
0.01110
0.07732
0.18723
0.32314
0.46312
0.58462
0.66805
0.69997
0.67524
0.59783
0.48023
0.34139
0.20368
0.00000
0.00000
0.00000
0.00000
0.00000
0.00000
0.00000
0.00000
0.00000
0.00000
0.00000
0.01061
0.07386
0.17887
0.30870
0.44242
0.55849
0.63820
0.66870
0.64507
0.57112
0.45877
0.32613
0.19458
0.00000
0.00000
0.00000
0.00000
0.00000
0.00000
0.00000
0.00000
0.00000
0.00000
0.00000
0.00662
0.04606
0.11155
0.19252
0.27591
0.34830
0.39801
0.41703
0.40229
0.35617
0.28611
0.20339
0.12135
0.00000
0.00000
0.00000
0.00000
0.00000
0.00000
0.00000
0.00000
0.00000
0.00000
0.00000
0.01059
0.07375
0.17859
0.30822
0.44174
0.55763
0.63721
0.66766
0.64407
0.57023
0.45806
0.32563
0.19428
0.00000
0.00000
0.00000
0.00000
0.00000
0.00000
0.00000
0.00000
0.00000
0.00000
0.00000
0.00918
0.06388
0.15470
0.26698
0.38263
0.48302
0.55195
0.57833
0.55789
0.49393
0.39677
0.28206
0.16829
0.00000
0.00000
0.00000
0.00000
0.00000
0.00000
0.00000
0.00000
0.00000
0.00000
0.00000
0.01217
0.08472
0.20515
0.35405
0.50743
0.64055
0.73197
0.76695
0.73984
0.65503
0.52618
0.37405
0.22317
0.00000
0.00000
0.00000
0.00000
0.00000
0.00000
0.00000
0.00000
0.00000
0.00000
0.00000
0.00856
0.05959
0.14431
0.24905
0.35694
0.45059
0.51489
0.53950
0.52043
0.46077
0.37013
0.26312
0.15699
0.00000
0.00000
0.00000
0.00000
0.00000
0.00000
0.00000
0.00000
0.00000
0.00000
0.00000
0.00868
0.06044
0.14637
0.25261
0.36204
0.45702
0.52225
0.54720
0.52786
0.46735
0.37541
0.26688
0.15923
0.00000
0.00000
0.00000
0.00000
0.00000
0.00000
0.00000
0.00000
0.00000
0.00000
0.00000
0.01040
0.07238
0.17528
0.30250
0.43354
0.54728
0.62538
0.65526
0.63211
0.55964
0.44955
0.31958
0.19067
0.00000
0.00000
0.00000
0.00000
0.00000
0.00000
0.00000
0.00000
0.00000
0.00000
0.00000
0.00596
0.04151
0.10052
0.17348
0.24864
0.31387
0.35866
0.37580
0.36252
0.32096
0.25782
0.18328
0.10935
0.00000
0.00000
0.00000
0.00000
0.00000
0.00000
0.00000
0.00000
0.00000
0.00000
0.00000
0.00863
0.06009
0.14551
0.25113
0.35992
0.45435
0.51919
0.54400
0.52477
0.46461
0.37322
0.26531
0.15830
0.00000
0.00000
0.00000
0.00000
0.00000
0.00000
0.00000
0.00000
0.00000
0.00000
0.00000
0.01057
0.07362
0.17828
0.30768
0.44096
0.55665
0.63610
0.66649
0.64294
0.56923
0.45726
0.32506
0.19394
0.00000
0.00000
0.00000
0.00000
0.00000
0.00000
0.00000
0.00000
0.00000
0.00000
0.00000
0.01255
0.08740
0.21164
0.36526
0.52349
0.66083
0.75514
0.79122
0.76326
0.67576
0.54283
0.38589
0.23024
0.00000
0.00000
0.00000
0.00000
0.00000
0.00000
0.00000
0.00000
0.00000
0.00000
0.00000
0.00788
0.05485
0.13283
0.22923
0.32854
0.41473
0.47392
0.49656
0.47902
0.42410
0.34068
0.24218
0.14449
0.00000
0.00000
0.00000
0.00000
0.00000
0.00000
0.00000
0.00000
0.00000
0.00000
0.00000
0.01157
0.08053
0.19501
0.33656
0.48235
0.60890
0.69580
0.72905
0.70328
0.62266
0.50017
0.35557
0.21214
0.00000
0.00000
0.00000
0.00000
0.00000
0.00000
0.00000
0.00000
0.00000
0.00000
0.00000
0.00716
0.04982
0.12065
0.20822
0.29842
0.37671
0.43047
0.45104
0.43510
0.38522
0.30944
0.21998
0.13125
0.00000
0.00000
0.00000
0.00000
0.00000
0.00000
0.00000
0.00000
0.00000
0.00000
0.00000
0.01208
0.08408
0.20360
0.35138
0.50359
0.63571
0.72644
0.76115
0.73426
0.65008
0.52220
0.37122
0.22149
0.00000
0.00000
0.00000
0.00000
0.00000
0.00000
0.00000
0.00000
0.00000
0.00000
0.00000
0.01055
0.07346
0.17788
0.30699
0.43998
0.55541
0.63468
0.66500
0.64150
0.56796
0.45624
0.32433
0.19351
0.00000
0.00000
0.00000
0.00000
0.00000
0.00000
0.00000
0.00000
0.00000
0.00000
0.00000
0.00587
0.04084
0.09890
0.17068
0.24462
0.30880
0.35287
0.36974
0.35667
0.31578
0.25366
0.18032
0.10759
0.00000
0.00000
0.00000
0.00000
0.00000
0.00000
0.00000
0.00000
0.00000
0.00000
0.00000
0.00673
0.04685
0.11346
0.19581
0.28063
0.35425
0.40481
0.42415
0.40916
0.36226
0.29100
0.20687
0.12342
0.00000
0.00000
0.00000
0.00000
0.00000
0.00000
0.00000
0.00000
0.00000
0.00000
0.00000
0.01001
0.06972
0.16882
0.29136
0.41758
0.52713
0.60236
0.63114
0.60884
0.53904
0.43301
0.30782
0.18366
0.00000
0.00000
0.00000
0.00000
0.00000
0.00000
0.00000
0.00000
0.00000
0.00000
0.00000
0.00681
0.04743
0.11485
0.19822
0.28409
0.35862
0.40980
0.42938
0.41421
0.36673
0.29458
0.20942
0.12495
0.00000
0.00000
0.00000
0.00000
0.00000
0.00000
0.00000
0.00000
0.00000
0.00000
0.00000
0.00728
0.05070
0.12277
0.21188
0.30367
0.38334
0.43804
0.45898
0.44276
0.39200
0.31489
0.22385
0.13356
0.00000
0.00000
0.00000
0.00000
0.00000
0.00000
0.00000
0.00000
0.00000
0.00000
0.00000
0.00883
0.06148
0.14889
0.25695
0.36827
0.46488
0.53123
0.55661
0.53694
0.47539
0.38187
0.27147
0.16197
0.00000
0.00000
0.00000
0.00000
0.00000
0.00000
0.00000
0.00000
0.00000
0.00000
0.00000
0.01033
0.07193
0.17418
0.30061
0.43084
0.54387
0.62149
0.65118
0.62817
0.55616
0.44675
0.31759
0.18949
0.00000
0.00000
0.00000
0.00000
0.00000
0.00000
0.00000
0.00000
0.00000
0.00000
0.00000
0.01189
0.08276
0.20042
0.34588
0.49572
0.62577
0.71508
0.74925
0.72277
0.63992
0.51404
0.36542
0.21802
0.00000
0.00000
0.00000
0.00000
0.00000
0.00000
0.00000
0.00000
0.00000
0.00000
0.00000
0.00951
0.06622
0.16036
0.27675
0.39664
0.50070
0.57216
0.59950
0.57831
0.51202
0.41130
0.29238
0.17445
0.00000
0.00000
0.00000
0.00000
0.00000
0.00000
0.00000
0.00000
0.00000
0.00000
0.00000
0.00913
0.06354
0.15387
0.26555
0.38058
0.48042
0.54899
0.57522
0.55489
0.49128
0.39464
0.28054
0.16738
0.00000
0.00000
0.00000
0.00000
0.00000
0.00000
0.00000
0.00000
0.00000
0.00000
0.00000
0.00000
0.02486
0.08257
0.15419
0.22798
0.29185
0.33533
0.35128
0.33710
0.29511
0.23219
0.15866
0.08657
0.00000
0.00000
0.00000
0.00000
0.00000
0.00000
0.00000
0.00000
0.00000
0.00000
0.00000
0.00000
0.05378
0.17860
0.33352
0.49314
0.63129
0.72533
0.75984
0.72917
0.63834
0.50224
0.34319
0.18725
0.00000
0.00000
0.00000
0.00000
0.00000
0.00000
0.00000
0.00000
0.00000
0.00000
0.00000
0.00000
0.02541
0.08439
0.15760
0.23302
0.29830
0.34273
0.35904
0.34455
0.30163
0.23732
0.16216
0.08848
0.00000
0.00000
0.00000
0.00000
0.00000
0.00000
0.00000
0.00000
0.00000
0.00000
0.00000
0.00000
0.04152
0.13789
0.25750
0.38073
0.48739
0.55999
0.58664
0.56295
0.49283
0.38776
0.26496
0.14456
0.00000
0.00000
0.00000
0.00000
0.00000
0.00000
0.00000
0.00000
0.00000
0.00000
0.00000
0.00000
0.04799
0.15937
0.29760
0.44003
0.56330
0.64722
0.67801
0.65064
0.56959
0.44815
0.30623
0.16708
0.00000
0.00000
0.00000
0.00000
0.00000
0.00000
0.00000
0.00000
0.00000
0.00000
0.00000
0.00000
0.04521
0.15015
0.28038
0.41457
0.53071
0.60976
0.63878
0.61299
0.53663
0.42222
0.28851
0.15741
0.00000
0.00000
0.00000
0.00000
0.00000
0.00000
0.00000
0.00000
0.00000
0.00000
0.00000
0.00000
0.04501
0.14946
0.27910
0.41267
0.52828
0.60698
0.63586
0.61019
0.53418
0.42029
0.28719
0.15669
0.00000
0.00000
0.00000
0.00000
0.00000
0.00000
0.00000
0.00000
0.00000
0.00000
0.00000
0.00000
0.04767
0.15830
0.29560
0.43707
0.55951
0.64286
0.67345
0.64626
0.56576
0.44514
0.30417
0.16596
0.00000
0.00000
0.00000
0.00000
0.00000
0.00000
0.00000
0.00000
0.00000
0.00000
0.00000
0.00000
0.03119
0.10357
0.19341
0.28597
0.36608
0.42062
0.44063
0.42284
0.37017
0.29125
0.19901
0.10858
0.00000
0.00000
0.00000
0.00000
0.00000
0.00000
0.00000
0.00000
0.00000
0.00000
0.00000
0.00000
0.05131
0.17040
0.31821
0.47049
0.60230
0.69202
0.72495
0.69568
0.60903
0.47918
0.32743
0.17865
0.00000
0.00000
0.00000
0.00000
0.00000
0.00000
0.00000
0.00000
0.00000
0.00000
0.00000
0.00000
0.04658
0.15470
0.28888
0.42714
0.54680
0.62825
0.65815
0.63158
0.55291
0.43502
0.29726
0.16219
0.00000
0.00000
0.00000
0.00000
0.00000
0.00000
0.00000
0.00000
0.00000
0.00000
0.00000
0.00000
0.04245
0.14096
0.26323
0.38921
0.49825
0.57247
0.59970
0.57550
0.50381
0.39639
0.27086
0.14778
0.00000
0.00000
0.00000
0.00000
0.00000
0.00000
0.00000
0.00000
0.00000
0.00000
0.00000
0.00000
0.02976
0.09883
0.18455
0.27287
0.34932
0.40136
0.42045
0.40348
0.35322
0.27791
0.18990
0.10361
0.00000
0.00000
0.00000
0.00000
0.00000
0.00000
0.00000
0.00000
0.00000
0.00000
0.00000
0.00000
0.04503
0.14955
0.27927
0.41292
0.52860
0.60734
0.63624
0.61055
0.53450
0.42054
0.28736
0.15679
0.00000
0.00000
0.00000
0.00000
0.00000
0.00000
0.00000
0.00000
0.00000
0.00000
0.00000
0.00000
0.04216
0.14002
0.26147
0.38661
0.49492
0.56864
0.59570
0.57165
0.50044
0.39375
0.26905
0.14680
0.00000
0.00000
0.00000
0.00000
0.00000
0.00000
0.00000
0.00000
0.00000
0.00000
0.00000
0.00000
0.04397
0.14603
0.27269
0.40319
0.51614
0.59303
0.62124
0.59617
0.52190
0.41063
0.28059
0.15309
0.00000
0.00000
0.00000
0.00000
0.00000
0.00000
0.00000
0.00000
0.00000
0.00000
0.00000
0.00000
0.03571
0.11858
0.22143
0.32740
0.41912
0.48155
0.50446
0.48410
0.42380
0.33344
0.22784
0.12431
0.00000
0.00000
0.00000
0.00000
0.00000
0.00000
0.00000
0.00000
0.00000
0.00000
0.00000
0.00000
0.04451
0.14783
0.27605
0.40816
0.52251
0.60034
0.62891
0.60352
0.52834
0.41570
0.28405
0.15498
0.00000
0.00000
0.00000
0.00000
0.00000
0.00000
0.00000
0.00000
0.00000
0.00000
0.00000
0.00000
0.05765
0.19145
0.35750
0.52860
0.67668
0.77748
0.81448
0.78160
0.68424
0.53836
0.36786
0.20071
0.00000
0.00000
0.00000
0.00000
0.00000
0.00000
0.00000
0.00000
0.00000
0.00000
0.00000
0.00000
0.03041
0.10100
0.18860
0.27886
0.35698
0.41016
0.42968
0.41233
0.36097
0.28401
0.19407
0.10588
0.00000
0.00000
0.00000
0.00000
0.00000
0.00000
0.00000
0.00000
0.00000
0.00000
0.00000
0.00000
0.04365
0.14496
0.27069
0.40023
0.51236
0.58868
0.61669
0.59180
0.51808
0.40762
0.27853
0.15197
0.00000
0.00000
0.00000
0.00000
0.00000
0.00000
0.00000
0.00000
0.00000
0.00000
0.00000
0.00000
0.01674
0.05559
0.10380
0.15348
0.19648
0.22575
0.23649
0.22694
0.19867
0.15632
0.10681
0.05828
0.00000
0.00000
0.00000
0.00000
0.00000
0.00000
0.00000
0.00000
0.00000
0.00000
0.00000
0.00000
0.05786
0.19215
0.35882
0.53055
0.67918
0.78036
0.81749
0.78449
0.68677
0.54034
0.36922
0.20145
0.00000
0.00000
0.00000
0.00000
0.00000
0.00000
0.00000
0.00000
0.00000
0.00000
0.00000
0.00000
0.03512
0.11663
0.21779
0.32201
0.41222
0.47363
0.49617
0.47614
0.41683
0.32796
0.22410
0.12227
0.00000
0.00000
0.00000
0.00000
0.00000
0.00000
0.00000
0.00000
0.00000
0.00000
0.00000
0.00000
0.04864
0.16153
0.30163
0.44598
0.57092
0.65597
0.68718
0.65944
0.57730
0.45422
0.31037
0.16934
0.00000
0.00000
0.00000
0.00000
0.00000
0.00000
0.00000
0.00000
0.00000
0.00000
0.00000
0.00000
0.02089
0.06938
0.12955
0.19156
0.24522
0.28175
0.29516
0.28324
0.24796
0.19509
0.13331
0.07274
0.00000
0.00000
0.00000
0.00000
0.00000
0.00000
0.00000
0.00000
0.00000
0.00000
0.00000
0.00000
0.03800
0.12618
0.23563
0.34839
0.44599
0.51243
0.53681
0.51514
0.45097
0.35482
0.24245
0.13229
0.00000
0.00000
0.00000
0.00000
0.00000
0.00000
0.00000
0.00000
0.00000
0.00000
0.00000
0.00000
0.02955
0.09814
0.18327
0.27098
0.34690
0.39857
0.41754
0.40068
0.35077
0.27598
0.18858
0.10289
0.00000
0.00000
0.00000
0.00000
0.00000
0.00000
0.00000
0.00000
0.00000
0.00000
0.00000
0.00000
0.02108
0.07001
0.13073
0.19329
0.24744
0.28430
0.29783
0.28581
0.25020
0.19686
0.13452
0.07339
0.00000
0.00000
0.00000
0.00000
0.00000
0.00000
0.00000
0.00000
0.00000
0.00000
0.00000
0.00000
0.04828
0.16035
0.29943
0.44274
0.56677
0.65120
0.68218
0.65464
0.57310
0.45091
0.30811
0.16811
0.00000
0.00000
0.00000
0.00000
0.00000
0.00000
0.00000
0.00000
0.00000
0.00000
0.00000
0.00000
0.01505
0.05539
0.10736
0.16222
0.21073
0.24473
0.25850
0.24972
0.21987
0.17398
0.11976
0.06633
0.00000
0.00000
0.00000
0.00000
0.00000
0.00000
0.00000
0.00000
0.00000
0.00000
0.00000
0.00000
0.01619
0.05960
0.11552
0.17454
0.22673
0.26332
0.27813
0.26869
0.23657
0.18719
0.12885
0.07137
0.00000
0.00000
0.00000
0.00000
0.00000
0.00000
0.00000
0.00000
0.00000
0.00000
0.00000
0.00000
0.04870
0.17922
0.34738
0.52487
0.68182
0.79182
0.83638
0.80797
0.71140
0.56290
0.38747
0.21462
0.00000
0.00000
0.00000
0.00000
0.00000
0.00000
0.00000
0.00000
0.00000
0.00000
0.00000
0.00000
0.04932
0.18150
0.35179
0.53153
0.69047
0.80187
0.84699
0.81823
0.72043
0.57005
0.39239
0.21735
0.00000
0.00000
0.00000
0.00000
0.00000
0.00000
0.00000
0.00000
0.00000
0.00000
0.00000
0.00000
0.02891
0.10640
0.20623
0.31160
0.40478
0.47008
0.49653
0.47967
0.42234
0.33418
0.23003
0.12742
0.00000
0.00000
0.00000
0.00000
0.00000
0.00000
0.00000
0.00000
0.00000
0.00000
0.00000
0.00000
0.02165
0.07968
0.15443
0.23333
0.30311
0.35201
0.37182
0.35919
0.31626
0.25024
0.17225
0.09541
0.00000
0.00000
0.00000
0.00000
0.00000
0.00000
0.00000
0.00000
0.00000
0.00000
0.00000
0.00000
0.03947
0.14527
0.28156
0.42542
0.55263
0.64179
0.67790
0.65488
0.57661
0.45625
0.31405
0.17396
0.00000
0.00000
0.00000
0.00000
0.00000
0.00000
0.00000
0.00000
0.00000
0.00000
0.00000
0.00000
0.03964
0.14588
0.28275
0.42721
0.55496
0.64450
0.68076
0.65764
0.57904
0.45817
0.31538
0.17469
0.00000
0.00000
0.00000
0.00000
0.00000
0.00000
0.00000
0.00000
0.00000
0.00000
0.00000
0.00000
0.03730
0.13728
0.26609
0.40204
0.52226
0.60653
0.64065
0.61890
0.54492
0.43118
0.29680
0.16440
0.00000
0.00000
0.00000
0.00000
0.00000
0.00000
0.00000
0.00000
0.00000
0.00000
0.00000
0.00000
0.04455
0.16395
0.31777
0.48013
0.62370
0.72433
0.76509
0.73911
0.65077
0.51493
0.35445
0.19633
0.00000
0.00000
0.00000
0.00000
0.00000
0.00000
0.00000
0.00000
0.00000
0.00000
0.00000
0.00000
0.03840
0.14133
0.27393
0.41389
0.53766
0.62441
0.65954
0.63714
0.56099
0.44389
0.30555
0.16925
0.00000
0.00000
0.00000
0.00000
0.00000
0.00000
0.00000
0.00000
0.00000
0.00000
0.00000
0.00000
0.02331
0.08578
0.16627
0.25122
0.32634
0.37900
0.40032
0.38673
0.34050
0.26943
0.18546
0.10273
0.00000
0.00000
0.00000
0.00000
0.00000
0.00000
0.00000
0.00000
0.00000
0.00000
0.00000
0.00000
0.04234
0.15583
0.30203
0.45634
0.59280
0.68845
0.72718
0.70249
0.61852
0.48941
0.33688
0.18660
0.00000
0.00000
0.00000
0.00000
0.00000
0.00000
0.00000
0.00000
0.00000
0.00000
0.00000
0.00000
0.01356
0.04989
0.09670
0.14611
0.18980
0.22043
0.23283
0.22492
0.19804
0.15670
0.10786
0.05975
0.00000
0.00000
0.00000
0.00000
0.00000
0.00000
0.00000
0.00000
0.00000
0.00000
0.00000
0.00000
0.02192
0.08066
0.15634
0.23621
0.30685
0.35636
0.37641
0.36363
0.32016
0.25333
0.17438
0.09659
0.00000
0.00000
0.00000
0.00000
0.00000
0.00000
0.00000
0.00000
0.00000
0.00000
0.00000
0.00000
0.02979
0.10965
0.21253
0.32111
0.41713
0.48444
0.51169
0.49432
0.43523
0.34438
0.23705
0.13131
0.00000
0.00000
0.00000
0.00000
0.00000
0.00000
0.00000
0.00000
0.00000
0.00000
0.00000
0.00000
0.01456
0.05360
0.10389
0.15697
0.20391
0.23681
0.25014
0.24164
0.21276
0.16835
0.11588
0.06419
0.00000
0.00000
0.00000
0.00000
0.00000
0.00000
0.00000
0.00000
0.00000
0.00000
0.00000
0.00000
0.02720
0.10011
0.19403
0.29316
0.38083
0.44227
0.46716
0.45129
0.39735
0.31441
0.21642
0.11988
0.00000
0.00000
0.00000
0.00000
0.00000
0.00000
0.00000
0.00000
0.00000
0.00000
0.00000
0.00000
0.03718
0.13685
0.26524
0.40076
0.52060
0.60459
0.63861
0.61692
0.54318
0.42980
0.29585
0.16387
0.00000
0.00000
0.00000
0.00000
0.00000
0.00000
0.00000
0.00000
0.00000
0.00000
0.00000
0.00000
0.04057
0.14931
0.28941
0.43727
0.56803
0.65968
0.69679
0.67313
0.59268
0.46896
0.32281
0.17881
0.00000
0.00000
0.00000
0.00000
0.00000
0.00000
0.00000
0.00000
0.00000
0.00000
0.00000
0.00000
0.03289
0.12104
0.23461
0.35448
0.46048
0.53478
0.56486
0.54568
0.48046
0.38017
0.26169
0.14495
0.00000
0.00000
0.00000
0.00000
0.00000
0.00000
0.00000
0.00000
0.00000
0.00000
0.00000
0.00000
0.03073
0.11309
0.21920
0.33120
0.43024
0.49965
0.52777
0.50984
0.44890
0.35520
0.24450
0.13543
0.00000
0.00000
0.00000
0.00000
0.00000
0.00000
0.00000
0.00000
0.00000
0.00000
0.00000
0.00000
0.04268
0.15709
0.30447
0.46004
0.59761
0.69403
0.73308
0.70818
0.62354
0.49338
0.33961
0.18812
0.00000
0.00000
0.00000
0.00000
0.00000
0.00000
0.00000
0.00000
0.00000
0.00000
0.00000
0.00000
0.03693
0.13591
0.26342
0.39801
0.51703
0.60045
0.63423
0.61270
0.53946
0.42686
0.29382
0.16275
0.00000
0.00000
0.00000
0.00000
0.00000
0.00000
0.00000
0.00000
0.00000
0.00000
0.00000
0.00000
0.03965
0.14594
0.28286
0.42738
0.55518
0.64476
0.68103
0.65791
0.57927
0.45835
0.31550
0.17476
0.00000
0.00000
0.00000
0.00000
0.00000
0.00000
0.00000
0.00000
0.00000
0.00000
0.00000
0.00000
0.02833
0.10425
0.20206
0.30530
0.39660
0.46058
0.48650
0.46998
0.41380
0.32743
0.22538
0.12484
0.00000
0.00000
0.00000
0.00000
0.00000
0.00000
0.00000
0.00000
0.00000
0.00000
0.00000
0.00000
0.04612
0.16973
0.32898
0.49707
0.64571
0.74989
0.79209
0.76519
0.67373
0.53309
0.36695
0.20326
0.00000
0.00000
0.00000
0.00000
0.00000
0.00000
0.00000
0.00000
0.00000
0.00000
0.00000
0.00000
0.02771
0.10197
0.19763
0.29861
0.38790
0.45049
0.47584
0.45968
0.40473
0.32025
0.22044
0.12211
0.00000
0.00000
0.00000
0.00000
0.00000
0.00000
0.00000
0.00000
0.00000
0.00000
0.00000
0.00000
0.03174
0.11683
0.22645
0.34215
0.44446
0.51617
0.54521
0.52670
0.46374
0.36694
0.25258
0.13991
0.00000
0.00000
0.00000
0.00000
0.00000
0.00000
0.00000
0.00000
0.00000
0.00000
0.00000
0.00000
0.03499
0.12879
0.24963
0.37717
0.48996
0.56902
0.60103
0.58062
0.51122
0.40451
0.27844
0.15423
0.00000
0.00000
0.00000
0.00000
0.00000
0.00000
0.00000
0.00000
0.00000
0.00000
0.00000
0.00000
0.04579
0.16854
0.32667
0.49358
0.64117
0.74462
0.78652
0.75981
0.66899
0.52935
0.36437
0.20183
0.00000
0.00000
0.00000
0.00000
0.00000
