0.00000
0.00000
0.00000
0.00000
0.00000
0.00000
0.00000
0.04308
0.14925
0.29883
0.46551
0.61996
0.73500
0.79041
0.77643
0.69552
0.56191
0.39912
0.23578
0.00000
0.00000
0.00000
0.00000
0.00000
0.00000
0.00000
0.00000
0.00000
0.00000
0.00000
0.00000
0.04413
0.15291
0.30616
0.47692
0.63516
0.75303
0.80979
0.79547
0.71257
0.57569
0.40891
0.24156
0.00000
0.00000
0.00000
0.00000
0.00000
0.00000
0.00000
0.00000
0.00000
0.00000
0.00000
0.00000
0.03978
0.13781
0.27594
0.42985
0.57246
0.67870
0.72986
0.71695
0.64224
0.51887
0.36854
0.21771
0.00000
0.00000
0.00000
0.00000
0.00000
0.00000
0.00000
0.00000
0.00000
0.00000
0.00000
0.00000
0.03787
0.13119
0.26268
0.40920
0.54497
0.64610
0.69480
0.68251
0.61139
0.49395
0.35084
0.20726
0.00000
0.00000
0.00000
0.00000
0.00000
0.00000
0.00000
0.00000
0.00000
0.00000
0.00000
0.00000
0.04021
0.13930
0.27892
0.43449
0.57865
0.68604
0.73775
0.72470
0.64918
0.52448
0.37253
0.22007
0.00000
0.00000
0.00000
0.00000
0.00000
0.00000
0.00000
0.00000
0.00000
0.00000
0.00000
0.00000
0.04015
0.13911
0.27853
0.43389
0.57785
0.68509
0.73673
0.72370
0.64828
0.52375
0.37201
0.21976
0.00000
0.00000
0.00000
0.00000
0.00000
0.00000
0.00000
0.00000
0.00000
0.00000
0.00000
0.00000
0.02909
0.10081
0.20184
0.31442
0.41873
0.49644
0.53387
0.52442
0.46977
0.37953
0.26958
0.15925
0.00000
0.00000
0.00000
0.00000
0.00000
0.00000
0.00000
0.00000
0.00000
0.00000
0.00000
0.00000
0.03714
0.12867
0.25763
0.40132
0.53448
0.63366
0.68143
0.66938
0.59962
0.48444
0.34409
0.20327
0.00000
0.00000
0.00000
0.00000
0.00000
0.00000
0.00000
0.00000
0.00000
0.00000
0.00000
0.00000
0.04167
0.14439
0.28911
0.45036
0.59979
0.71109
0.76470
0.75117
0.67289
0.54363
0.38613
0.22810
0.00000
0.00000
0.00000
0.00000
0.00000
0.00000
0.00000
0.00000
0.00000
0.00000
0.00000
0.00000
0.04016
0.13914
0.27860
0.43399
0.57798
0.68524
0.73689
0.72386
0.64843
0.52387
0.37210
0.21981
0.00000
0.00000
0.00000
0.00000
0.00000
0.00000
0.00000
0.00000
0.00000
0.00000
0.00000
0.00000
0.03781
0.13101
0.26232
0.40863
0.54420
0.64520
0.69383
0.68156
0.61054
0.49325
0.35035
0.20697
0.00000
0.00000
0.00000
0.00000
0.00000
0.00000
0.00000
0.00000
0.00000
0.00000
0.00000
0.00000
0.04141
0.14348
0.28728
0.44751
0.59599
0.70659
0.75986
0.74642
0.66864
0.54019
0.38369
0.22666
0.00000
0.00000
0.00000
0.00000
0.00000
0.00000
0.00000
0.00000
0.00000
0.00000
0.00000
0.00000
0.04693
0.16260
0.32558
0.50717
0.67544
0.80079
0.86116
0.84592
0.75777
0.61221
0.43484
0.25688
0.00000
0.00000
0.00000
0.00000
0.00000
0.00000
0.00000
0.00000
0.00000
0.00000
0.00000
0.00000
0.03976
0.13777
0.27586
0.42972
0.57230
0.67850
0.72965
0.71674
0.64205
0.51872
0.36844
0.21765
0.00000
0.00000
0.00000
0.00000
0.00000
0.00000
0.00000
0.00000
0.00000
0.00000
0.00000
0.00000
0.03879
0.13439
0.26908
0.41917
0.55824
0.66184
0.71173
0.69914
0.62628
0.50598
0.35939
0.21230
0.00000
0.00000
0.00000
0.00000
0.00000
0.00000
0.00000
0.00000
0.00000
0.00000
0.00000
0.00000
0.03747
0.12983
0.25996
0.40495
0.53931
0.63939
0.68759
0.67543
0.60504
0.48882
0.34720
0.20510
0.00000
0.00000
0.00000
0.00000
0.00000
0.00000
0.00000
0.00000
0.00000
0.00000
0.00000
0.00000
0.04183
0.14492
0.29017
0.45202
0.60200
0.71371
0.76751
0.75394
0.67537
0.54564
0.38756
0.22895
0.00000
0.00000
0.00000
0.00000
0.00000
0.00000
0.00000
0.00000
0.00000
0.00000
0.00000
0.00000
0.03649
0.12645
0.25317
0.39439
0.52524
0.62271
0.66965
0.65781
0.58926
0.47607
0.33814
0.19975
0.00000
0.00000
0.00000
0.00000
0.00000
0.00000
0.00000
0.00000
0.00000
0.00000
0.00000
0.00000
0.04564
0.15814
0.31663
0.49324
0.65688
0.77879
0.83749
0.82268
0.73695
0.59538
0.42289
0.24982
0.00000
0.00000
0.00000
0.00000
0.00000
0.00000
0.00000
0.00000
0.00000
0.00000
0.00000
0.00000
0.04086
0.14156
0.28344
0.44153
0.58802
0.69714
0.74970
0.73644
0.65969
0.53297
0.37856
0.22363
0.00000
0.00000
0.00000
0.00000
0.00000
0.00000
0.00000
0.00000
0.00000
0.00000
0.00000
0.00000
0.03587
0.12430
0.24887
0.38768
0.51631
0.61212
0.65827
0.64662
0.57924
0.46797
0.33239
0.19636
0.00000
0.00000
0.00000
0.00000
0.00000
0.00000
0.00000
0.00000
0.00000
0.00000
0.00000
0.00000
0.04396
0.15231
0.30497
0.47507
0.63270
0.75011
0.80666
0.79239
0.70981
0.57346
0.40732
0.24062
0.00000
0.00000
0.00000
0.00000
0.00000
0.00000
0.00000
0.00000
0.00000
0.00000
0.00000
0.00000
0.04143
0.14355
0.28743
0.44774
0.59630
0.70696
0.76025
0.74680
0.66898
0.54047
0.38389
0.22678
0.00000
0.00000
0.00000
0.00000
0.00000
0.00000
0.00000
0.00000
0.00000
0.00000
0.00000
0.00000
0.03688
0.12780
0.25588
0.39860
0.53085
0.62937
0.67681
0.66484
0.59556
0.48115
0.34176
0.20189
0.00000
0.00000
0.00000
0.00000
0.00000
0.00000
0.00000
0.00000
0.00000
0.00000
0.00000
0.00000
0.04114
0.14253
0.28538
0.44455
0.59205
0.70192
0.75483
0.74148
0.66421
0.53662
0.38115
0.22516
0.00000
0.00000
0.00000
0.00000
0.00000
0.00000
0.00000
0.00000
0.00000
0.00000
0.00000
0.00000
0.03851
0.13342
0.26715
0.41615
0.55423
0.65708
0.70661
0.69411
0.62178
0.50234
0.35680
0.21078
0.00000
0.00000
0.00000
0.00000
0.00000
0.00000
0.00000
0.00000
0.00000
0.00000
0.00000
0.00000
0.03506
0.12149
0.24324
0.37892
0.50464
0.59829
0.64339
0.63201
0.56614
0.45739
0.32488
0.19192
0.00000
0.00000
0.00000
0.00000
0.00000
0.00000
0.00000
0.00000
0.00000
0.00000
0.00000
0.00000
0.04042
0.14006
0.28043
0.43684
0.58178
0.68975
0.74174
0.72862
0.65269
0.52731
0.37454
0.22126
0.00000
0.00000
0.00000
0.00000
0.00000
0.00000
0.00000
0.00000
0.00000
0.00000
0.00000
0.00000
0.04551
0.15767
0.31569
0.49178
0.65494
0.77649
0.83502
0.82025
0.73477
0.59363
0.42164
0.24908
0.00000
0.00000
0.00000
0.00000
0.00000
0.00000
0.00000
0.00000
0.00000
0.00000
0.00000
0.00000
0.03876
0.13429
0.26889
0.41886
0.55783
0.66135
0.71121
0.69863
0.62582
0.50561
0.35913
0.21215
0.00000
0.00000
0.00000
0.00000
0.00000
0.00000
0.00000
0.00000
0.00000
0.00000
0.00000
0.00000
0.03388
0.11739
0.23503
0.36613
0.48761
0.57809
0.62167
0.61067
0.54704
0.44195
0.31391
0.18544
0.00000
0.00000
0.00000
0.00000
0.00000
0.00000
0.00000
0.00000
0.00000
0.00000
0.00000
0.00000
0.00741
0.14991
0.31720
0.48658
0.63504
0.74242
0.79414
0.78318
0.71102
0.58747
0.42929
0.25798
0.09680
0.00000
0.00000
0.00000
0.00000
0.00000
0.00000
0.00000
0.00000
0.00000
0.00000
0.00000
0.00722
0.14594
0.30880
0.47369
0.61822
0.72276
0.77311
0.76244
0.69219
0.57191
0.41793
0.25115
0.09423
0.00000
0.00000
0.00000
0.00000
0.00000
0.00000
0.00000
0.00000
0.00000
0.00000
0.00000
0.00511
0.10332
0.21863
0.33537
0.43769
0.51171
0.54736
0.53980
0.49006
0.40491
0.29589
0.17781
0.06672
0.00000
0.00000
0.00000
0.00000
0.00000
0.00000
0.00000
0.00000
0.00000
0.00000
0.00000
0.00729
0.14738
0.31186
0.47839
0.62435
0.72993
0.78078
0.77000
0.69906
0.57758
0.42207
0.25364
0.09517
0.00000
0.00000
0.00000
0.00000
0.00000
0.00000
0.00000
0.00000
0.00000
0.00000
0.00000
0.00764
0.15439
0.32670
0.50114
0.65405
0.76464
0.81791
0.80662
0.73231
0.60505
0.44214
0.26571
0.09969
0.00000
0.00000
0.00000
0.00000
0.00000
0.00000
0.00000
0.00000
0.00000
0.00000
0.00000
0.00651
0.13167
0.27862
0.42740
0.55780
0.65212
0.69755
0.68792
0.62454
0.51601
0.37708
0.22660
0.08502
0.00000
0.00000
0.00000
0.00000
0.00000
0.00000
0.00000
0.00000
0.00000
0.00000
0.00000
0.00720
0.14556
0.30801
0.47248
0.61664
0.72092
0.77114
0.76049
0.69043
0.57045
0.41686
0.25051
0.09399
0.00000
0.00000
0.00000
0.00000
0.00000
0.00000
0.00000
0.00000
0.00000
0.00000
0.00000
0.00615
0.12441
0.26324
0.40381
0.52701
0.61613
0.65905
0.64995
0.59007
0.48753
0.35627
0.21410
0.08033
0.00000
0.00000
0.00000
0.00000
0.00000
0.00000
0.00000
0.00000
0.00000
0.00000
0.00000
0.00721
0.14587
0.30865
0.47346
0.61792
0.72240
0.77273
0.76206
0.69185
0.57163
0.41772
0.25103
0.09419
0.00000
0.00000
0.00000
0.00000
0.00000
0.00000
0.00000
0.00000
0.00000
0.00000
0.00000
0.00803
0.16242
0.34369
0.52721
0.68807
0.80442
0.86046
0.84858
0.77039
0.63652
0.46514
0.27952
0.10488
0.00000
0.00000
0.00000
0.00000
0.00000
0.00000
0.00000
0.00000
0.00000
0.00000
0.00000
0.00743
0.15018
0.31777
0.48745
0.63618
0.74375
0.79557
0.78458
0.71230
0.58852
0.43006
0.25845
0.09697
0.00000
0.00000
0.00000
0.00000
0.00000
0.00000
0.00000
0.00000
0.00000
0.00000
0.00000
0.00768
0.15520
0.32840
0.50376
0.65747
0.76864
0.82219
0.81084
0.73613
0.60822
0.44446
0.26709
0.10022
0.00000
0.00000
0.00000
0.00000
0.00000
0.00000
0.00000
0.00000
0.00000
0.00000
0.00000
0.00634
0.12808
0.27102
0.41574
0.54258
0.63433
0.67852
0.66915
0.60750
0.50194
0.36679
0.22042
0.08270
0.00000
0.00000
0.00000
0.00000
0.00000
0.00000
0.00000
0.00000
0.00000
0.00000
0.00000
0.00682
0.13790
0.29180
0.44761
0.58418
0.68296
0.73054
0.72045
0.65407
0.54042
0.39491
0.23732
0.08904
0.00000
0.00000
0.00000
0.00000
0.00000
0.00000
0.00000
0.00000
0.00000
0.00000
0.00000
0.00731
0.14780
0.31274
0.47973
0.62611
0.73198
0.78297
0.77216
0.70102
0.57920
0.42325
0.25435
0.09544
0.00000
0.00000
0.00000
0.00000
0.00000
0.00000
0.00000
0.00000
0.00000
0.00000
0.00000
0.00539
0.10899
0.23062
0.35376
0.46170
0.53977
0.57737
0.56940
0.51694
0.42711
0.31211
0.18756
0.07038
0.00000
0.00000
0.00000
0.00000
0.00000
0.00000
0.00000
0.00000
0.00000
0.00000
0.00000
0.00670
0.13541
0.28652
0.43952
0.57362
0.67062
0.71734
0.70744
0.64226
0.53065
0.38778
0.23303
0.08744
0.00000
0.00000
0.00000
0.00000
0.00000
0.00000
0.00000
0.00000
0.00000
0.00000
0.00000
0.00704
0.14233
0.30117
0.46199
0.60295
0.70490
0.75401
0.74360
0.67509
0.55778
0.40760
0.24494
0.09190
0.00000
0.00000
0.00000
0.00000
0.00000
0.00000
0.00000
0.00000
0.00000
0.00000
0.00000
0.00643
0.12993
0.27493
0.42174
0.55041
0.64348
0.68831
0.67881
0.61627
0.50918
0.37208
0.22360
0.08390
0.00000
0.00000
0.00000
0.00000
0.00000
0.00000
0.00000
0.00000
0.00000
0.00000
0.00000
0.00722
0.14590
0.30871
0.47356
0.61805
0.72256
0.77289
0.76222
0.69200
0.57175
0.41781
0.25108
0.09421
0.00000
0.00000
0.00000
0.00000
0.00000
0.00000
0.00000
0.00000
0.00000
0.00000
0.00000
0.00684
0.13819
0.29242
0.44856
0.58542
0.68442
0.73210
0.72199
0.65547
0.54157
0.39575
0.23783
0.08923
0.00000
0.00000
0.00000
0.00000
0.00000
0.00000
0.00000
0.00000
0.00000
0.00000
0.00000
0.00758
0.15326
0.32430
0.49747
0.64925
0.75903
0.81191
0.80070
0.72693
0.60061
0.43890
0.26375
0.09896
0.00000
0.00000
0.00000
0.00000
0.00000
0.00000
0.00000
0.00000
0.00000
0.00000
0.00000
0.00676
0.13675
0.28936
0.44386
0.57929
0.67725
0.72443
0.71443
0.64861
0.53590
0.39161
0.23534
0.08830
0.00000
0.00000
0.00000
0.00000
0.00000
0.00000
0.00000
0.00000
0.00000
0.00000
0.00000
0.00708
0.14317
0.30294
0.46470
0.60648
0.70903
0.75843
0.74796
0.67905
0.56105
0.40999
0.24638
0.09244
0.00000
0.00000
0.00000
0.00000
0.00000
0.00000
0.00000
0.00000
0.00000
0.00000
0.00000
0.00596
0.12053
0.25504
0.39122
0.51059
0.59693
0.63852
0.62970
0.57168
0.47234
0.34517
0.20743
0.07783
0.00000
0.00000
0.00000
0.00000
0.00000
0.00000
0.00000
0.00000
0.00000
0.00000
0.00000
0.00681
0.13762
0.29121
0.44671
0.58300
0.68159
0.72907
0.71901
0.65276
0.53933
0.39412
0.23684
0.08887
0.00000
0.00000
0.00000
0.00000
0.00000
0.00000
0.00000
0.00000
0.00000
0.00000
0.00000
0.00693
0.14012
0.29648
0.45480
0.59356
0.69393
0.74227
0.73203
0.66458
0.54910
0.40125
0.24113
0.09047
0.00000
0.00000
0.00000
0.00000
0.00000
0.00000
0.00000
0.00000
0.00000
0.00000
0.00000
0.00759
0.15337
0.32452
0.49781
0.64970
0.75956
0.81248
0.80126
0.72744
0.60103
0.43920
0.26394
0.09903
0.00000
0.00000
0.00000
0.00000
0.00000
0.00000
0.00000
0.00000
0.00000
0.00000
0.00380
0.03631
0.11116
0.21527
0.33047
0.43662
0.51520
0.55246
0.54191
0.48539
0.39277
0.28022
0.16741
0.07404
0.00000
0.00000
0.00000
0.00000
0.00000
0.00000
0.00000
0.00000
0.00000
0.00000
0.00506
0.04841
0.14821
0.28702
0.44061
0.58215
0.68691
0.73659
0.72253
0.64717
0.52367
0.37362
0.22321
0.09872
0.00000
0.00000
0.00000
0.00000
0.00000
0.00000
0.00000
0.00000
0.00000
0.00000
0.00486
0.04650
0.14235
0.27569
0.42321
0.55916
0.65978
0.70751
0.69400
0.62161
0.50300
0.35887
0.21440
0.09482
0.00000
0.00000
0.00000
0.00000
0.00000
0.00000
0.00000
0.00000
0.00000
0.00000
0.00463
0.04424
0.13545
0.26231
0.40267
0.53202
0.62776
0.67317
0.66031
0.59144
0.47858
0.34145
0.20399
0.09022
0.00000
0.00000
0.00000
0.00000
0.00000
0.00000
0.00000
0.00000
0.00000
0.00000
0.00306
0.02924
0.08953
0.17338
0.26615
0.35165
0.41493
0.44494
0.43645
0.39093
0.31633
0.22569
0.13483
0.05963
0.00000
0.00000
0.00000
0.00000
0.00000
0.00000
0.00000
0.00000
0.00000
0.00000
0.00353
0.03381
0.10351
0.20046
0.30772
0.40657
0.47973
0.51443
0.50461
0.45198
0.36573
0.26093
0.15589
0.06895
0.00000
0.00000
0.00000
0.00000
0.00000
0.00000
0.00000
0.00000
0.00000
0.00000
0.00561
0.05370
0.16442
0.31841
0.48880
0.64581
0.76203
0.81715
0.80155
0.71794
0.58095
0.41448
0.24762
0.10952
0.00000
0.00000
0.00000
0.00000
0.00000
0.00000
0.00000
0.00000
0.00000
0.00000
0.00472
0.04517
0.13829
0.26782
0.41113
0.54319
0.64094
0.68731
0.67418
0.60386
0.48863
0.34862
0.20828
0.09212
0.00000
0.00000
0.00000
0.00000
0.00000
0.00000
0.00000
0.00000
0.00000
0.00000
0.00288
0.02755
0.08433
0.16333
0.25072
0.33126
0.39087
0.41915
0.41114
0.36826
0.29799
0.21260
0.12702
0.05618
0.00000
0.00000
0.00000
0.00000
0.00000
0.00000
0.00000
0.00000
0.00000
0.00000
0.00585
0.05596
0.17133
0.33180
0.50935
0.67296
0.79406
0.85150
0.83524
0.74813
0.60537
0.43191
0.25803
0.11412
0.00000
0.00000
0.00000
0.00000
0.00000
0.00000
0.00000
0.00000
0.00000
0.00000
0.00567
0.05428
0.16618
0.32183
0.49405
0.65275
0.77021
0.82593
0.81015
0.72565
0.58719
0.41893
0.25028
0.11070
0.00000
0.00000
0.00000
0.00000
0.00000
0.00000
0.00000
0.00000
0.00000
0.00000
0.00519
0.04962
0.15193
0.29423
0.45167
0.59676
0.70414
0.75508
0.74066
0.66341
0.53682
0.38300
0.22881
0.10120
0.00000
0.00000
0.00000
0.00000
0.00000
0.00000
0.00000
0.00000
0.00000
0.00000
0.00561
0.05362
0.16417
0.31795
0.48808
0.64487
0.76091
0.81595
0.80037
0.71689
0.58009
0.41387
0.24726
0.10936
0.00000
0.00000
0.00000
0.00000
0.00000
0.00000
0.00000
0.00000
0.00000
0.00000
0.00557
0.05330
0.16318
0.31601
0.48511
0.64094
0.75628
0.81099
0.79550
0.71253
0.57657
0.41136
0.24576
0.10869
0.00000
0.00000
0.00000
0.00000
0.00000
0.00000
0.00000
0.00000
0.00000
0.00000
0.00598
0.05715
0.17498
0.33887
0.52020
0.68730
0.81098
0.86964
0.85303
0.76406
0.61826
0.44111
0.26353
0.11655
0.00000
0.00000
0.00000
0.00000
0.00000
0.00000
0.00000
0.00000
0.00000
0.00000
0.00477
0.04563
0.13969
0.27053
0.41530
0.54870
0.64744
0.69427
0.68102
0.60998
0.49359
0.35215
0.21039
0.09305
0.00000
0.00000
0.00000
0.00000
0.00000
0.00000
0.00000
0.00000
0.00000
0.00000
0.00555
0.05310
0.16258
0.31486
0.48335
0.63862
0.75354
0.80804
0.79261
0.70994
0.57447
0.40986
0.24486
0.10830
0.00000
0.00000
0.00000
0.00000
0.00000
0.00000
0.00000
0.00000
0.00000
0.00000
0.00525
0.05018
0.15364
0.29755
0.45677
0.60350
0.71210
0.76361
0.74902
0.67090
0.54288
0.38732
0.23140
0.10234
0.00000
0.00000
0.00000
0.00000
0.00000
0.00000
0.00000
0.00000
0.00000
0.00000
0.00472
0.04511
0.13811
0.26747
0.41059
0.54249
0.64011
0.68641
0.67330
0.60308
0.48800
0.34817
0.20800
0.09200
0.00000
0.00000
0.00000
0.00000
0.00000
0.00000
0.00000
0.00000
0.00000
0.00000
0.00569
0.05439
0.16653
0.32251
0.49510
0.65413
0.77185
0.82768
0.81187
0.72719
0.58843
0.41982
0.25081
0.11093
0.00000
0.00000
0.00000
0.00000
0.00000
0.00000
0.00000
0.00000
0.00000
0.00000
0.00560
0.05359
0.16408
0.31777
0.48782
0.64451
0.76050
0.81551
0.79993
0.71650
0.57978
0.41365
0.24713
0.10930
0.00000
0.00000
0.00000
0.00000
0.00000
0.00000
0.00000
0.00000
0.00000
0.00000
0.00497
0.04759
0.14569
0.28215
0.43313
0.57226
0.67524
0.72408
0.71025
0.63617
0.51478
0.36727
0.21942
0.09705
0.00000
0.00000
0.00000
0.00000
0.00000
0.00000
0.00000
0.00000
0.00000
0.00000
0.00364
0.03479
0.10651
0.20628
0.31666
0.41838
0.49367
0.52938
0.51927
0.46511
0.37636
0.26852
0.16042
0.07095
0.00000
0.00000
0.00000
0.00000
0.00000
0.00000
0.00000
0.00000
0.00000
0.00000
0.00360
0.03442
0.10539
0.20410
0.31332
0.41396
0.48846
0.52379
0.51379
0.46020
0.37238
0.26568
0.15873
0.07020
0.00000
0.00000
0.00000
0.00000
0.00000
0.00000
0.00000
0.00000
0.00000
0.00000
0.00556
0.05323
0.16296
0.31559
0.48446
0.64008
0.75527
0.80990
0.79443
0.71157
0.57579
0.41080
0.24543
0.10855
0.00000
0.00000
0.00000
0.00000
0.00000
0.00000
0.00000
0.00000
0.00000
0.00000
0.00415
0.03970
0.12155
0.23540
0.36136
0.47743
0.56335
0.60410
0.59256
0.53076
0.42948
0.30642
0.18306
0.08096
0.00000
0.00000
0.00000
0.00000
0.00000
0.00000
0.00000
0.00000
0.00000
0.00000
0.00496
0.04743
0.14521
0.28121
0.43169
0.57036
0.67300
0.72168
0.70789
0.63406
0.51307
0.36605
0.21869
0.09672
0.00000
0.00000
0.00000
0.00000
0.00000
0.00000
0.00000
0.00000
0.00000
0.00000
0.00401
0.03833
0.11737
0.22729
0.34892
0.46100
0.54396
0.58331
0.57217
0.51249
0.41470
0.29587
0.17676
0.07818
0.00000
0.00000
0.00000
0.00000
0.00000
0.00000
0.00000
0.00000
0.00000
0.00000
0.00517
0.04948
0.15149
0.29338
0.45037
0.59504
0.70212
0.75291
0.73853
0.66150
0.53527
0.38190
0.22816
0.10091
0.00000
0.00000
0.00000
0.00000
0.00000
0.00000
0.00000
0.00000
0.00000
0.00000
0.00526
0.05027
0.15389
0.29804
0.45752
0.60448
0.71326
0.76485
0.75025
0.67200
0.54377
0.38795
0.23178
0.10251
0.00000
0.00000
0.00000
0.00000
0.00000
0.00000
0.00000
0.00000
0.00000
0.00000
0.00399
0.03813
0.11674
0.22608
0.34706
0.45854
0.54106
0.58019
0.56911
0.50976
0.41248
0.29429
0.17582
0.07776
0.00000
0.00000
0.00000
0.00000
0.00000
0.00000
0.00000
0.00000
0.00000
0.00000
0.00000
0.02119
0.06757
0.13032
0.19892
0.26184
0.30851
0.33110
0.32581
0.29353
0.23968
0.17330
0.10555
0.00000
0.00000
0.00000
0.00000
0.00000
0.00000
0.00000
0.00000
0.00000
0.00000
0.00000
0.00000
0.04659
0.14852
0.28647
0.43727
0.57558
0.67817
0.72782
0.71619
0.64523
0.52686
0.38096
0.23203
0.00000
0.00000
0.00000
0.00000
0.00000
0.00000
0.00000
0.00000
0.00000
0.00000
0.00000
0.00000
0.03823
0.12187
0.23507
0.35880
0.47229
0.55648
0.59722
0.58768
0.52945
0.43232
0.31260
0.19039
0.00000
0.00000
0.00000
0.00000
0.00000
0.00000
0.00000
0.00000
0.00000
0.00000
0.00000
0.00000
0.04822
0.15374
0.29653
0.45262
0.59578
0.70198
0.75338
0.74134
0.66789
0.54536
0.39433
0.24017
0.00000
0.00000
0.00000
0.00000
0.00000
0.00000
0.00000
0.00000
0.00000
0.00000
0.00000
0.00000
0.03833
0.12220
0.23569
0.35975
0.47354
0.55795
0.59880
0.58923
0.53085
0.43346
0.31342
0.19090
0.00000
0.00000
0.00000
0.00000
0.00000
0.00000
0.00000
0.00000
0.00000
0.00000
0.00000
0.00000
0.04018
0.12811
0.24710
0.37716
0.49646
0.58495
0.62778
0.61775
0.55654
0.45444
0.32859
0.20013
0.00000
0.00000
0.00000
0.00000
0.00000
0.00000
0.00000
0.00000
0.00000
0.00000
0.00000
0.00000
0.05048
0.16092
0.31038
0.47376
0.62361
0.73477
0.78856
0.77596
0.69908
0.57083
0.41275
0.25139
0.00000
0.00000
0.00000
0.00000
0.00000
0.00000
0.00000
0.00000
0.00000
0.00000
0.00000
0.00000
0.04391
0.13997
0.26998
0.41210
0.54244
0.63913
0.68593
0.67497
0.60809
0.49653
0.35903
0.21867
0.00000
0.00000
0.00000
0.00000
0.00000
0.00000
0.00000
0.00000
0.00000
0.00000
0.00000
0.00000
0.05081
0.16200
0.31246
0.47694
0.62780
0.73970
0.79386
0.78117
0.70377
0.57466
0.41552
0.25308
0.00000
0.00000
0.00000
0.00000
0.00000
0.00000
0.00000
0.00000
0.00000
0.00000
0.00000
0.00000
0.02699
0.08605
0.16598
0.25334
0.33347
0.39292
0.42168
0.41495
0.37383
0.30525
0.22072
0.13443
0.00000
0.00000
0.00000
0.00000
0.00000
0.00000
0.00000
0.00000
0.00000
0.00000
0.00000
0.00000
0.02502
0.07976
0.15384
0.23482
0.30910
0.36419
0.39086
0.38461
0.34650
0.28293
0.20458
0.12460
0.00000
0.00000
0.00000
0.00000
0.00000
0.00000
0.00000
0.00000
0.00000
0.00000
0.00000
0.00000
0.02470
0.07875
0.15190
0.23186
0.30520
0.35960
0.38592
0.37976
0.34213
0.27936
0.20200
0.12303
0.00000
0.00000
0.00000
0.00000
0.00000
0.00000
0.00000
0.00000
0.00000
0.00000
0.00000
0.00000
0.03712
0.11834
0.22825
0.34840
0.45860
0.54035
0.57991
0.57064
0.51410
0.41979
0.30353
0.18487
0.00000
0.00000
0.00000
0.00000
0.00000
0.00000
0.00000
0.00000
0.00000
0.00000
0.00000
0.00000
0.03193
0.10178
0.19632
0.29966
0.39444
0.46475
0.49878
0.49081
0.44218
0.36106
0.26107
0.15901
0.00000
0.00000
0.00000
0.00000
0.00000
0.00000
0.00000
0.00000
0.00000
0.00000
0.00000
0.00000
0.05332
0.16998
0.32785
0.50042
0.65871
0.77613
0.83295
0.81964
0.73843
0.60296
0.43598
0.26554
0.00000
0.00000
0.00000
0.00000
0.00000
0.00000
0.00000
0.00000
0.00000
0.00000
0.00000
0.00000
0.04052
0.12918
0.24916
0.38032
0.50061
0.58984
0.63303
0.62291
0.56119
0.45824
0.33134
0.20181
0.00000
0.00000
0.00000
0.00000
0.00000
0.00000
0.00000
0.00000
0.00000
0.00000
0.00000
0.00000
0.02981
0.09505
0.18333
0.27983
0.36834
0.43399
0.46577
0.45832
0.41291
0.33716
0.24379
0.14848
0.00000
0.00000
0.00000
0.00000
0.00000
0.00000
0.00000
0.00000
0.00000
0.00000
0.00000
0.00000
0.01431
0.04563
0.08802
0.13435
0.17684
0.20836
0.22362
0.22004
0.19824
0.16187
0.11705
0.07129
0.00000
0.00000
0.00000
0.00000
0.00000
0.00000
0.00000
0.00000
0.00000
0.00000
0.00000
0.00000
0.04973
0.15855
0.30581
0.46678
0.61442
0.72394
0.77695
0.76453
0.68878
0.56242
0.40667
0.24769
0.00000
0.00000
0.00000
0.00000
0.00000
0.00000
0.00000
0.00000
0.00000
0.00000
0.00000
0.00000
0.02611
0.08325
0.16056
0.24508
0.32260
0.38010
0.40793
0.40141
0.36164
0.29530
0.21352
0.13005
0.00000
0.00000
0.00000
0.00000
0.00000
0.00000
0.00000
0.00000
0.00000
0.00000
0.00000
0.00000
0.03758
0.11980
0.23107
0.35270
0.46426
0.54702
0.58707
0.57769
0.52045
0.42497
0.30728
0.18715
0.00000
0.00000
0.00000
0.00000
0.00000
0.00000
0.00000
0.00000
0.00000
0.00000
0.00000
0.00000
0.04057
0.12934
0.24948
0.38080
0.50125
0.59059
0.63383
0.62370
0.56191
0.45882
0.33176
0.20206
0.00000
0.00000
0.00000
0.00000
0.00000
0.00000
0.00000
0.00000
0.00000
0.00000
0.00000
0.00000
0.03288
0.10481
0.20216
0.30857
0.40617
0.47857
0.51360
0.50540
0.45532
0.37179
0.26883
0.16373
0.00000
0.00000
0.00000
0.00000
0.00000
0.00000
0.00000
0.00000
0.00000
0.00000
0.00000
0.00000
0.02690
0.08575
0.16540
0.25246
0.33232
0.39156
0.42022
0.41351
0.37254
0.30419
0.21995
0.13397
0.00000
0.00000
0.00000
0.00000
0.00000
0.00000
0.00000
0.00000
0.00000
0.00000
0.00000
0.00000
0.04738
0.15104
0.29132
0.44466
0.58531
0.68965
0.74014
0.72831
0.65615
0.53577
0.38740
0.23595
0.00000
0.00000
0.00000
0.00000
0.00000
0.00000
0.00000
0.00000
0.00000
0.00000
0.00000
0.00000
0.03855
0.12289
0.23703
0.36179
0.47623
0.56111
0.60220
0.59257
0.53386
0.43592
0.31520
0.19198
0.00000
0.00000
0.00000
0.00000
0.00000
0.00000
0.00000
0.00000
0.00000
0.00000
0.00000
0.00000
0.01932
0.06160
0.11881
0.18135
0.23871
0.28126
0.30185
0.29703
0.26760
0.21851
0.15799
0.09623
0.00000
0.00000
0.00000
0.00000
0.00000
0.00000
0.00000
0.00000
0.00000
0.00000
0.00000
0.00000
0.02864
0.09131
0.17611
0.26881
0.35383
0.41690
0.44743
0.44028
0.39666
0.32389
0.23419
0.14264
0.00000
0.00000
0.00000
0.00000
0.00000
0.00000
0.00000
0.00000
0.00000
0.00000
0.00000
0.00000
0.02780
0.08864
0.17096
0.26095
0.34349
0.40472
0.43435
0.42741
0.38506
0.31442
0.22735
0.13847
0.00000
0.00000
0.00000
0.00000
0.00000
0.00000
0.00000
0.00000
0.00000
0.00000
0.00000
0.00000
0.03574
0.11393
0.21975
0.33542
0.44152
0.52022
0.55830
0.54938
0.49495
0.40415
0.29223
0.17798
0.00000
0.00000
0.00000
0.00000
0.00000
0.00000
0.00000
0.00000
0.00000
0.00000
0.00000
0.00235
0.05299
0.13971
0.24925
0.36486
0.46886
0.54534
0.58262
0.57500
0.52363
0.43638
0.32658
0.21103
0.00000
0.00000
0.00000
0.00000
0.00000
0.00000
0.00000
0.00000
0.00000
0.00000
0.00000
0.00261
0.05894
0.15539
0.27722
0.40579
0.52146
0.60652
0.64799
0.63950
0.58238
0.48534
0.36322
0.23471
0.00000
0.00000
0.00000
0.00000
0.00000
0.00000
0.00000
0.00000
0.00000
0.00000
0.00000
0.00236
0.05322
0.14032
0.25033
0.36643
0.47088
0.54770
0.58514
0.57748
0.52589
0.43827
0.32799
0.21194
0.00000
0.00000
0.00000
0.00000
0.00000
0.00000
0.00000
0.00000
0.00000
0.00000
0.00000
0.00183
0.04134
0.10898
0.19443
0.28461
0.36573
0.42539
0.45448
0.44853
0.40846
0.34040
0.25475
0.16462
0.00000
0.00000
0.00000
0.00000
0.00000
0.00000
0.00000
0.00000
0.00000
0.00000
0.00000
0.00183
0.04129
0.10887
0.19423
0.28432
0.36536
0.42497
0.45402
0.44808
0.40805
0.34006
0.25450
0.16445
0.00000
0.00000
0.00000
0.00000
0.00000
0.00000
0.00000
0.00000
0.00000
0.00000
0.00000
0.00248
0.05612
0.14795
0.26395
0.38637
0.49650
0.57750
0.61698
0.60890
0.55451
0.46211
0.34584
0.22348
0.00000
0.00000
0.00000
0.00000
0.00000
0.00000
0.00000
0.00000
0.00000
0.00000
0.00000
0.00256
0.05784
0.15249
0.27204
0.39822
0.51172
0.59520
0.63589
0.62757
0.57151
0.47628
0.35644
0.23033
0.00000
0.00000
0.00000
0.00000
0.00000
0.00000
0.00000
0.00000
0.00000
0.00000
0.00000
0.00235
0.05313
0.14007
0.24989
0.36579
0.47005
0.54673
0.58411
0.57646
0.52497
0.43749
0.32742
0.21157
0.00000
0.00000
0.00000
0.00000
0.00000
0.00000
0.00000
0.00000
0.00000
0.00000
0.00000
0.00219
0.04956
0.13067
0.23311
0.34123
0.43849
0.51002
0.54489
0.53776
0.48972
0.40812
0.30543
0.19736
0.00000
0.00000
0.00000
0.00000
0.00000
0.00000
0.00000
0.00000
0.00000
0.00000
0.00000
0.00260
0.05862
0.15456
0.27574
0.40363
0.51868
0.60330
0.64454
0.63610
0.57928
0.48276
0.36129
0.23346
0.00000
0.00000
0.00000
0.00000
0.00000
0.00000
0.00000
0.00000
0.00000
0.00000
0.00000
0.00254
0.05736
0.15124
0.26982
0.39496
0.50754
0.59033
0.63069
0.62244
0.56683
0.47238
0.35353
0.22844
0.00000
0.00000
0.00000
0.00000
0.00000
0.00000
0.00000
0.00000
0.00000
0.00000
0.00000
0.00170
0.03849
0.10148
0.18103
0.26500
0.34053
0.39609
0.42316
0.41763
0.38032
0.31695
0.23720
0.15327
0.00000
0.00000
0.00000
0.00000
0.00000
0.00000
0.00000
0.00000
0.00000
0.00000
0.00000
0.00200
0.04507
0.11883
0.21199
0.31031
0.39876
0.46381
0.49552
0.48903
0.44535
0.37114
0.27776
0.17948
0.00000
0.00000
0.00000
0.00000
0.00000
0.00000
0.00000
0.00000
0.00000
0.00000
0.00000
0.00241
0.05445
0.14357
0.25613
0.37493
0.48179
0.56039
0.59870
0.59086
0.53808
0.44842
0.33560
0.21685
0.00000
0.00000
0.00000
0.00000
0.00000
0.00000
0.00000
0.00000
0.00000
0.00000
0.00000
0.00229
0.05162
0.13610
0.24281
0.35543
0.45674
0.53125
0.56757
0.56014
0.51010
0.42510
0.31815
0.20558
0.00000
0.00000
0.00000
0.00000
0.00000
0.00000
0.00000
0.00000
0.00000
0.00000
0.00000
0.00269
0.06080
0.16029
0.28596
0.41860
0.53791
0.62566
0.66843
0.65968
0.60075
0.50065
0.37469
0.24211
0.00000
0.00000
0.00000
0.00000
0.00000
0.00000
0.00000
0.00000
0.00000
0.00000
0.00000
0.00232
0.05236
0.13805
0.24628
0.36050
0.46326
0.53883
0.57567
0.56814
0.51738
0.43117
0.32269
0.20851
0.00000
0.00000
0.00000
0.00000
0.00000
0.00000
0.00000
0.00000
0.00000
0.00000
0.00000
0.00253
0.05718
0.15076
0.26896
0.39371
0.50593
0.58847
0.62869
0.62047
0.56504
0.47089
0.35241
0.22772
0.00000
0.00000
0.00000
0.00000
0.00000
0.00000
0.00000
0.00000
0.00000
0.00000
0.00000
0.00261
0.05906
0.15570
0.27777
0.40661
0.52251
0.60774
0.64929
0.64079
0.58355
0.48632
0.36396
0.23518
0.00000
0.00000
0.00000
0.00000
0.00000
0.00000
0.00000
0.00000
0.00000
0.00000
0.00000
0.00195
0.04405
0.11613
0.20718
0.30328
0.38972
0.45330
0.48429
0.47795
0.43525
0.36273
0.27146
0.17541
0.00000
0.00000
0.00000
0.00000
0.00000
0.00000
0.00000
0.00000
0.00000
0.00000
0.00000
0.00191
0.04311
0.11366
0.20278
0.29683
0.38143
0.44365
0.47398
0.46778
0.42599
0.35501
0.26569
0.17168
0.00000
0.00000
0.00000
0.00000
0.00000
0.00000
0.00000
0.00000
0.00000
0.00000
0.00000
0.00237
0.05360
0.14131
0.25210
0.36903
0.47421
0.55157
0.58928
0.58157
0.52962
0.44137
0.33032
0.21344
0.00000
0.00000
0.00000
0.00000
0.00000
0.00000
0.00000
0.00000
0.00000
0.00000
0.00000
0.00173
0.03906
0.10298
0.18372
0.26893
0.34559
0.40197
0.42945
0.42383
0.38596
0.32165
0.24072
0.15555
0.00000
0.00000
0.00000
0.00000
0.00000
0.00000
0.00000
0.00000
0.00000
0.00000
0.00000
0.00112
0.02532
0.06676
0.11911
0.17435
0.22405
0.26060
0.27842
0.27477
0.25023
0.20853
0.15606
0.10085
0.00000
0.00000
0.00000
0.00000
0.00000
0.00000
0.00000
0.00000
0.00000
0.00000
0.00000
0.00162
0.03651
0.09626
0.17173
0.25138
0.32303
0.37573
0.40142
0.39616
0.36077
0.30066
0.22501
0.14540
0.00000
0.00000
0.00000
0.00000
0.00000
0.00000
0.00000
0.00000
0.00000
0.00000
0.00000
0.00229
0.05165
0.13617
0.24293
0.35560
0.45696
0.53150
0.56784
0.56041
0.51034
0.42531
0.31830
0.20568
0.00000
0.00000
0.00000
0.00000
0.00000
0.00000
0.00000
0.00000
0.00000
0.00000
0.00000
0.00293
0.06621
0.17456
0.31142
0.45586
0.58580
0.68136
0.72794
0.71841
0.65424
0.54522
0.40804
0.26367
0.00000
0.00000
0.00000
0.00000
0.00000
0.00000
0.00000
0.00000
0.00000
0.00000
0.00000
0.00277
0.06255
0.16491
0.29419
0.43065
0.55339
0.64367
0.68767
0.67867
0.61805
0.51506
0.38547
0.24908
0.00000
0.00000
0.00000
0.00000
0.00000
0.00000
0.00000
0.00000
0.00000
0.00000
0.00000
0.00308
0.06954
0.18334
0.32708
0.47878
0.61524
0.71561
0.76453
0.75452
0.68712
0.57263
0.42855
0.27692
0.00000
0.00000
0.00000
0.00000
0.00000
0.00000
0.00000
0.00000
0.00000
0.00000
0.00000
0.00255
0.05755
0.15174
0.27070
0.39625
0.50920
0.59227
0.63275
0.62447
0.56869
0.47393
0.35469
0.22919
0.00000
0.00000
0.00000
0.00000
0.00000
0.00000
0.00000
0.00000
0.00000
0.00000
0.00000
0.00242
0.05459
0.14393
0.25677
0.37586
0.48300
0.56179
0.60020
0.59234
0.53943
0.44954
0.33644
0.21740
0.00000
0.00000
0.00000
0.00000
0.00000
0.00000
0.00000
0.00000
0.00000
0.00000
0.00000
0.01040
0.06426
0.14936
0.25344
0.36156
0.45817
0.52938
0.56496
0.55980
0.51462
0.43594
0.33506
0.22647
0.00000
0.00000
0.00000
0.00000
0.00000
0.00000
0.00000
0.00000
0.00000
0.00000
0.00000
0.01030
0.06367
0.14798
0.25111
0.35824
0.45396
0.52452
0.55977
0.55465
0.50989
0.43193
0.33198
0.22439
0.00000
0.00000
0.00000
0.00000
0.00000
0.00000
0.00000
0.00000
0.00000
0.00000
0.00000
0.01160
0.07167
0.16657
0.28265
0.40322
0.51097
0.59039
0.63007
0.62430
0.57393
0.48618
0.37367
0.25257
0.00000
0.00000
0.00000
0.00000
0.00000
0.00000
0.00000
0.00000
0.00000
0.00000
0.00000
0.01131
0.06989
0.16242
0.27561
0.39319
0.49825
0.57570
0.61439
0.60877
0.55965
0.47408
0.36437
0.24628
0.00000
0.00000
0.00000
0.00000
0.00000
0.00000
0.00000
0.00000
0.00000
0.00000
0.00000
0.01259
0.07784
0.18091
0.30699
0.43796
0.55498
0.64124
0.68434
0.67808
0.62337
0.52806
0.40585
0.27433
0.00000
0.00000
0.00000
0.00000
0.00000
0.00000
0.00000
0.00000
0.00000
0.00000
0.00000
0.01370
0.08466
0.19676
0.33389
0.47632
0.60360
0.69742
0.74429
0.73748
0.67797
0.57431
0.44141
0.29836
0.00000
0.00000
0.00000
0.00000
0.00000
0.00000
0.00000
0.00000
0.00000
0.00000
0.00000
0.01137
0.07030
0.16340
0.27727
0.39555
0.50124
0.57915
0.61807
0.61242
0.56300
0.47692
0.36655
0.24776
0.00000
0.00000
0.00000
0.00000
0.00000
0.00000
0.00000
0.00000
0.00000
0.00000
0.00000
0.01220
0.07540
0.17524
0.29737
0.42423
0.53759
0.62114
0.66289
0.65683
0.60382
0.51150
0.39313
0.26573
0.00000
0.00000
0.00000
0.00000
0.00000
0.00000
0.00000
0.00000
0.00000
0.00000
0.00000
0.01280
0.07912
0.18389
0.31204
0.44515
0.56410
0.65178
0.69558
0.68922
0.63360
0.53673
0.41252
0.27883
0.00000
0.00000
0.00000
0.00000
0.00000
0.00000
0.00000
0.00000
0.00000
0.00000
0.00000
0.01133
0.07001
0.16270
0.27609
0.39388
0.49912
0.57670
0.61546
0.60983
0.56062
0.47490
0.36500
0.24671
0.00000
0.00000
0.00000
0.00000
0.00000
0.00000
0.00000
0.00000
0.00000
0.00000
0.00000
0.00883
0.05458
0.12686
0.21527
0.30710
0.38916
0.44965
0.47987
0.47548
0.43711
0.37028
0.28459
0.19236
0.00000
0.00000
0.00000
0.00000
0.00000
0.00000
0.00000
0.00000
0.00000
0.00000
0.00000
0.01189
0.07350
0.17082
0.28986
0.41351
0.52400
0.60545
0.64614
0.64023
0.58857
0.49858
0.38320
0.25901
0.00000
0.00000
0.00000
0.00000
0.00000
0.00000
0.00000
0.00000
0.00000
0.00000
0.00000
0.01282
0.07927
0.18422
0.31261
0.44597
0.56513
0.65297
0.69685
0.69048
0.63476
0.53771
0.41327
0.27934
0.00000
0.00000
0.00000
0.00000
0.00000
0.00000
0.00000
0.00000
0.00000
0.00000
0.00000
0.01134
0.07007
0.16284
0.27633
0.39422
0.49955
0.57720
0.61599
0.61036
0.56111
0.47531
0.36532
0.24693
0.00000
0.00000
0.00000
0.00000
0.00000
0.00000
0.00000
0.00000
0.00000
0.00000
0.00000
0.00985
0.06088
0.14149
0.24010
0.34252
0.43404
0.50151
0.53521
0.53032
0.48752
0.41298
0.31741
0.21455
0.00000
0.00000
0.00000
0.00000
0.00000
0.00000
0.00000
0.00000
0.00000
0.00000
0.00000
0.00789
0.04874
0.11328
0.19223
0.27424
0.34751
0.40153
0.42852
0.42460
0.39033
0.33065
0.25413
0.17177
0.00000
0.00000
0.00000
0.00000
0.00000
0.00000
0.00000
0.00000
0.00000
0.00000
0.00000
0.00858
0.05302
0.12322
0.20910
0.29830
0.37801
0.43677
0.46612
0.46186
0.42459
0.35967
0.27644
0.18685
0.00000
0.00000
0.00000
0.00000
0.00000
0.00000
0.00000
0.00000
0.00000
0.00000
0.00000
0.01150
0.07106
0.16514
0.28023
0.39978
0.50660
0.58534
0.62468
0.61897
0.56902
0.48202
0.37047
0.25041
0.00000
0.00000
0.00000
0.00000
0.00000
0.00000
0.00000
0.00000
0.00000
0.00000
0.00000
0.00739
0.04567
0.10615
0.18012
0.25696
0.32562
0.37624
0.40152
0.39785
0.36575
0.30982
0.23813
0.16095
0.00000
0.00000
0.00000
0.00000
0.00000
0.00000
0.00000
0.00000
0.00000
0.00000
0.00000
0.01176
0.07269
0.16893
0.28666
0.40894
0.51822
0.59876
0.63900
0.63316
0.58207
0.49307
0.37897
0.25615
0.00000
0.00000
0.00000
0.00000
0.00000
0.00000
0.00000
0.00000
0.00000
0.00000
0.00000
0.00811
0.05014
0.11654
0.19775
0.28211
0.35749
0.41306
0.44082
0.43679
0.40154
0.34015
0.26143
0.17671
0.00000
0.00000
0.00000
0.00000
0.00000
0.00000
0.00000
0.00000
0.00000
0.00000
0.00000
0.00914
0.05647
0.13125
0.22273
0.31774
0.40264
0.46523
0.49649
0.49195
0.45225
0.38311
0.29445
0.19902
0.00000
0.00000
0.00000
0.00000
0.00000
0.00000
0.00000
0.00000
0.00000
0.00000
0.00000
0.01067
0.06595
0.15327
0.26008
0.37103
0.47017
0.54324
0.57976
0.57445
0.52810
0.44735
0.34383
0.23240
0.00000
0.00000
0.00000
0.00000
0.00000
0.00000
0.00000
0.00000
0.00000
0.00000
0.00000
0.01060
0.06552
0.15229
0.25842
0.36866
0.46716
0.53978
0.57605
0.57079
0.52473
0.44450
0.34163
0.23092
0.00000
0.00000
0.00000
0.00000
0.00000
0.00000
0.00000
0.00000
0.00000
0.00000
0.00000
0.01062
0.06564
0.15256
0.25887
0.36931
0.46799
0.54073
0.57707
0.57179
0.52565
0.44528
0.34224
0.23132
0.00000
0.00000
0.00000
0.00000
0.00000
0.00000
0.00000
0.00000
0.00000
0.00000
0.00000
0.00975
0.06024
0.14000
0.23757
0.33892
0.42948
0.49623
0.52958
0.52474
0.48239
0.40864
0.31407
0.21229
0.00000
0.00000
0.00000
0.00000
0.00000
0.00000
0.00000
0.00000
0.00000
0.00000
0.00000
0.01147
0.07088
0.16473
0.27953
0.39879
0.50534
0.58389
0.62313
0.61743
0.56761
0.48082
0.36955
0.24979
0.00000
0.00000
0.00000
0.00000
0.00000
0.00000
0.00000
0.00000
0.00000
0.00000
0.00000
0.00987
0.06102
0.14181
0.24063
0.34329
0.43502
0.50263
0.53641
0.53151
0.48862
0.41391
0.31812
0.21503
0.00000
0.00000
0.00000
0.00000
0.00000
0.00000
0.00000
0.00000
0.00000
0.00000
0.00000
0.01401
0.08658
0.20122
0.34146
0.48712
0.61728
0.71323
0.76116
0.75420
0.69334
0.58733
0.45141
0.30512
0.00000
0.00000
0.00000
0.00000
0.00000
0.00000
0.00000
0.00000
0.00000
0.00000
0.00000
0.01043
0.06445
0.14978
0.25417
0.36260
0.45948
0.53090
0.56658
0.56140
0.51610
0.43719
0.33602
0.22712
0.00000
0.00000
0.00000
0.00000
0.00000
0.00000
0.00000
0.00000
0.00000
0.00000
0.00000
0.01783
0.05293
0.11243
0.18755
0.26724
0.33976
0.39441
0.42316
0.42175
0.39041
0.33374
0.26010
0.18034
0.10620
0.00000
0.00000
0.00000
0.00000
0.00000
0.00000
0.00000
0.00000
0.00000
0.00000
0.02593
0.07696
0.16346
0.27269
0.38856
0.49400
0.57346
0.61525
0.61321
0.56764
0.48525
0.37818
0.26221
0.15442
0.00000
0.00000
0.00000
0.00000
0.00000
0.00000
0.00000
0.00000
0.00000
0.00000
0.02312
0.06863
0.14577
0.24319
0.34652
0.44054
0.51141
0.54868
0.54686
0.50622
0.43274
0.33726
0.23384
0.13771
0.00000
0.00000
0.00000
0.00000
0.00000
0.00000
0.00000
0.00000
0.00000
0.00000
0.02279
0.06764
0.14367
0.23968
0.34151
0.43418
0.50403
0.54076
0.53896
0.49891
0.42650
0.33239
0.23046
0.13572
0.00000
0.00000
0.00000
0.00000
0.00000
0.00000
0.00000
0.00000
0.00000
0.00000
0.02403
0.07133
0.15151
0.25276
0.36016
0.45789
0.53154
0.57028
0.56839
0.52615
0.44978
0.35054
0.24304
0.14313
0.00000
0.00000
0.00000
0.00000
0.00000
0.00000
0.00000
0.00000
0.00000
0.00000
0.02494
0.07404
0.15725
0.26233
0.37380
0.47523
0.55167
0.59187
0.58991
0.54607
0.46681
0.36381
0.25224
0.14855
0.00000
0.00000
0.00000
0.00000
0.00000
0.00000
0.00000
0.00000
0.00000
0.00000
0.02318
0.06880
0.14614
0.24379
0.34738
0.44163
0.51268
0.55004
0.54821
0.50747
0.43381
0.33810
0.23441
0.13805
0.00000
0.00000
0.00000
0.00000
0.00000
0.00000
0.00000
0.00000
0.00000
0.00000
0.01626
0.04825
0.10248
0.17096
0.24360
0.30970
0.35952
0.38572
0.38444
0.35587
0.30422
0.23710
0.16439
0.09681
0.00000
0.00000
0.00000
0.00000
0.00000
0.00000
0.00000
0.00000
0.00000
0.00000
0.02043
0.06064
0.12880
0.21487
0.30616
0.38924
0.45185
0.48478
0.48317
0.44726
0.38235
0.29798
0.20660
0.12167
0.00000
0.00000
0.00000
0.00000
0.00000
0.00000
0.00000
0.00000
0.00000
0.00000
0.01977
0.05868
0.12463
0.20791
0.29625
0.37664
0.43722
0.46908
0.46753
0.43278
0.36997
0.28834
0.19991
0.11773
0.00000
0.00000
0.00000
0.00000
0.00000
0.00000
0.00000
0.00000
0.00000
0.00000
0.01556
0.04617
0.09806
0.16359
0.23310
0.29635
0.34402
0.36909
0.36787
0.34053
0.29111
0.22687
0.15730
0.09263
0.00000
0.00000
0.00000
0.00000
0.00000
0.00000
0.00000
0.00000
0.00000
0.00000
0.01996
0.05923
0.12580
0.20987
0.29905
0.38019
0.44135
0.47351
0.47194
0.43687
0.37346
0.29106
0.20180
0.11884
0.00000
0.00000
0.00000
0.00000
0.00000
0.00000
0.00000
0.00000
0.00000
0.00000
0.02177
0.06461
0.13723
0.22894
0.32622
0.41473
0.48145
0.51653
0.51482
0.47656
0.40739
0.31750
0.22014
0.12964
0.00000
0.00000
0.00000
0.00000
0.00000
0.00000
0.00000
0.00000
0.00000
0.00000
0.02104
0.06246
0.13266
0.22131
0.31535
0.40092
0.46541
0.49933
0.49767
0.46068
0.39382
0.30692
0.21280
0.12532
0.00000
0.00000
0.00000
0.00000
0.00000
0.00000
0.00000
0.00000
0.00000
0.00000
0.01992
0.05912
0.12558
0.20950
0.29851
0.37951
0.44056
0.47266
0.47110
0.43609
0.37279
0.29054
0.20144
0.11863
0.00000
0.00000
0.00000
0.00000
0.00000
0.00000
0.00000
0.00000
0.00000
0.00000
0.01675
0.04972
0.10561
0.17618
0.25104
0.31916
0.37051
0.39751
0.39619
0.36674
0.31351
0.24434
0.16941
0.09977
0.00000
0.00000
0.00000
0.00000
0.00000
0.00000
0.00000
0.00000
0.00000
0.00000
0.01709
0.05071
0.10771
0.17969
0.25605
0.32552
0.37789
0.40542
0.40408
0.37405
0.31976
0.24920
0.17278
0.10175
0.00000
0.00000
0.00000
0.00000
0.00000
0.00000
0.00000
0.00000
0.00000
0.00000
0.01764
0.05235
0.11119
0.18550
0.26432
0.33604
0.39009
0.41852
0.41713
0.38613
0.33009
0.25725
0.17836
0.10504
0.00000
0.00000
0.00000
0.00000
0.00000
0.00000
0.00000
0.00000
0.00000
0.00000
0.01730
0.05134
0.10905
0.18191
0.25921
0.32954
0.38256
0.41043
0.40907
0.37867
0.32371
0.25228
0.17492
0.10301
0.00000
0.00000
0.00000
0.00000
0.00000
0.00000
0.00000
0.00000
0.00000
0.00000
0.02325
0.06902
0.14659
0.24455
0.34846
0.44302
0.51428
0.55176
0.54993
0.50906
0.43517
0.33915
0.23515
0.13848
0.00000
0.00000
0.00000
0.00000
0.00000
0.00000
0.00000
0.00000
0.00000
0.00000
0.02090
0.06204
0.13177
0.21982
0.31322
0.39821
0.46227
0.49595
0.49431
0.45757
0.39116
0.30485
0.21136
0.12447
0.00000
0.00000
0.00000
0.00000
0.00000
0.00000
0.00000
0.00000
0.00000
0.00000
0.02098
0.06226
0.13224
0.22061
0.31435
0.39965
0.46393
0.49774
0.49609
0.45922
0.39257
0.30595
0.21213
0.12492
0.00000
0.00000
0.00000
0.00000
0.00000
0.00000
0.00000
0.00000
0.00000
0.00000
0.01629
0.04834
0.10268
0.17129
0.24408
0.31031
0.36022
0.38647
0.38519
0.35657
0.30481
0.23756
0.16471
0.09700
0.00000
0.00000
0.00000
0.00000
0.00000
0.00000
0.00000
0.00000
0.00000
0.00000
0.02392
0.07098
0.15076
0.25151
0.35837
0.45562
0.52891
0.56745
0.56557
0.52354
0.44755
0.34880
0.24184
0.14242
0.00000
0.00000
0.00000
0.00000
0.00000
0.00000
0.00000
0.00000
0.00000
0.00000
0.03039
0.09021
0.19160
0.31963
0.45544
0.57903
0.67217
0.72115
0.71876
0.66535
0.56877
0.44328
0.30734
0.18099
0.00000
0.00000
0.00000
0.00000
0.00000
0.00000
0.00000
0.00000
0.00000
0.00000
0.02745
0.08147
0.17305
0.28869
0.41136
0.52298
0.60710
0.65135
0.64919
0.60094
0.51372
0.40037
0.27759
0.16347
0.00000
0.00000
0.00000
0.00000
0.00000
0.00000
0.00000
0.00000
0.00000
0.00000
0.00918
0.02725
0.05787
0.09654
0.13757
0.17489
0.20303
0.21782
0.21710
0.20097
0.17180
0.13389
0.09283
0.05467
0.00000
0.00000
0.00000
0.00000
0.00000
0.00000
0.00000
0.00000
0.00000
0.00000
0.02465
0.07316
0.15540
0.25924
0.36939
0.46962
0.54517
0.58490
0.58296
0.53963
0.46131
0.35952
0.24927
0.14680
0.00000
0.00000
0.00000
0.00000
0.00000
0.00000
0.00000
0.00000
0.00000
0.00000
0.02115
0.06277
0.13332
0.22241
0.31692
0.40291
0.46772
0.50181
0.50014
0.46297
0.39577
0.30845
0.21386
0.12594
0.00000
0.00000
0.00000
0.00000
0.00000
0.00000
0.00000
0.00000
0.00000
0.00000
0.02736
0.08121
0.17250
0.28777
0.41004
0.52131
0.60517
0.64927
0.64711
0.59902
0.51208
0.39909
0.27670
0.16295
0.00000
0.00000
0.00000
0.00000
0.00000
0.00000
0.00000
0.00000
0.00000
0.00000
0.02115
0.06278
0.13334
0.22244
0.31695
0.40295
0.46777
0.50186
0.50020
0.46302
0.39582
0.30848
0.21388
0.12596
0.00000
0.00000
0.00000
0.00000
0.00000
0.00000
0.00000
0.00000
0.00000
0.00000
0.01515
0.07237
0.16932
0.29163
0.42116
0.53872
0.62686
0.67253
0.66895
0.61665
0.52338
0.40298
0.27330
0.00000
0.00000
0.00000
0.00000
0.00000
0.00000
0.00000
0.00000
0.00000
0.00000
0.00000
0.00553
0.02643
0.06183
0.10649
0.15380
0.19673
0.22891
0.24559
0.24428
0.22518
0.19112
0.14716
0.09980
0.00000
0.00000
0.00000
0.00000
0.00000
0.00000
0.00000
0.00000
0.00000
0.00000
0.00000
0.01533
0.07324
0.17135
0.29514
0.42623
0.54520
0.63440
0.68062
0.67699
0.62406
0.52968
0.40783
0.27658
0.00000
0.00000
0.00000
0.00000
0.00000
0.00000
0.00000
0.00000
0.00000
0.00000
0.00000
0.01470
0.07022
0.16429
0.28297
0.40866
0.52273
0.60826
0.65257
0.64909
0.59834
0.50785
0.39102
0.26518
0.00000
0.00000
0.00000
0.00000
0.00000
0.00000
0.00000
0.00000
0.00000
0.00000
0.00000
0.00980
0.04680
0.10949
0.18859
0.27235
0.34837
0.40537
0.43491
0.43259
0.39877
0.33846
0.26060
0.17673
0.00000
0.00000
0.00000
0.00000
0.00000
0.00000
0.00000
0.00000
0.00000
0.00000
0.00000
0.01070
0.05110
0.11957
0.20594
0.29742
0.38043
0.44268
0.47493
0.47240
0.43546
0.36960
0.28458
0.19300
0.00000
0.00000
0.00000
0.00000
0.00000
0.00000
0.00000
0.00000
0.00000
0.00000
0.00000
0.01257
0.06006
0.14052
0.24202
0.34953
0.44709
0.52024
0.55814
0.55516
0.51176
0.43436
0.33444
0.22681
0.00000
0.00000
0.00000
0.00000
0.00000
0.00000
0.00000
0.00000
0.00000
0.00000
0.00000
0.02095
0.10009
0.23419
0.40336
0.58253
0.74512
0.86704
0.93020
0.92524
0.85291
0.72391
0.55738
0.37801
0.00000
0.00000
0.00000
0.00000
0.00000
0.00000
0.00000
0.00000
0.00000
0.00000
0.00000
0.01431
0.06834
0.15989
0.27538
0.39770
0.50871
0.59195
0.63507
0.63168
0.58230
0.49423
0.38053
0.25807
0.00000
0.00000
0.00000
0.00000
0.00000
0.00000
0.00000
0.00000
0.00000
0.00000
0.00000
0.01682
0.08037
0.18804
0.32387
0.46773
0.59828
0.69618
0.74689
0.74291
0.68483
0.58125
0.44754
0.30351
0.00000
0.00000
0.00000
0.00000
0.00000
0.00000
0.00000
0.00000
0.00000
0.00000
0.00000
0.01271
0.06073
0.14210
0.24475
0.35346
0.45212
0.52609
0.56442
0.56141
0.51752
0.43925
0.33820
0.22936
0.00000
0.00000
0.00000
0.00000
0.00000
0.00000
0.00000
0.00000
0.00000
0.00000
0.00000
0.01741
0.08318
0.19462
0.33520
0.48409
0.61921
0.72052
0.77301
0.76890
0.70878
0.60158
0.46319
0.31413
0.00000
0.00000
0.00000
0.00000
0.00000
0.00000
0.00000
0.00000
0.00000
0.00000
0.00000
0.01707
0.08154
0.19078
0.32860
0.47456
0.60701
0.70633
0.75779
0.75375
0.69482
0.58973
0.45407
0.30794
0.00000
0.00000
0.00000
0.00000
0.00000
0.00000
0.00000
0.00000
0.00000
0.00000
0.00000
0.01354
0.06468
0.15132
0.26063
0.37640
0.48146
0.56024
0.60105
0.59785
0.55111
0.46776
0.36015
0.24425
0.00000
0.00000
0.00000
0.00000
0.00000
0.00000
0.00000
0.00000
0.00000
0.00000
0.00000
0.01527
0.07295
0.17069
0.29398
0.42456
0.54307
0.63193
0.67796
0.67435
0.62163
0.52761
0.40624
0.27550
0.00000
0.00000
0.00000
0.00000
0.00000
0.00000
0.00000
0.00000
0.00000
0.00000
0.00000
0.01200
0.05734
0.13416
0.23108
0.33372
0.42686
0.49671
0.53289
0.53005
0.48861
0.41471
0.31931
0.21655
0.00000
0.00000
0.00000
0.00000
0.00000
0.00000
0.00000
0.00000
0.00000
0.00000
0.00000
0.01243
0.05939
0.13895
0.23932
0.34562
0.44208
0.51442
0.55189
0.54895
0.50603
0.42950
0.33070
0.22427
0.00000
0.00000
0.00000
0.00000
0.00000
0.00000
0.00000
0.00000
0.00000
0.00000
0.00000
0.01212
0.05788
0.13543
0.23326
0.33687
0.43090
0.50140
0.53793
0.53507
0.49323
0.41863
0.32233
0.21860
0.00000
0.00000
0.00000
0.00000
0.00000
0.00000
0.00000
0.00000
0.00000
0.00000
0.00000
0.01178
0.05627
0.13166
0.22678
0.32750
0.41892
0.48746
0.52297
0.52019
0.47952
0.40699
0.31337
0.21252
0.00000
0.00000
0.00000
0.00000
0.00000
0.00000
0.00000
0.00000
0.00000
0.00000
0.00000
0.01075
0.05133
0.12011
0.20687
0.29876
0.38215
0.44468
0.47707
0.47453
0.43743
0.37127
0.28586
0.19387
0.00000
0.00000
0.00000
0.00000
0.00000
0.00000
0.00000
0.00000
0.00000
0.00000
0.00000
0.01794
0.08572
0.20056
0.34543
0.49887
0.63811
0.74252
0.79661
0.79237
0.73042
0.61994
0.47733
0.32372
0.00000
0.00000
0.00000
0.00000
0.00000
0.00000
0.00000
0.00000
0.00000
0.00000
0.00000
0.01768
0.08445
0.19759
0.34032
0.49149
0.62867
0.73154
0.78483
0.78065
0.71961
0.61078
0.47027
0.31893
0.00000
0.00000
0.00000
0.00000
0.00000
0.00000
0.00000
0.00000
0.00000
0.00000
0.00000
0.01272
0.06076
0.14216
0.24485
0.35361
0.45231
0.52632
0.56466
0.56166
0.51774
0.43944
0.33835
0.22946
0.00000
0.00000
0.00000
0.00000
0.00000
0.00000
0.00000
0.00000
0.00000
0.00000
0.00000
0.01140
0.05443
0.12736
0.21936
0.31680
0.40522
0.47153
0.50588
0.50318
0.46384
0.39369
0.30312
0.20557
0.00000
0.00000
0.00000
0.00000
0.00000
0.00000
0.00000
0.00000
0.00000
0.00000
0.00000
0.01153
0.05508
0.12886
0.22195
0.32054
0.41000
0.47709
0.51184
0.50912
0.46931
0.39833
0.30670
0.20800
0.00000
0.00000
0.00000
0.00000
0.00000
0.00000
0.00000
0.00000
0.00000
0.00000
0.00000
0.01260
0.06018
0.14081
0.24252
0.35025
0.44801
0.52131
0.55929
0.55631
0.51282
0.43526
0.33513
0.22728
0.00000
0.00000
0.00000
0.00000
0.00000
0.00000
0.00000
0.00000
0.00000
0.00000
0.00000
0.01412
0.06747
0.15785
0.27188
0.39264
0.50223
0.58440
0.62698
0.62364
0.57488
0.48793
0.37569
0.25479
0.00000
0.00000
0.00000
0.00000
0.00000
0.00000
0.00000
0.00000
0.00000
0.00000
0.00000
0.01204
0.05751
0.13457
0.23177
0.33472
0.42815
0.49820
0.53450
0.53165
0.49008
0.41596
0.32027
0.21720
0.00000
0.00000
0.00000
0.00000
0.00000
0.00000
0.00000
0.00000
0.00000
0.00000
0.00000
0.00777
0.03713
0.08687
0.14961
0.21607
0.27638
0.32160
0.34503
0.34319
0.31636
0.26851
0.20674
0.14021
0.00000
0.00000
0.00000
0.00000
0.00000
0.00000
0.00000
0.00000
0.00000
0.00000
0.00000
0.01603
0.07659
0.17919
0.30864
0.44573
0.57014
0.66342
0.71175
0.70796
0.65261
0.55391
0.42648
0.28924
0.00000
0.00000
0.00000
0.00000
0.00000
0.00000
0.00000
0.00000
0.00000
0.00000
0.00000
0.01350
0.06451
0.15093
0.25996
0.37543
0.48022
0.55879
0.59950
0.59631
0.54969
0.46655
0.35922
0.24362
0.00000
0.00000
0.00000
0.00000
0.00000
0.00000
0.00000
0.00000
0.00000
0.00000
0.00000
0.01344
0.08174
0.19452
0.33468
0.48101
0.61135
0.70597
0.75053
0.73829
0.67110
0.55914
0.41936
0.27292
0.00000
0.00000
0.00000
0.00000
0.00000
0.00000
0.00000
0.00000
0.00000
0.00000
0.00000
0.01214
0.07380
0.17561
0.30214
0.43425
0.55192
0.63734
0.67757
0.66652
0.60586
0.50478
0.37859
0.24639
0.00000
0.00000
0.00000
0.00000
0.00000
0.00000
0.00000
0.00000
0.00000
0.00000
0.00000
0.01205
0.07327
0.17436
0.29999
0.43116
0.54799
0.63280
0.67275
0.66177
0.60155
0.50119
0.37589
0.24463
0.00000
0.00000
0.00000
0.00000
0.00000
0.00000
0.00000
0.00000
0.00000
0.00000
0.00000
0.01091
0.06635
0.15789
0.27166
0.39044
0.49624
0.57304
0.60921
0.59928
0.54474
0.45386
0.34040
0.22153
0.00000
0.00000
0.00000
0.00000
0.00000
0.00000
0.00000
0.00000
0.00000
0.00000
0.00000
0.00885
0.05383
0.12810
0.22040
0.31677
0.40261
0.46492
0.49427
0.48621
0.44196
0.36822
0.27617
0.17973
0.00000
0.00000
0.00000
0.00000
0.00000
0.00000
0.00000
0.00000
0.00000
0.00000
0.00000
0.01200
0.07298
0.17366
0.29880
0.42944
0.54581
0.63028
0.67007
0.65914
0.59915
0.49920
0.37440
0.24366
0.00000
0.00000
0.00000
0.00000
0.00000
0.00000
0.00000
0.00000
0.00000
0.00000
0.00000
0.01045
0.06353
0.15117
0.26009
0.37382
0.47511
0.54864
0.58327
0.57376
0.52155
0.43453
0.32590
0.21210
0.00000
0.00000
0.00000
0.00000
0.00000
0.00000
0.00000
0.00000
0.00000
0.00000
0.00000
0.01265
0.07692
0.18304
0.31494
0.45264
0.57530
0.66434
0.70627
0.69475
0.63152
0.52617
0.39463
0.25682
0.00000
0.00000
0.00000
0.00000
0.00000
0.00000
0.00000
0.00000
0.00000
0.00000
0.00000
0.01001
0.06088
0.14487
0.24926
0.35825
0.45532
0.52579
0.55898
0.54986
0.49982
0.41644
0.31233
0.20327
0.00000
0.00000
0.00000
0.00000
0.00000
0.00000
0.00000
0.00000
0.00000
0.00000
0.00000
0.00646
0.03926
0.09342
0.16073
0.23100
0.29360
0.33904
0.36044
0.35456
0.32230
0.26853
0.20140
0.13107
0.00000
0.00000
0.00000
0.00000
0.00000
0.00000
0.00000
0.00000
0.00000
0.00000
0.00000
0.01130
0.06871
0.16350
0.28131
0.40431
0.51387
0.59340
0.63086
0.62057
0.56410
0.46999
0.35249
0.22940
0.00000
0.00000
0.00000
0.00000
0.00000
0.00000
0.00000
0.00000
0.00000
0.00000
0.00000
0.01211
0.07365
0.17524
0.30152
0.43336
0.55079
0.63603
0.67618
0.66515
0.60462
0.50375
0.37781
0.24588
0.00000
0.00000
0.00000
0.00000
0.00000
0.00000
0.00000
0.00000
0.00000
0.00000
0.00000
0.01273
0.07741
0.18420
0.31693
0.45551
0.57894
0.66854
0.71074
0.69915
0.63552
0.52949
0.39712
0.25845
0.00000
0.00000
0.00000
0.00000
0.00000
0.00000
0.00000
0.00000
0.00000
0.00000
0.00000
0.01233
0.07500
0.17846
0.30705
0.44130
0.56088
0.64769
0.68857
0.67734
0.61570
0.51298
0.38474
0.25039
0.00000
0.00000
0.00000
0.00000
0.00000
0.00000
0.00000
0.00000
0.00000
0.00000
0.00000
0.00965
0.05868
0.13962
0.24023
0.34527
0.43883
0.50675
0.53874
0.52995
0.48172
0.40135
0.30102
0.19590
0.00000
0.00000
0.00000
0.00000
0.00000
0.00000
0.00000
0.00000
0.00000
0.00000
0.00000
0.01416
0.08609
0.20486
0.35248
0.50659
0.64387
0.74351
0.79045
0.77755
0.70679
0.58888
0.44166
0.28743
0.00000
0.00000
0.00000
0.00000
0.00000
0.00000
0.00000
0.00000
0.00000
0.00000
0.00000
0.01375
0.08362
0.19899
0.34238
0.49207
0.62541
0.72221
0.76779
0.75527
0.68654
0.57200
0.42900
0.27920
0.00000
0.00000
0.00000
0.00000
0.00000
0.00000
0.00000
0.00000
0.00000
0.00000
0.00000
0.01056
0.06420
0.15277
0.26285
0.37778
0.48015
0.55446
0.58946
0.57985
0.52708
0.43914
0.32936
0.21435
0.00000
0.00000
0.00000
0.00000
0.00000
0.00000
0.00000
0.00000
0.00000
0.00000
0.00000
0.00951
0.05784
0.13764
0.23682
0.34036
0.43259
0.49954
0.53107
0.52241
0.47487
0.39565
0.29674
0.19312
0.00000
0.00000
0.00000
0.00000
0.00000
0.00000
0.00000
0.00000
0.00000
0.00000
0.00000
0.01153
0.07011
0.16683
0.28705
0.41256
0.52435
0.60550
0.64372
0.63323
0.57560
0.47957
0.35968
0.23408
0.00000
0.00000
0.00000
0.00000
0.00000
0.00000
0.00000
0.00000
0.00000
0.00000
0.00000
0.01228
0.07471
0.17777
0.30586
0.43960
0.55872
0.64519
0.68591
0.67472
0.61332
0.51100
0.38325
0.24942
0.00000
0.00000
0.00000
0.00000
0.00000
0.00000
0.00000
0.00000
0.00000
0.00000
0.00000
0.01447
0.08800
0.20941
0.36030
0.51783
0.65815
0.76001
0.80799
0.79481
0.72248
0.60194
0.45146
0.29381
0.00000
0.00000
0.00000
0.00000
0.00000
0.00000
0.00000
0.00000
0.00000
0.00000
0.00000
0.01544
0.09386
0.22335
0.38430
0.55233
0.70200
0.81064
0.86181
0.84775
0.77060
0.64204
0.48153
0.31338
0.00000
0.00000
0.00000
0.00000
0.00000
0.00000
0.00000
0.00000
0.00000
0.00000
0.00000
0.01069
0.06501
0.15470
0.26618
0.38256
0.48623
0.56148
0.59692
0.58718
0.53375
0.44470
0.33353
0.21706
0.00000
0.00000
0.00000
0.00000
0.00000
0.00000
0.00000
0.00000
0.00000
0.00000
0.00000
0.01439
0.08751
0.20823
0.35828
0.51493
0.65446
0.75575
0.80346
0.79035
0.71843
0.59857
0.44893
0.29217
0.00000
0.00000
0.00000
0.00000
0.00000
0.00000
0.00000
0.00000
0.00000
0.00000
0.00000
0.00795
0.04832
0.11498
0.19783
0.28433
0.36138
0.41731
0.44365
0.43641
0.39670
0.33052
0.24789
0.16133
0.00000
0.00000
0.00000
0.00000
0.00000
0.00000
0.00000
0.00000
0.00000
0.00000
0.00000
0.01298
0.07891
0.18777
0.32307
0.46433
0.59016
0.68149
0.72451
0.71269
0.64783
0.53975
0.40482
0.26346
0.00000
0.00000
0.00000
0.00000
0.00000
0.00000
0.00000
0.00000
0.00000
0.00000
0.00000
0.01126
0.06849
0.16297
0.28041
0.40301
0.51222
0.59149
0.62883
0.61857
0.56228
0.46847
0.35136
0.22866
0.00000
0.00000
0.00000
0.00000
0.00000
0.00000
0.00000
0.00000
0.00000
0.00000
0.00000
0.01014
0.06166
0.14671
0.25243
0.36280
0.46111
0.53247
0.56608
0.55685
0.50618
0.42173
0.31630
0.20585
0.00000
0.00000
0.00000
0.00000
0.00000
0.00000
0.00000
0.00000
0.00000
0.00000
0.00000
0.01196
0.07275
0.17312
0.29787
0.42811
0.54412
0.62833
0.66799
0.65710
0.59730
0.49765
0.37324
0.24291
0.00000
0.00000
0.00000
0.00000
0.00000
0.00000
0.00000
0.00000
0.00000
0.00000
0.00000
0.00644
0.04481
0.10851
0.18728
0.26841
0.33882
0.38718
0.40568
0.39135
0.34648
0.27832
0.19786
0.11805
0.00000
0.00000
0.00000
0.00000
0.00000
0.00000
0.00000
0.00000
0.00000
0.00000
0.00000
0.01157
0.08057
0.19511
0.33673
0.48260
0.60921
0.69615
0.72942
0.70364
0.62298
0.50043
0.35575
0.21225
0.00000
0.00000
0.00000
0.00000
0.00000
0.00000
0.00000
0.00000
0.00000
0.00000
0.00000
0.01163
0.08100
0.19615
0.33852
0.48517
0.61246
0.69986
0.73331
0.70739
0.62630
0.50310
0.35764
0.21338
0.00000
0.00000
0.00000
0.00000
0.00000
0.00000
0.00000
0.00000
0.00000
0.00000
0.00000
0.01307
0.09103
0.22045
0.38046
0.54527
0.68832
0.78656
0.82414
0.79502
0.70388
0.56542
0.40195
0.23982
0.00000
0.00000
0.00000
0.00000
0.00000
0.00000
0.00000
0.00000
0.00000
0.00000
0.00000
0.01315
0.09158
0.22178
0.38276
0.54856
0.69248
0.79131
0.82912
0.79982
0.70813
0.56883
0.40437
0.24126
0.00000
0.00000
0.00000
0.00000
0.00000
0.00000
0.00000
0.00000
0.00000
0.00000
0.00000
0.01149
0.07997
0.19365
0.33422
0.47900
0.60466
0.69096
0.72397
0.69839
0.61833
0.49669
0.35309
0.21067
0.00000
0.00000
0.00000
0.00000
0.00000
0.00000
0.00000
0.00000
0.00000
0.00000
0.00000
0.01126
0.07837
0.18979
0.32754
0.46943
0.59259
0.67716
0.70952
0.68445
0.60598
0.48678
0.34604
0.20646
0.00000
0.00000
0.00000
0.00000
0.00000
0.00000
0.00000
0.00000
0.00000
0.00000
0.00000
0.01172
0.08161
0.19764
0.34109
0.48884
0.61709
0.70516
0.73886
0.71275
0.63104
0.50690
0.36035
0.21500
0.00000
0.00000
0.00000
0.00000
0.00000
0.00000
0.00000
0.00000
0.00000
0.00000
0.00000
0.00978
0.06808
0.16486
0.28452
0.40777
0.51475
0.58821
0.61632
0.59454
0.52638
0.42284
0.30059
0.17934
0.00000
0.00000
0.00000
0.00000
0.00000
0.00000
0.00000
0.00000
0.00000
0.00000
0.00000
0.00895
0.06231
0.15089
0.26040
0.37321
0.47112
0.53836
0.56409
0.54415
0.48177
0.38700
0.27511
0.16414
0.00000
0.00000
0.00000
0.00000
0.00000
0.00000
0.00000
0.00000
0.00000
0.00000
0.00000
0.00577
0.04014
0.09721
0.16776
0.24044
0.30352
0.34683
0.36341
0.35057
0.31038
0.24932
0.17724
0.10575
0.00000
0.00000
0.00000
0.00000
0.00000
0.00000
0.00000
0.00000
0.00000
0.00000
0.00000
0.01170
0.08148
0.19730
0.34051
0.48802
0.61606
0.70398
0.73762
0.71155
0.62998
0.50605
0.35974
0.21464
0.00000
0.00000
0.00000
0.00000
0.00000
0.00000
0.00000
0.00000
0.00000
0.00000
0.00000
0.00845
0.05886
0.14253
0.24598
0.35254
0.44502
0.50854
0.53284
0.51401
0.45508
0.36556
0.25987
0.15505
0.00000
0.00000
0.00000
0.00000
0.00000
0.00000
0.00000
0.00000
0.00000
0.00000
0.00000
0.01167
0.08124
0.19674
0.33953
0.48662
0.61428
0.70195
0.73549
0.70950
0.62816
0.50460
0.35871
0.21402
0.00000
0.00000
0.00000
0.00000
0.00000
0.00000
0.00000
0.00000
0.00000
0.00000
0.00000
0.01242
0.08649
0.20945
0.36147
0.51805
0.65397
0.74730
0.78301
0.75534
0.66875
0.53719
0.38188
0.22785
0.00000
0.00000
0.00000
0.00000
0.00000
0.00000
0.00000
0.00000
0.00000
0.00000
0.00000
0.00862
0.06002
0.14534
0.25083
0.35948
0.45379
0.51856
0.54334
0.52414
0.46405
0.37276
0.26499
0.15810
0.00000
0.00000
0.00000
0.00000
0.00000
0.00000
0.00000
0.00000
0.00000
0.00000
0.00000
0.01222
0.08509
0.20605
0.35560
0.50965
0.64336
0.73518
0.77031
0.74308
0.65790
0.52848
0.37569
0.22415
0.00000
0.00000
0.00000
0.00000
0.00000
0.00000
0.00000
0.00000
0.00000
0.00000
0.00000
0.00524
0.03645
0.08827
0.15235
0.21834
0.27562
0.31496
0.33001
0.31835
0.28185
0.22641
0.16095
0.09603
0.00000
0.00000
0.00000
0.00000
0.00000
0.00000
0.00000
0.00000
0.00000
0.00000
0.00000
0.00102
0.00711
0.01722
0.02971
0.04259
0.05376
0.06143
0.06437
0.06209
0.05497
0.04416
0.03139
0.01873
0.00000
0.00000
0.00000
0.00000
0.00000
0.00000
0.00000
0.00000
0.00000
0.00000
0.00000
0.00800
0.05572
0.13494
0.23289
0.33377
0.42134
0.48147
0.50448
0.48665
0.43086
0.34611
0.24604
0.14680
0.00000
0.00000
0.00000
0.00000
0.00000
0.00000
0.00000
0.00000
0.00000
0.00000
0.00000
0.01015
0.07067
0.17113
0.29534
0.42328
0.53432
0.61058
0.63976
0.61715
0.54640
0.43892
0.31202
0.18616
0.00000
0.00000
0.00000
0.00000
0.00000
0.00000
0.00000
0.00000
0.00000
0.00000
0.00000
0.00780
0.05428
0.13144
0.22684
0.32511
0.41041
0.46898
0.49139
0.47402
0.41968
0.33713
0.23966
0.14299
0.00000
0.00000
0.00000
0.00000
0.00000
0.00000
0.00000
0.00000
0.00000
0.00000
0.00000
0.01098
0.07642
0.18505
0.31936
0.45771
0.57779
0.66025
0.69180
0.66735
0.59085
0.47462
0.33740
0.20130
0.00000
0.00000
0.00000
0.00000
0.00000
0.00000
0.00000
0.00000
0.00000
0.00000
0.00000
0.01067
0.07431
0.17995
0.31056
0.44509
0.56186
0.64205
0.67273
0.64895
0.57456
0.46153
0.32810
0.19576
0.00000
0.00000
0.00000
0.00000
0.00000
0.00000
0.00000
0.00000
0.00000
0.00000
0.00000
0.00990
0.06890
0.16686
0.28797
0.41271
0.52099
0.59534
0.62379
0.60175
0.53276
0.42796
0.30423
0.18152
0.00000
0.00000
0.00000
0.00000
0.00000
0.00000
0.00000
0.00000
0.00000
0.00000
0.00000
0.01296
0.09021
0.21845
0.37701
0.54033
0.68208
0.77943
0.81667
0.78781
0.69750
0.56029
0.39830
0.23764
0.00000
0.00000
0.00000
0.00000
0.00000
0.00000
0.00000
0.00000
0.00000
0.00000
0.00000
0.00897
0.06243
0.15119
0.26092
0.37395
0.47206
0.53943
0.56520
0.54523
0.48273
0.38777
0.27566
0.16447
0.00000
0.00000
0.00000
0.00000
0.00000
0.00000
0.00000
0.00000
0.00000
0.00000
0.00000
0.01266
0.08812
0.21339
0.36827
0.52780
0.66627
0.76136
0.79774
0.76955
0.68133
0.54730
0.38907
0.23213
0.00000
0.00000
0.00000
0.00000
0.00000
0.00000
0.00000
0.00000
0.00000
0.00000
0.00000
0.01275
0.08877
0.21496
0.37099
0.53170
0.67119
0.76698
0.80363
0.77523
0.68636
0.55134
0.39194
0.23385
0.00000
0.00000
0.00000
0.00000
0.00000
0.00000
0.00000
0.00000
0.00000
0.00000
0.00000
0.01025
0.07134
0.17276
0.29816
0.42732
0.53943
0.61642
0.64587
0.62305
0.55162
0.44311
0.31500
0.18794
0.00000
0.00000
0.00000
0.00000
0.00000
0.00000
0.00000
0.00000
0.00000
0.00000
0.00000
0.00802
0.05582
0.13518
0.23329
0.33435
0.42207
0.48231
0.50535
0.48749
0.43161
0.34670
0.24647
0.14705
0.00000
0.00000
0.00000
0.00000
0.00000
0.00000
0.00000
0.00000
0.00000
0.00000
0.00000
0.00000
0.04420
0.14678
0.27409
0.40526
0.51879
0.59607
0.62443
0.59922
0.52458
0.41274
0.28203
0.15388
0.00000
0.00000
0.00000
0.00000
0.00000
0.00000
0.00000
0.00000
0.00000
0.00000
0.00000
0.00000
0.03509
0.11654
0.21762
0.32177
0.41192
0.47328
0.49580
0.47578
0.41652
0.32771
0.22393
0.12218
0.00000
0.00000
0.00000
0.00000
0.00000
0.00000
0.00000
0.00000
0.00000
0.00000
0.00000
0.00000
0.03681
0.12224
0.22826
0.33751
0.43206
0.49642
0.52004
0.49905
0.43688
0.34374
0.23488
0.12815
0.00000
0.00000
0.00000
0.00000
0.00000
0.00000
0.00000
0.00000
0.00000
0.00000
0.00000
0.00000
0.04670
0.15509
0.28962
0.42822
0.54819
0.62985
0.65982
0.63318
0.55431
0.43613
0.29801
0.16260
0.00000
0.00000
0.00000
0.00000
0.00000
0.00000
0.00000
0.00000
0.00000
0.00000
0.00000
0.00000
0.02872
0.09539
0.17814
0.26339
0.33718
0.38740
0.40584
0.38945
0.34094
0.26825
0.18330
0.10001
0.00000
0.00000
0.00000
0.00000
0.00000
0.00000
0.00000
0.00000
0.00000
0.00000
0.00000
0.00000
0.04092
0.13589
0.25376
0.37521
0.48032
0.55187
0.57813
0.55480
0.48569
0.38214
0.26112
0.14247
0.00000
0.00000
0.00000
0.00000
0.00000
0.00000
0.00000
0.00000
0.00000
0.00000
0.00000
0.00000
0.03690
0.12254
0.22883
0.33834
0.43312
0.49764
0.52132
0.50027
0.43796
0.34458
0.23546
0.12847
0.00000
0.00000
0.00000
0.00000
0.00000
0.00000
0.00000
0.00000
0.00000
0.00000
0.00000
0.00000
0.03666
0.12175
0.22736
0.33617
0.43035
0.49445
0.51798
0.49707
0.43515
0.34238
0.23395
0.12765
0.00000
0.00000
0.00000
0.00000
0.00000
0.00000
0.00000
0.00000
0.00000
0.00000
0.00000
0.00000
0.04185
0.13897
0.25950
0.38370
0.49119
0.56436
0.59121
0.56735
0.49667
0.39078
0.26702
0.14569
0.00000
0.00000
0.00000
0.00000
0.00000
0.00000
0.00000
0.00000
0.00000
0.00000
0.00000
0.00000
0.02163
0.07182
0.13412
0.19831
0.25387
0.29169
0.30557
0.29323
0.25670
0.20197
0.13801
0.07530
0.00000
0.00000
0.00000
0.00000
0.00000
0.00000
0.00000
0.00000
0.00000
0.00000
0.00000
0.00000
0.04631
0.15379
0.28719
0.42463
0.54359
0.62457
0.65429
0.62787
0.54966
0.43247
0.29551
0.16124
0.00000
0.00000
0.00000
0.00000
0.00000
0.00000
0.00000
0.00000
0.00000
0.00000
0.00000
0.00000
0.03546
0.11774
0.21987
0.32510
0.41617
0.47817
0.50092
0.48070
0.42082
0.33110
0.22624
0.12344
0.00000
0.00000
0.00000
0.00000
0.00000
0.00000
0.00000
0.00000
0.00000
0.00000
0.00000
0.00000
0.02477
0.08225
0.15359
0.22710
0.29072
0.33403
0.34992
0.33579
0.29397
0.23129
0.15804
0.08623
0.00000
0.00000
0.00000
0.00000
0.00000
0.00000
0.00000
0.00000
0.00000
0.00000
0.00000
0.00000
0.02860
0.09498
0.17736
0.26225
0.33571
0.38572
0.40407
0.38776
0.33946
0.26709
0.18250
0.09958
0.00000
0.00000
0.00000
0.00000
0.00000
0.00000
0.00000
0.00000
0.00000
0.00000
0.00000
0.00000
0.04809
0.15972
0.29825
0.44099
0.56454
0.64863
0.67949
0.65206
0.57084
0.44913
0.30690
0.16745
0.00000
0.00000
0.00000
0.00000
0.00000
0.00000
0.00000
0.00000
0.00000
0.00000
0.00000
0.00000
0.04130
0.13715
0.25611
0.37868
0.48476
0.55698
0.58348
0.55992
0.49018
0.38567
0.26353
0.14379
0.00000
0.00000
0.00000
0.00000
0.00000
0.00000
0.00000
0.00000
0.00000
0.00000
0.00000
0.00000
0.03792
0.12594
0.23518
0.34773
0.44514
0.51145
0.53579
0.51416
0.45011
0.35415
0.24199
0.13203
0.00000
0.00000
0.00000
0.00000
0.00000
0.00000
0.00000
0.00000
0.00000
0.00000
0.00000
0.00000
0.02789
0.09263
0.17298
0.25576
0.32741
0.37618
0.39408
0.37817
0.33107
0.26048
0.17799
0.09711
0.00000
0.00000
0.00000
0.00000
0.00000
0.00000
0.00000
0.00000
0.00000
0.00000
0.00000
0.00000
0.03910
0.12984
0.24246
0.35850
0.45893
0.52730
0.55239
0.53009
0.46406
0.36512
0.24949
0.13612
0.00000
0.00000
0.00000
0.00000
0.00000
0.00000
0.00000
0.00000
0.00000
0.00000
0.00000
0.00000
0.03648
0.12115
0.22623
0.33449
0.42820
0.49199
0.51539
0.49459
0.43298
0.34067
0.23278
0.12701
0.00000
0.00000
0.00000
0.00000
0.00000
0.00000
0.00000
0.00000
0.00000
0.00000
0.00000
0.00000
0.04119
0.13679
0.25543
0.37768
0.48348
0.55550
0.58194
0.55844
0.48888
0.38465
0.26283
0.14341
0.00000
0.00000
0.00000
0.00000
0.00000
0.00000
0.00000
0.00000
0.00000
0.00000
0.00000
0.00000
0.04322
0.14353
0.26803
0.39630
0.50732
0.58289
0.61063
0.58598
0.51299
0.40361
0.27579
0.15048
0.00000
0.00000
0.00000
0.00000
0.00000
0.00000
0.00000
0.00000
0.00000
0.00000
0.00000
0.00000
0.04625
0.15358
0.28680
0.42405
0.54285
0.62371
0.65339
0.62701
0.54891
0.43188
0.29511
0.16101
0.00000
0.00000
0.00000
0.00000
0.00000
0.00000
0.00000
0.00000
0.00000
0.00000
0.00000
0.00000
0.02343
0.07782
0.14533
0.21488
0.27508
0.31605
0.33109
0.31773
0.27815
0.21885
0.14954
0.08159
0.00000
0.00000
0.00000
0.00000
0.00000
0.00000
0.00000
0.00000
0.00000
0.00000
0.00000
0.00000
0.05105
0.16953
0.31658
0.46808
0.59921
0.68848
0.72123
0.69212
0.60590
0.47672
0.32575
0.17773
0.00000
0.00000
0.00000
0.00000
0.00000
0.00000
0.00000
0.00000
0.00000
0.00000
0.00000
0.00000
0.05096
0.16924
0.31603
0.46727
0.59818
0.68728
0.71998
0.69092
0.60485
0.47590
0.32518
0.17742
0.00000
0.00000
0.00000
0.00000
0.00000
0.00000
0.00000
0.00000
0.00000
0.00000
0.00000
0.00000
0.05241
0.17406
0.32504
0.48060
0.61524
0.70689
0.74053
0.71064
0.62211
0.48948
0.33446
0.18249
0.00000
0.00000
0.00000
0.00000
0.00000
0.00000
0.00000
0.00000
0.00000
0.00000
0.00000
0.00000
0.04449
0.14775
0.27591
0.40796
0.52225
0.60005
0.62860
0.60322
0.52808
0.41549
0.28391
0.15490
0.00000
0.00000
0.00000
0.00000
0.00000
0.00000
0.00000
0.00000
0.00000
0.00000
0.00000
0.00000
0.05052
0.16778
0.31331
0.46325
0.59303
0.68137
0.71379
0.68498
0.59965
0.47180
0.32239
0.17590
0.00000
0.00000
0.00000
0.00000
0.00000
0.00000
0.00000
0.00000
0.00000
0.00000
0.00000
0.00000
0.03781
0.12556
0.23446
0.34667
0.44379
0.50989
0.53416
0.51259
0.44874
0.35307
0.24125
0.13163
0.00000
0.00000
0.00000
0.00000
0.00000
0.00000
0.00000
0.00000
0.00000
0.00000
0.00000
0.00000
0.03843
0.14143
0.27412
0.41418
0.53803
0.62484
0.65999
0.63758
0.56138
0.44419
0.30576
0.16936
0.00000
0.00000
0.00000
0.00000
0.00000
0.00000
0.00000
0.00000
0.00000
0.00000
0.00000
0.00000
0.03997
0.14710
0.28511
0.43078
0.55959
0.64988
0.68644
0.66313
0.58387
0.46199
0.31801
0.17615
0.00000
0.00000
0.00000
0.00000
0.00000
0.00000
0.00000
0.00000
0.00000
0.00000
0.00000
0.00000
0.03833
0.14105
0.27340
0.41308
0.53661
0.62318
0.65825
0.63590
0.55989
0.44302
0.30495
0.16891
0.00000
0.00000
0.00000
0.00000
0.00000
0.00000
0.00000
0.00000
0.00000
0.00000
0.00000
0.00000
0.03929
0.14461
0.28029
0.42349
0.55013
0.63889
0.67484
0.65192
0.57400
0.45418
0.31263
0.17317
0.00000
0.00000
0.00000
0.00000
0.00000
0.00000
0.00000
0.00000
0.00000
0.00000
0.00000
0.00000
0.04025
0.14814
0.28712
0.43382
0.56355
0.65447
0.69130
0.66782
0.58800
0.46526
0.32026
0.17740
0.00000
0.00000
0.00000
0.00000
0.00000
0.00000
0.00000
0.00000
0.00000
0.00000
0.00000
0.00000
0.01194
0.04395
0.08519
0.12872
0.16721
0.19419
0.20511
0.19815
0.17447
0.13805
0.09502
0.05263
0.00000
0.00000
0.00000
0.00000
0.00000
0.00000
0.00000
0.00000
0.00000
0.00000
0.00000
0.00000
0.04399
0.16192
0.31383
0.47417
0.61597
0.71535
0.75560
0.72994
0.64269
0.50854
0.35005
0.19390
0.00000
0.00000
0.00000
0.00000
0.00000
0.00000
0.00000
0.00000
0.00000
0.00000
0.00000
0.00000
0.03634
0.13375
0.25924
0.39169
0.50881
0.59091
0.62415
0.60296
0.53089
0.42007
0.28915
0.16017
0.00000
0.00000
0.00000
0.00000
0.00000
0.00000
0.00000
0.00000
0.00000
0.00000
0.00000
0.00000
0.04144
0.15253
0.29563
0.44668
0.58025
0.67387
0.71178
0.68761
0.60542
0.47905
0.32975
0.18265
0.00000
0.00000
0.00000
0.00000
0.00000
0.00000
0.00000
0.00000
0.00000
0.00000
0.00000
0.00000
0.02597
0.09559
0.18527
0.27992
0.36363
0.42230
0.44606
0.43091
0.37941
0.30021
0.20665
0.11446
0.00000
0.00000
0.00000
0.00000
0.00000
0.00000
0.00000
0.00000
0.00000
0.00000
0.00000
0.00000
0.03889
0.14312
0.27739
0.41912
0.54445
0.63230
0.66787
0.64519
0.56808
0.44950
0.30941
0.17138
0.00000
0.00000
0.00000
0.00000
0.00000
0.00000
0.00000
0.00000
0.00000
0.00000
0.00000
0.00000
0.03798
0.13977
0.27091
0.40933
0.53173
0.61752
0.65226
0.63011
0.55480
0.43899
0.30218
0.16738
0.00000
0.00000
0.00000
0.00000
0.00000
0.00000
0.00000
0.00000
0.00000
0.00000
0.00000
0.00000
0.03471
0.12773
0.24758
0.37407
0.48593
0.56433
0.59608
0.57584
0.50701
0.40118
0.27615
0.15296
0.00000
0.00000
0.00000
0.00000
0.00000
0.00000
0.00000
0.00000
0.00000
0.00000
0.00000
0.00000
0.03294
0.12123
0.23498
0.35504
0.46120
0.53562
0.56575
0.54654
0.48121
0.38077
0.26210
0.14518
0.00000
0.00000
0.00000
0.00000
0.00000
0.00000
0.00000
0.00000
0.00000
0.00000
0.00000
0.00000
0.04244
0.15619
0.30274
0.45741
0.59419
0.69006
0.72889
0.70414
0.61997
0.49056
0.33767
0.18704
0.00000
0.00000
0.00000
0.00000
0.00000
0.00000
0.00000
0.00000
0.00000
0.00000
0.00000
0.00000
0.01778
0.06545
0.12686
0.19167
0.24899
0.28916
0.30543
0.29506
0.25979
0.20556
0.14150
0.07838
0.00000
0.00000
0.00000
0.00000
0.00000
0.00000
0.00000
0.00000
0.00000
0.00000
0.00000
0.00000
0.04119
0.15160
0.29383
0.44395
0.57671
0.66975
0.70744
0.68342
0.60173
0.47612
0.32774
0.18154
0.00000
0.00000
0.00000
0.00000
0.00000
0.00000
0.00000
0.00000
0.00000
0.00000
0.00000
0.00000
0.04674
0.17200
0.33338
0.50372
0.65434
0.75992
0.80268
0.77542
0.68274
0.54022
0.37186
0.20598
0.00000
0.00000
0.00000
0.00000
0.00000
0.00000
0.00000
0.00000
0.00000
0.00000
0.00000
0.00000
0.03232
0.11893
0.23052
0.34830
0.45245
0.52545
0.55501
0.53617
0.47208
0.37354
0.25712
0.14242
0.00000
0.00000
0.00000
0.00000
0.00000
0.00000
0.00000
0.00000
0.00000
0.00000
0.00000
0.00000
0.02327
0.08565
0.16602
0.25084
0.32585
0.37843
0.39972
0.38614
0.33999
0.26902
0.18518
0.10257
0.00000
0.00000
0.00000
0.00000
0.00000
0.00000
0.00000
0.00000
0.00000
0.00000
0.00000
0.00000
0.02172
0.07994
0.15494
0.23411
0.30411
0.35318
0.37305
0.36038
0.31731
0.25107
0.17282
0.09573
0.00000
0.00000
0.00000
0.00000
0.00000
0.00000
0.00000
0.00000
0.00000
0.00000
0.00000
0.00000
0.02057
0.07570
0.14673
0.22170
0.28799
0.33446
0.35328
0.34128
0.30049
0.23776
0.16366
0.09066
0.00000
0.00000
0.00000
0.00000
0.00000
0.00000
0.00000
0.00000
0.00000
0.00000
0.00000
0.00000
0.02225
0.08190
0.15874
0.23984
0.31156
0.36183
0.38219
0.36921
0.32508
0.25723
0.17706
0.09808
0.00000
0.00000
0.00000
0.00000
0.00000
0.00000
0.00000
0.00000
0.00000
0.00000
0.00000
0.00000
0.02910
0.10709
0.20757
0.31363
0.40741
0.47315
0.49977
0.48280
0.42509
0.33636
0.23153
0.12825
0.00000
0.00000
0.00000
0.00000
0.00000
0.00000
0.00000
0.00000
0.00000
0.00000
0.00000
0.00000
0.03686
0.13567
0.26297
0.39733
0.51614
0.59942
0.63314
0.61164
0.53853
0.42612
0.29332
0.16247
0.00000
0.00000
0.00000
0.00000
0.00000
0.00000
0.00000
0.00000
0.00000
0.00000
0.00000
0.00000
0.01737
0.06392
0.12389
0.18719
0.24317
0.28240
0.29829
0.28816
0.25372
0.20076
0.13819
0.07654
0.00000
0.00000
0.00000
0.00000
0.00000
0.00000
0.00000
0.00000
0.00000
0.00000
0.00000
0.00000
0.02057
0.07572
0.14676
0.22175
0.28806
0.33454
0.35336
0.34136
0.30056
0.23782
0.16370
0.09068
0.00000
0.00000
0.00000
0.00000
0.00000
0.00000
0.00000
0.00000
0.00000
0.00000
0.00000
0.00000
0.04041
0.14871
0.28823
0.43549
0.56572
0.65699
0.69396
0.67039
0.59026
0.46705
0.32149
0.17808
0.00000
0.00000
0.00000
0.00000
0.00000
0.00000
0.00000
0.00000
0.00000
0.00000
0.00000
0.00000
0.04018
0.14787
0.28661
0.43305
0.56255
0.65331
0.69007
0.66664
0.58696
0.46444
0.31969
0.17708
0.00000
0.00000
0.00000
0.00000
0.00000
0.00000
0.00000
0.00000
0.00000
0.00000
0.00000
0.00000
0.03924
0.14443
0.27993
0.42295
0.54943
0.63808
0.67398
0.65109
0.57327
0.45361
0.31224
0.17295
0.00000
0.00000
0.00000
0.00000
0.00000
0.00000
0.00000
0.00000
0.00000
0.00000
0.00000
0.00000
0.03154
0.11606
0.22496
0.33990
0.44154
0.51278
0.54163
0.52324
0.46070
0.36453
0.25092
0.13899
0.00000
0.00000
0.00000
0.00000
0.00000
