0.00000
0.00000
0.00000
0.00000
0.00000
0.00000
0.00000
0.03765
0.13044
0.26116
0.40683
0.54181
0.64236
0.69078
0.67857
0.60785
0.49109
0.34881
0.20606
0.00000
0.00000
0.00000
0.00000
0.00000
0.00000
0.00000
0.00000
0.00000
0.00000
0.00000
0.00000
0.04238
0.14684
0.29400
0.45798
0.60994
0.72313
0.77764
0.76388
0.68428
0.55283
0.39267
0.23197
0.00000
0.00000
0.00000
0.00000
0.00000
0.00000
0.00000
0.00000
0.00000
0.00000
0.00000
0.00000
0.03111
0.10778
0.21581
0.33618
0.44772
0.53081
0.57082
0.56073
0.50229
0.40581
0.28824
0.17027
0.00000
0.00000
0.00000
0.00000
0.00000
0.00000
0.00000
0.00000
0.00000
0.00000
0.00000
0.00000
0.04188
0.14510
0.29052
0.45257
0.60272
0.71457
0.76844
0.75485
0.67619
0.54629
0.38802
0.22922
0.00000
0.00000
0.00000
0.00000
0.00000
0.00000
0.00000
0.00000
0.00000
0.00000
0.00000
0.00000
0.03461
0.11991
0.24008
0.37399
0.49807
0.59050
0.63502
0.62378
0.55878
0.45144
0.32065
0.18942
0.00000
0.00000
0.00000
0.00000
0.00000
0.00000
0.00000
0.00000
0.00000
0.00000
0.00000
0.00000
0.02577
0.08929
0.17878
0.27850
0.37090
0.43973
0.47288
0.46452
0.41611
0.33618
0.23878
0.14106
0.00000
0.00000
0.00000
0.00000
0.00000
0.00000
0.00000
0.00000
0.00000
0.00000
0.00000
0.00000
0.04036
0.13983
0.27998
0.43615
0.58086
0.68865
0.74056
0.72746
0.65166
0.52648
0.37395
0.22091
0.00000
0.00000
0.00000
0.00000
0.00000
0.00000
0.00000
0.00000
0.00000
0.00000
0.00000
0.00000
0.03320
0.11502
0.23031
0.35876
0.47780
0.56646
0.60917
0.59839
0.53603
0.43306
0.30760
0.18171
0.00000
0.00000
0.00000
0.00000
0.00000
0.00000
0.00000
0.00000
0.00000
0.00000
0.00000
0.00000
0.03452
0.11959
0.23945
0.37301
0.49677
0.58896
0.63336
0.62216
0.55732
0.45027
0.31982
0.18893
0.00000
0.00000
0.00000
0.00000
0.00000
0.00000
0.00000
0.00000
0.00000
0.00000
0.00000
0.00000
0.04293
0.14876
0.29786
0.46399
0.61793
0.73261
0.78783
0.77390
0.69325
0.56008
0.39782
0.23501
0.00000
0.00000
0.00000
0.00000
0.00000
0.00000
0.00000
0.00000
0.00000
0.00000
0.00000
0.00000
0.03392
0.11752
0.23531
0.36656
0.48817
0.57877
0.62240
0.61139
0.54767
0.44247
0.31428
0.18566
0.00000
0.00000
0.00000
0.00000
0.00000
0.00000
0.00000
0.00000
0.00000
0.00000
0.00000
0.00000
0.03715
0.12873
0.25776
0.40152
0.53475
0.63398
0.68177
0.66971
0.59992
0.48468
0.34426
0.20337
0.00000
0.00000
0.00000
0.00000
0.00000
0.00000
0.00000
0.00000
0.00000
0.00000
0.00000
0.00000
0.04292
0.14871
0.29776
0.46385
0.61775
0.73238
0.78759
0.77366
0.69304
0.55991
0.39770
0.23494
0.00000
0.00000
0.00000
0.00000
0.00000
0.00000
0.00000
0.00000
0.00000
0.00000
0.00000
0.00000
0.04510
0.15625
0.31285
0.48735
0.64904
0.76949
0.82750
0.81286
0.72815
0.58828
0.41785
0.24684
0.00000
0.00000
0.00000
0.00000
0.00000
0.00000
0.00000
0.00000
0.00000
0.00000
0.00000
0.00000
0.04323
0.14980
0.29993
0.46722
0.62224
0.73772
0.79333
0.77929
0.69808
0.56399
0.40059
0.23665
0.00000
0.00000
0.00000
0.00000
0.00000
0.00000
0.00000
0.00000
0.00000
0.00000
0.00000
0.00000
0.04081
0.14139
0.28310
0.44100
0.58731
0.69631
0.74879
0.73555
0.65890
0.53233
0.37811
0.22336
0.00000
0.00000
0.00000
0.00000
0.00000
0.00000
0.00000
0.00000
0.00000
0.00000
0.00000
0.00000
0.04096
0.14190
0.28412
0.44260
0.58944
0.69883
0.75151
0.73822
0.66129
0.53426
0.37948
0.22417
0.00000
0.00000
0.00000
0.00000
0.00000
0.00000
0.00000
0.00000
0.00000
0.00000
0.00000
0.00000
0.02602
0.09015
0.18050
0.28117
0.37446
0.44395
0.47742
0.46897
0.42010
0.33940
0.24107
0.14241
0.00000
0.00000
0.00000
0.00000
0.00000
0.00000
0.00000
0.00000
0.00000
0.00000
0.00000
0.00000
0.03575
0.12388
0.24804
0.38639
0.51459
0.61009
0.65608
0.64447
0.57731
0.46642
0.33129
0.19571
0.00000
0.00000
0.00000
0.00000
0.00000
0.00000
0.00000
0.00000
0.00000
0.00000
0.00000
0.00000
0.04269
0.14790
0.29613
0.46131
0.61436
0.72837
0.78328
0.76943
0.68924
0.55684
0.39552
0.23365
0.00000
0.00000
0.00000
0.00000
0.00000
0.00000
0.00000
0.00000
0.00000
0.00000
0.00000
0.00000
0.04391
0.15213
0.30461
0.47451
0.63195
0.74922
0.80570
0.79145
0.70898
0.57279
0.40684
0.24034
0.00000
0.00000
0.00000
0.00000
0.00000
0.00000
0.00000
0.00000
0.00000
0.00000
0.00000
0.00000
0.04390
0.15212
0.30457
0.47446
0.63187
0.74913
0.80561
0.79136
0.70889
0.57272
0.40679
0.24031
0.00000
0.00000
0.00000
0.00000
0.00000
0.00000
0.00000
0.00000
0.00000
0.00000
0.00000
0.00000
0.04614
0.15986
0.32007
0.49859
0.66402
0.78725
0.84659
0.83162
0.74496
0.60185
0.42749
0.25253
0.00000
0.00000
0.00000
0.00000
0.00000
0.00000
0.00000
0.00000
0.00000
0.00000
0.00000
0.00000
0.03061
0.10604
0.21233
0.33075
0.44049
0.52224
0.56161
0.55167
0.49418
0.39925
0.28358
0.16752
0.00000
0.00000
0.00000
0.00000
0.00000
0.00000
0.00000
0.00000
0.00000
0.00000
0.00000
0.00000
0.03961
0.13723
0.27477
0.42803
0.57004
0.67582
0.72677
0.71391
0.63952
0.51667
0.36698
0.21679
0.00000
0.00000
0.00000
0.00000
0.00000
0.00000
0.00000
0.00000
0.00000
0.00000
0.00000
0.00000
0.03643
0.12623
0.25275
0.39372
0.52435
0.62166
0.66852
0.65670
0.58826
0.47526
0.33757
0.19942
0.00000
0.00000
0.00000
0.00000
0.00000
0.00000
0.00000
0.00000
0.00000
0.00000
0.00000
0.00000
0.04007
0.13883
0.27798
0.43303
0.57671
0.68373
0.73527
0.72226
0.64700
0.52271
0.37128
0.21933
0.00000
0.00000
0.00000
0.00000
0.00000
0.00000
0.00000
0.00000
0.00000
0.00000
0.00000
0.00000
0.02749
0.09525
0.19072
0.29710
0.39568
0.46910
0.50447
0.49554
0.44390
0.35863
0.25473
0.15048
0.00000
0.00000
0.00000
0.00000
0.00000
0.00000
0.00000
0.00000
0.00000
0.00000
0.00000
0.00000
0.04040
0.13997
0.28025
0.43657
0.58142
0.68932
0.74128
0.72817
0.65229
0.52699
0.37431
0.22112
0.00000
0.00000
0.00000
0.00000
0.00000
0.00000
0.00000
0.00000
0.00000
0.00000
0.00000
0.00000
0.03735
0.12942
0.25913
0.40366
0.53760
0.63736
0.68541
0.67328
0.60312
0.48726
0.34610
0.20445
0.00000
0.00000
0.00000
0.00000
0.00000
0.00000
0.00000
0.00000
0.00000
0.00000
0.00000
0.00000
0.03260
0.11296
0.22617
0.35232
0.46922
0.55629
0.59823
0.58764
0.52641
0.42529
0.30207
0.17845
0.00000
0.00000
0.00000
0.00000
0.00000
0.00000
0.00000
0.00000
0.00000
0.00000
0.00000
0.00000
0.00673
0.13597
0.28771
0.44135
0.57601
0.67341
0.72032
0.71038
0.64493
0.53286
0.38939
0.23400
0.08780
0.00000
0.00000
0.00000
0.00000
0.00000
0.00000
0.00000
0.00000
0.00000
0.00000
0.00000
0.00695
0.14046
0.29721
0.45592
0.59503
0.69564
0.74411
0.73383
0.66622
0.55045
0.40225
0.24173
0.09070
0.00000
0.00000
0.00000
0.00000
0.00000
0.00000
0.00000
0.00000
0.00000
0.00000
0.00000
0.00736
0.14873
0.31471
0.48276
0.63005
0.73659
0.78790
0.77703
0.70544
0.58285
0.42592
0.25596
0.09604
0.00000
0.00000
0.00000
0.00000
0.00000
0.00000
0.00000
0.00000
0.00000
0.00000
0.00000
0.00746
0.15078
0.31906
0.48943
0.63875
0.74677
0.79879
0.78776
0.71518
0.59090
0.43181
0.25949
0.09736
0.00000
0.00000
0.00000
0.00000
0.00000
0.00000
0.00000
0.00000
0.00000
0.00000
0.00000
0.00772
0.15602
0.33015
0.50644
0.66096
0.77272
0.82655
0.81514
0.74004
0.61144
0.44681
0.26851
0.10075
0.00000
0.00000
0.00000
0.00000
0.00000
0.00000
0.00000
0.00000
0.00000
0.00000
0.00000
0.00774
0.15651
0.33118
0.50803
0.66303
0.77515
0.82915
0.81770
0.74236
0.61336
0.44822
0.26935
0.10106
0.00000
0.00000
0.00000
0.00000
0.00000
0.00000
0.00000
0.00000
0.00000
0.00000
0.00000
0.00564
0.11397
0.24116
0.36993
0.48280
0.56444
0.60376
0.59542
0.54057
0.44663
0.32638
0.19614
0.07359
0.00000
0.00000
0.00000
0.00000
0.00000
0.00000
0.00000
0.00000
0.00000
0.00000
0.00000
0.00654
0.13216
0.27964
0.42896
0.55984
0.65451
0.70010
0.69044
0.62682
0.51790
0.37846
0.22743
0.08533
0.00000
0.00000
0.00000
0.00000
0.00000
0.00000
0.00000
0.00000
0.00000
0.00000
0.00000
0.00598
0.12089
0.25580
0.39240
0.51212
0.59872
0.64043
0.63159
0.57339
0.47375
0.34620
0.20805
0.07806
0.00000
0.00000
0.00000
0.00000
0.00000
0.00000
0.00000
0.00000
0.00000
0.00000
0.00000
0.00519
0.10489
0.22194
0.34045
0.44433
0.51946
0.55565
0.54798
0.49749
0.41104
0.30037
0.18051
0.06773
0.00000
0.00000
0.00000
0.00000
0.00000
0.00000
0.00000
0.00000
0.00000
0.00000
0.00000
0.00737
0.14891
0.31510
0.48336
0.63084
0.73751
0.78889
0.77800
0.70632
0.58358
0.42645
0.25628
0.09616
0.00000
0.00000
0.00000
0.00000
0.00000
0.00000
0.00000
0.00000
0.00000
0.00000
0.00000
0.00702
0.14202
0.30052
0.46099
0.60164
0.70338
0.75238
0.74200
0.67363
0.55657
0.40672
0.24442
0.09171
0.00000
0.00000
0.00000
0.00000
0.00000
0.00000
0.00000
0.00000
0.00000
0.00000
0.00000
0.00654
0.13215
0.27963
0.42894
0.55982
0.65448
0.70008
0.69041
0.62680
0.51788
0.37844
0.22742
0.08533
0.00000
0.00000
0.00000
0.00000
0.00000
0.00000
0.00000
0.00000
0.00000
0.00000
0.00000
0.00716
0.14483
0.30646
0.47011
0.61354
0.71729
0.76726
0.75667
0.68695
0.56758
0.41476
0.24925
0.09352
0.00000
0.00000
0.00000
0.00000
0.00000
0.00000
0.00000
0.00000
0.00000
0.00000
0.00000
0.00704
0.14226
0.30103
0.46177
0.60266
0.70456
0.75365
0.74324
0.67477
0.55751
0.40740
0.24483
0.09186
0.00000
0.00000
0.00000
0.00000
0.00000
0.00000
0.00000
0.00000
0.00000
0.00000
0.00000
0.00739
0.14939
0.31610
0.48489
0.63283
0.73984
0.79138
0.78046
0.70855
0.58543
0.42780
0.25709
0.09646
0.00000
0.00000
0.00000
0.00000
0.00000
0.00000
0.00000
0.00000
0.00000
0.00000
0.00000
0.00762
0.15415
0.32618
0.50036
0.65302
0.76344
0.81663
0.80535
0.73115
0.60410
0.44145
0.26529
0.09954
0.00000
0.00000
0.00000
0.00000
0.00000
0.00000
0.00000
0.00000
0.00000
0.00000
0.00000
0.00792
0.16003
0.33861
0.51942
0.67791
0.79254
0.84775
0.83605
0.75902
0.62712
0.45827
0.27540
0.10333
0.00000
0.00000
0.00000
0.00000
0.00000
0.00000
0.00000
0.00000
0.00000
0.00000
0.00000
0.00648
0.13094
0.27706
0.42501
0.55468
0.64848
0.69366
0.68408
0.62105
0.51313
0.37497
0.22534
0.08455
0.00000
0.00000
0.00000
0.00000
0.00000
0.00000
0.00000
0.00000
0.00000
0.00000
0.00000
0.00589
0.11913
0.25208
0.38668
0.50466
0.59000
0.63110
0.62239
0.56504
0.46686
0.34116
0.20502
0.07692
0.00000
0.00000
0.00000
0.00000
0.00000
0.00000
0.00000
0.00000
0.00000
0.00000
0.00000
0.00691
0.13979
0.29579
0.45373
0.59217
0.69230
0.74053
0.73031
0.66302
0.54781
0.40031
0.24057
0.09026
0.00000
0.00000
0.00000
0.00000
0.00000
0.00000
0.00000
0.00000
0.00000
0.00000
0.00000
0.00565
0.11425
0.24176
0.37085
0.48401
0.56585
0.60527
0.59691
0.54192
0.44775
0.32719
0.19663
0.07378
0.00000
0.00000
0.00000
0.00000
0.00000
0.00000
0.00000
0.00000
0.00000
0.00000
0.00000
0.00764
0.15438
0.32666
0.50108
0.65397
0.76455
0.81781
0.80653
0.73222
0.60498
0.44209
0.26567
0.09968
0.00000
0.00000
0.00000
0.00000
0.00000
0.00000
0.00000
0.00000
0.00000
0.00000
0.00000
0.00558
0.11288
0.23884
0.36638
0.47817
0.55902
0.59797
0.58971
0.53538
0.44234
0.32325
0.19425
0.07289
0.00000
0.00000
0.00000
0.00000
0.00000
0.00000
0.00000
0.00000
0.00000
0.00000
0.00000
0.00748
0.15114
0.31980
0.49057
0.64024
0.74850
0.80065
0.78960
0.71685
0.59228
0.43281
0.26010
0.09759
0.00000
0.00000
0.00000
0.00000
0.00000
0.00000
0.00000
0.00000
0.00000
0.00000
0.00000
0.00695
0.14054
0.29738
0.45618
0.59537
0.69604
0.74453
0.73425
0.66660
0.55077
0.40247
0.24187
0.09075
0.00000
0.00000
0.00000
0.00000
0.00000
0.00000
0.00000
0.00000
0.00000
0.00000
0.00000
0.00617
0.12476
0.26398
0.40494
0.52850
0.61786
0.66091
0.65178
0.59173
0.48891
0.35727
0.21470
0.08056
0.00000
0.00000
0.00000
0.00000
0.00000
0.00000
0.00000
0.00000
0.00000
0.00000
0.00000
0.00729
0.14735
0.31179
0.47828
0.62421
0.72976
0.78060
0.76982
0.69889
0.57745
0.42197
0.25358
0.09515
0.00000
0.00000
0.00000
0.00000
0.00000
0.00000
0.00000
0.00000
0.00000
0.00000
0.00429
0.04103
0.12562
0.24328
0.37347
0.49343
0.58223
0.62434
0.61242
0.54854
0.44387
0.31668
0.18920
0.08368
0.00000
0.00000
0.00000
0.00000
0.00000
0.00000
0.00000
0.00000
0.00000
0.00000
0.00452
0.04324
0.13237
0.25635
0.39353
0.51994
0.61351
0.65788
0.64532
0.57801
0.46772
0.33370
0.19936
0.08817
0.00000
0.00000
0.00000
0.00000
0.00000
0.00000
0.00000
0.00000
0.00000
0.00000
0.00336
0.03215
0.09844
0.19065
0.29267
0.38668
0.45627
0.48927
0.47993
0.42987
0.34784
0.24817
0.14826
0.06557
0.00000
0.00000
0.00000
0.00000
0.00000
0.00000
0.00000
0.00000
0.00000
0.00000
0.00470
0.04497
0.13768
0.26664
0.40933
0.54081
0.63814
0.68429
0.67123
0.60122
0.48649
0.34709
0.20736
0.09171
0.00000
0.00000
0.00000
0.00000
0.00000
0.00000
0.00000
0.00000
0.00000
0.00000
0.00371
0.03548
0.10862
0.21035
0.32291
0.42664
0.50342
0.53983
0.52952
0.47429
0.38379
0.27382
0.16359
0.07235
0.00000
0.00000
0.00000
0.00000
0.00000
0.00000
0.00000
0.00000
0.00000
0.00000
0.00482
0.04609
0.14110
0.27326
0.41949
0.55424
0.65398
0.70128
0.68789
0.61614
0.49857
0.35571
0.21251
0.09399
0.00000
0.00000
0.00000
0.00000
0.00000
0.00000
0.00000
0.00000
0.00000
0.00000
0.00538
0.05145
0.15752
0.30505
0.46829
0.61871
0.73005
0.78286
0.76791
0.68782
0.55657
0.39709
0.23723
0.10492
0.00000
0.00000
0.00000
0.00000
0.00000
0.00000
0.00000
0.00000
0.00000
0.00000
0.00284
0.02720
0.08327
0.16127
0.24756
0.32709
0.38595
0.41387
0.40596
0.36362
0.29423
0.20992
0.12542
0.05547
0.00000
0.00000
0.00000
0.00000
0.00000
0.00000
0.00000
0.00000
0.00000
0.00000
0.00430
0.04116
0.12601
0.24403
0.37461
0.49495
0.58402
0.62626
0.61430
0.55023
0.44524
0.31766
0.18978
0.08394
0.00000
0.00000
0.00000
0.00000
0.00000
0.00000
0.00000
0.00000
0.00000
0.00000
0.00574
0.05494
0.16822
0.32577
0.50010
0.66074
0.77964
0.83604
0.82007
0.73454
0.59437
0.42406
0.25335
0.11205
0.00000
0.00000
0.00000
0.00000
0.00000
0.00000
0.00000
0.00000
0.00000
0.00000
0.00265
0.02538
0.07770
0.15047
0.23099
0.30519
0.36011
0.38615
0.37878
0.33927
0.27453
0.19587
0.11702
0.05175
0.00000
0.00000
0.00000
0.00000
0.00000
0.00000
0.00000
0.00000
0.00000
0.00000
0.00464
0.04436
0.13581
0.26302
0.40376
0.53346
0.62946
0.67499
0.66210
0.59304
0.47988
0.34237
0.20454
0.09047
0.00000
0.00000
0.00000
0.00000
0.00000
0.00000
0.00000
0.00000
0.00000
0.00000
0.00326
0.03122
0.09558
0.18510
0.28415
0.37542
0.44298
0.47502
0.46595
0.41735
0.33771
0.24094
0.14395
0.06367
0.00000
0.00000
0.00000
0.00000
0.00000
0.00000
0.00000
0.00000
0.00000
0.00000
0.00495
0.04731
0.14485
0.28053
0.43064
0.56898
0.67136
0.71993
0.70618
0.63252
0.51183
0.36517
0.21816
0.09649
0.00000
0.00000
0.00000
0.00000
0.00000
0.00000
0.00000
0.00000
0.00000
0.00000
0.00480
0.04594
0.14066
0.27241
0.41818
0.55251
0.65194
0.69910
0.68575
0.61422
0.49702
0.35460
0.21185
0.09370
0.00000
0.00000
0.00000
0.00000
0.00000
0.00000
0.00000
0.00000
0.00000
0.00000
0.00519
0.04966
0.15205
0.29446
0.45203
0.59723
0.70470
0.75568
0.74125
0.66393
0.53724
0.38330
0.22900
0.10128
0.00000
0.00000
0.00000
0.00000
0.00000
0.00000
0.00000
0.00000
0.00000
0.00000
0.00540
0.05167
0.15820
0.30638
0.47033
0.62141
0.73324
0.78627
0.77126
0.69082
0.55900
0.39882
0.23827
0.10538
0.00000
0.00000
0.00000
0.00000
0.00000
0.00000
0.00000
0.00000
0.00000
0.00000
0.00523
0.05003
0.15318
0.29665
0.45539
0.60167
0.70994
0.76130
0.74676
0.66887
0.54124
0.38615
0.23070
0.10203
0.00000
0.00000
0.00000
0.00000
0.00000
0.00000
0.00000
0.00000
0.00000
0.00000
0.00433
0.04138
0.12668
0.24533
0.37661
0.49759
0.58714
0.62961
0.61758
0.55317
0.44761
0.31935
0.19079
0.08438
0.00000
0.00000
0.00000
0.00000
0.00000
0.00000
0.00000
0.00000
0.00000
0.00000
0.00594
0.05683
0.17398
0.33695
0.51725
0.68340
0.80638
0.86471
0.84820
0.75973
0.61476
0.43861
0.26204
0.11589
0.00000
0.00000
0.00000
0.00000
0.00000
0.00000
0.00000
0.00000
0.00000
0.00000
0.00240
0.02295
0.07027
0.13608
0.20890
0.27601
0.32568
0.34924
0.34257
0.30684
0.24829
0.17714
0.10583
0.04681
0.00000
0.00000
0.00000
0.00000
0.00000
0.00000
0.00000
0.00000
0.00000
0.00000
0.00501
0.04794
0.14677
0.28424
0.43635
0.57651
0.68026
0.72946
0.71553
0.64090
0.51860
0.37000
0.22105
0.09777
0.00000
0.00000
0.00000
0.00000
0.00000
0.00000
0.00000
0.00000
0.00000
0.00000
0.00534
0.05107
0.15635
0.30280
0.46483
0.61415
0.72467
0.77708
0.76225
0.68274
0.55246
0.39416
0.23548
0.10415
0.00000
0.00000
0.00000
0.00000
0.00000
0.00000
0.00000
0.00000
0.00000
0.00000
0.00293
0.02807
0.08594
0.16643
0.25549
0.33755
0.39830
0.42711
0.41895
0.37526
0.30365
0.21664
0.12943
0.05724
0.00000
0.00000
0.00000
0.00000
0.00000
0.00000
0.00000
0.00000
0.00000
0.00000
0.00454
0.04347
0.13307
0.25772
0.39562
0.52271
0.61677
0.66138
0.64876
0.58109
0.47021
0.33547
0.20042
0.08864
0.00000
0.00000
0.00000
0.00000
0.00000
0.00000
0.00000
0.00000
0.00000
0.00000
0.00477
0.04564
0.13973
0.27062
0.41542
0.54887
0.64764
0.69449
0.68122
0.61017
0.49374
0.35226
0.21045
0.09308
0.00000
0.00000
0.00000
0.00000
0.00000
0.00000
0.00000
0.00000
0.00000
0.00000
0.00543
0.05193
0.15898
0.30788
0.47263
0.62445
0.73683
0.79012
0.77504
0.69420
0.56173
0.40077
0.23943
0.10590
0.00000
0.00000
0.00000
0.00000
0.00000
0.00000
0.00000
0.00000
0.00000
0.00000
0.00530
0.05072
0.15528
0.30072
0.46164
0.60993
0.71969
0.77174
0.75701
0.67805
0.54866
0.39145
0.23386
0.10343
0.00000
0.00000
0.00000
0.00000
0.00000
0.00000
0.00000
0.00000
0.00000
0.00000
0.00424
0.04052
0.12406
0.24027
0.36884
0.48732
0.57501
0.61660
0.60483
0.54175
0.43837
0.31276
0.18685
0.08264
0.00000
0.00000
0.00000
0.00000
0.00000
0.00000
0.00000
0.00000
0.00000
0.00000
0.00486
0.04648
0.14229
0.27556
0.42301
0.55889
0.65947
0.70717
0.69367
0.62132
0.50276
0.35870
0.21430
0.09478
0.00000
0.00000
0.00000
0.00000
0.00000
0.00000
0.00000
0.00000
0.00000
0.00000
0.00442
0.04229
0.12947
0.25074
0.38491
0.50855
0.60006
0.64347
0.63118
0.56535
0.45747
0.32638
0.19499
0.08624
0.00000
0.00000
0.00000
0.00000
0.00000
0.00000
0.00000
0.00000
0.00000
0.00000
0.00000
0.04602
0.14672
0.28299
0.43194
0.56857
0.66992
0.71897
0.70748
0.63738
0.52045
0.37632
0.22920
0.00000
0.00000
0.00000
0.00000
0.00000
0.00000
0.00000
0.00000
0.00000
0.00000
0.00000
0.00000
0.03298
0.10515
0.20282
0.30958
0.40751
0.48014
0.51530
0.50706
0.45682
0.37302
0.26972
0.16427
0.00000
0.00000
0.00000
0.00000
0.00000
0.00000
0.00000
0.00000
0.00000
0.00000
0.00000
0.00000
0.04576
0.14588
0.28137
0.42947
0.56532
0.66608
0.71485
0.70343
0.63373
0.51747
0.37417
0.22789
0.00000
0.00000
0.00000
0.00000
0.00000
0.00000
0.00000
0.00000
0.00000
0.00000
0.00000
0.00000
0.04454
0.14199
0.27387
0.41803
0.55026
0.64834
0.69581
0.68469
0.61685
0.50369
0.36420
0.22182
0.00000
0.00000
0.00000
0.00000
0.00000
0.00000
0.00000
0.00000
0.00000
0.00000
0.00000
0.00000
0.04061
0.12947
0.24973
0.38117
0.50174
0.59118
0.63446
0.62432
0.56246
0.45927
0.33209
0.20226
0.00000
0.00000
0.00000
0.00000
0.00000
0.00000
0.00000
0.00000
0.00000
0.00000
0.00000
0.00000
0.03609
0.11506
0.22194
0.33876
0.44591
0.52539
0.56386
0.55485
0.49987
0.40817
0.29513
0.17975
0.00000
0.00000
0.00000
0.00000
0.00000
0.00000
0.00000
0.00000
0.00000
0.00000
0.00000
0.00000
0.03502
0.11166
0.21536
0.32872
0.43270
0.50983
0.54715
0.53841
0.48506
0.39607
0.28639
0.17443
0.00000
0.00000
0.00000
0.00000
0.00000
0.00000
0.00000
0.00000
0.00000
0.00000
0.00000
0.00000
0.05181
0.16519
0.31861
0.48632
0.64014
0.75425
0.80947
0.79653
0.71761
0.58596
0.42369
0.25805
0.00000
0.00000
0.00000
0.00000
0.00000
0.00000
0.00000
0.00000
0.00000
0.00000
0.00000
0.00000
0.04296
0.13697
0.26418
0.40324
0.53079
0.62540
0.67119
0.66046
0.59503
0.48586
0.35131
0.21397
0.00000
0.00000
0.00000
0.00000
0.00000
0.00000
0.00000
0.00000
0.00000
0.00000
0.00000
0.00000
0.03150
0.10044
0.19373
0.29570
0.38923
0.45862
0.49219
0.48433
0.43634
0.35629
0.25762
0.15691
0.00000
0.00000
0.00000
0.00000
0.00000
0.00000
0.00000
0.00000
0.00000
0.00000
0.00000
0.00000
0.03436
0.10954
0.21129
0.32250
0.42451
0.50018
0.53680
0.52822
0.47588
0.38858
0.28097
0.17113
0.00000
0.00000
0.00000
0.00000
0.00000
0.00000
0.00000
0.00000
0.00000
0.00000
0.00000
0.00000
0.04692
0.14960
0.28855
0.44044
0.57975
0.68309
0.73310
0.72139
0.64991
0.53068
0.38372
0.23371
0.00000
0.00000
0.00000
0.00000
0.00000
0.00000
0.00000
0.00000
0.00000
0.00000
0.00000
0.00000
0.03651
0.11640
0.22451
0.34269
0.45109
0.53149
0.57041
0.56129
0.50568
0.41291
0.29856
0.18184
0.00000
0.00000
0.00000
0.00000
0.00000
0.00000
0.00000
0.00000
0.00000
0.00000
0.00000
0.00000
0.02955
0.09420
0.18169
0.27732
0.36504
0.43011
0.46160
0.45423
0.40922
0.33415
0.24161
0.14716
0.00000
0.00000
0.00000
0.00000
0.00000
0.00000
0.00000
0.00000
0.00000
0.00000
0.00000
0.00000
0.04174
0.13308
0.25668
0.39180
0.51572
0.60765
0.65214
0.64172
0.57814
0.47207
0.34134
0.20790
0.00000
0.00000
0.00000
0.00000
0.00000
0.00000
0.00000
0.00000
0.00000
0.00000
0.00000
0.00000
0.04172
0.13300
0.25653
0.39157
0.51542
0.60730
0.65176
0.64134
0.57780
0.47180
0.34114
0.20778
0.00000
0.00000
0.00000
0.00000
0.00000
0.00000
0.00000
0.00000
0.00000
0.00000
0.00000
0.00000
0.04016
0.12804
0.24697
0.37697
0.49620
0.58465
0.62745
0.61743
0.55625
0.45420
0.32842
0.20003
0.00000
0.00000
0.00000
0.00000
0.00000
0.00000
0.00000
0.00000
0.00000
0.00000
0.00000
0.00000
0.03292
0.10496
0.20244
0.30901
0.40675
0.47925
0.51434
0.50612
0.45597
0.37232
0.26921
0.16397
0.00000
0.00000
0.00000
0.00000
0.00000
0.00000
0.00000
0.00000
0.00000
0.00000
0.00000
0.00000
0.05084
0.16209
0.31264
0.47721
0.62816
0.74013
0.79431
0.78162
0.70418
0.57499
0.41576
0.25322
0.00000
0.00000
0.00000
0.00000
0.00000
0.00000
0.00000
0.00000
0.00000
0.00000
0.00000
0.00000
0.02136
0.06809
0.13134
0.20047
0.26388
0.31092
0.33369
0.32835
0.29582
0.24155
0.17466
0.10638
0.00000
0.00000
0.00000
0.00000
0.00000
0.00000
0.00000
0.00000
0.00000
0.00000
0.00000
0.00000
0.04376
0.13951
0.26909
0.41072
0.54064
0.63701
0.68365
0.67272
0.60607
0.49488
0.35783
0.21794
0.00000
0.00000
0.00000
0.00000
0.00000
0.00000
0.00000
0.00000
0.00000
0.00000
0.00000
0.00000
0.02609
0.08316
0.16040
0.24484
0.32228
0.37972
0.40753
0.40101
0.36128
0.29500
0.21331
0.12992
0.00000
0.00000
0.00000
0.00000
0.00000
0.00000
0.00000
0.00000
0.00000
0.00000
0.00000
0.00000
0.02589
0.08252
0.15917
0.24296
0.31980
0.37681
0.40440
0.39793
0.35851
0.29274
0.21167
0.12892
0.00000
0.00000
0.00000
0.00000
0.00000
0.00000
0.00000
0.00000
0.00000
0.00000
0.00000
0.00000
0.05010
0.15973
0.30808
0.47025
0.61900
0.72933
0.78273
0.77022
0.69391
0.56660
0.40969
0.24953
0.00000
0.00000
0.00000
0.00000
0.00000
0.00000
0.00000
0.00000
0.00000
0.00000
0.00000
0.00000
0.03195
0.10185
0.19645
0.29985
0.39470
0.46505
0.49910
0.49113
0.44247
0.36129
0.26124
0.15911
0.00000
0.00000
0.00000
0.00000
0.00000
0.00000
0.00000
0.00000
0.00000
0.00000
0.00000
0.00000
0.04750
0.15143
0.29208
0.44583
0.58685
0.69145
0.74208
0.73022
0.65787
0.53718
0.38842
0.23657
0.00000
0.00000
0.00000
0.00000
0.00000
0.00000
0.00000
0.00000
0.00000
0.00000
0.00000
0.00000
0.03736
0.11909
0.22971
0.35062
0.46153
0.54379
0.58361
0.57428
0.51738
0.42246
0.30547
0.18605
0.00000
0.00000
0.00000
0.00000
0.00000
0.00000
0.00000
0.00000
0.00000
0.00000
0.00000
0.00000
0.03847
0.12265
0.23656
0.36109
0.47530
0.56002
0.60102
0.59142
0.53282
0.43507
0.31459
0.19160
0.00000
0.00000
0.00000
0.00000
0.00000
0.00000
0.00000
0.00000
0.00000
0.00000
0.00000
0.00000
0.03693
0.11773
0.22707
0.34660
0.45623
0.53755
0.57691
0.56769
0.51144
0.41761
0.30196
0.18392
0.00000
0.00000
0.00000
0.00000
0.00000
0.00000
0.00000
0.00000
0.00000
0.00000
0.00000
0.00000
0.04633
0.14770
0.28489
0.43485
0.57240
0.67443
0.72381
0.71224
0.64167
0.52395
0.37885
0.23075
0.00000
0.00000
0.00000
0.00000
0.00000
0.00000
0.00000
0.00000
0.00000
0.00000
0.00000
0.00182
0.04116
0.10851
0.19359
0.28338
0.36415
0.42355
0.45251
0.44659
0.40669
0.33893
0.25365
0.16390
0.00000
0.00000
0.00000
0.00000
0.00000
0.00000
0.00000
0.00000
0.00000
0.00000
0.00000
0.00168
0.03798
0.10013
0.17863
0.26149
0.33602
0.39083
0.41755
0.41209
0.37528
0.31275
0.23406
0.15124
0.00000
0.00000
0.00000
0.00000
0.00000
0.00000
0.00000
0.00000
0.00000
0.00000
0.00000
0.00263
0.05950
0.15687
0.27985
0.40965
0.52641
0.61229
0.65415
0.64558
0.58791
0.48995
0.36668
0.23694
0.00000
0.00000
0.00000
0.00000
0.00000
0.00000
0.00000
0.00000
0.00000
0.00000
0.00000
0.00257
0.05808
0.15312
0.27317
0.39987
0.51385
0.59767
0.63853
0.63017
0.57388
0.47826
0.35792
0.23128
0.00000
0.00000
0.00000
0.00000
0.00000
0.00000
0.00000
0.00000
0.00000
0.00000
0.00000
0.00175
0.03955
0.10429
0.18605
0.27234
0.34997
0.40706
0.43488
0.42919
0.39085
0.32573
0.24377
0.15752
0.00000
0.00000
0.00000
0.00000
0.00000
0.00000
0.00000
0.00000
0.00000
0.00000
0.00000
0.00173
0.03913
0.10316
0.18405
0.26941
0.34620
0.40268
0.43020
0.42457
0.38665
0.32222
0.24115
0.15582
0.00000
0.00000
0.00000
0.00000
0.00000
0.00000
0.00000
0.00000
0.00000
0.00000
0.00000
0.00238
0.05381
0.14187
0.25310
0.37049
0.47609
0.55375
0.59161
0.58386
0.53171
0.44311
0.33162
0.21429
0.00000
0.00000
0.00000
0.00000
0.00000
0.00000
0.00000
0.00000
0.00000
0.00000
0.00000
0.00281
0.06353
0.16749
0.29880
0.43739
0.56206
0.65375
0.69845
0.68931
0.62773
0.52313
0.39151
0.25298
0.00000
0.00000
0.00000
0.00000
0.00000
0.00000
0.00000
0.00000
0.00000
0.00000
0.00000
0.00267
0.06025
0.15885
0.28339
0.41483
0.53307
0.62003
0.66241
0.65374
0.59534
0.49614
0.37131
0.23993
0.00000
0.00000
0.00000
0.00000
0.00000
0.00000
0.00000
0.00000
0.00000
0.00000
0.00000
0.00229
0.05166
0.13621
0.24300
0.35570
0.45709
0.53165
0.56800
0.56056
0.51049
0.42543
0.31839
0.20573
0.00000
0.00000
0.00000
0.00000
0.00000
0.00000
0.00000
0.00000
0.00000
0.00000
0.00000
0.00249
0.05628
0.14838
0.26472
0.38750
0.49795
0.57918
0.61878
0.61068
0.55613
0.46346
0.34685
0.22413
0.00000
0.00000
0.00000
0.00000
0.00000
0.00000
0.00000
0.00000
0.00000
0.00000
0.00000
0.00260
0.05877
0.15495
0.27643
0.40464
0.51997
0.60480
0.64614
0.63769
0.58072
0.48396
0.36219
0.23404
0.00000
0.00000
0.00000
0.00000
0.00000
0.00000
0.00000
0.00000
0.00000
0.00000
0.00000
0.00218
0.04923
0.12979
0.23154
0.33893
0.43554
0.50659
0.54122
0.53413
0.48642
0.40537
0.30338
0.19603
0.00000
0.00000
0.00000
0.00000
0.00000
0.00000
0.00000
0.00000
0.00000
0.00000
0.00000
0.00260
0.05881
0.15505
0.27660
0.40489
0.52030
0.60518
0.64655
0.63809
0.58109
0.48426
0.36242
0.23419
0.00000
0.00000
0.00000
0.00000
0.00000
0.00000
0.00000
0.00000
0.00000
0.00000
0.00000
0.00227
0.05116
0.13489
0.24064
0.35226
0.45266
0.52651
0.56250
0.55514
0.50555
0.42131
0.31530
0.20374
0.00000
0.00000
0.00000
0.00000
0.00000
0.00000
0.00000
0.00000
0.00000
0.00000
0.00000
0.00228
0.05147
0.13570
0.24210
0.35439
0.45540
0.52969
0.56590
0.55849
0.50860
0.42386
0.31721
0.20497
0.00000
0.00000
0.00000
0.00000
0.00000
0.00000
0.00000
0.00000
0.00000
0.00000
0.00000
0.00278
0.06279
0.16556
0.29536
0.43235
0.55558
0.64622
0.69040
0.68136
0.62049
0.51710
0.38700
0.25007
0.00000
0.00000
0.00000
0.00000
0.00000
0.00000
0.00000
0.00000
0.00000
0.00000
0.00000
0.00197
0.04445
0.11719
0.20908
0.30605
0.39328
0.45744
0.48871
0.48231
0.43923
0.36604
0.27394
0.17702
0.00000
0.00000
0.00000
0.00000
0.00000
0.00000
0.00000
0.00000
0.00000
0.00000
0.00000
0.00305
0.06888
0.18161
0.32400
0.47428
0.60947
0.70889
0.75735
0.74744
0.68067
0.56725
0.42453
0.27432
0.00000
0.00000
0.00000
0.00000
0.00000
0.00000
0.00000
0.00000
0.00000
0.00000
0.00000
0.00229
0.05173
0.13639
0.24332
0.35617
0.45769
0.53235
0.56875
0.56130
0.51116
0.42599
0.31881
0.20601
0.00000
0.00000
0.00000
0.00000
0.00000
0.00000
0.00000
0.00000
0.00000
0.00000
0.00000
0.00226
0.05113
0.13480
0.24049
0.35203
0.45237
0.52616
0.56213
0.55478
0.50522
0.42103
0.31510
0.20361
0.00000
0.00000
0.00000
0.00000
0.00000
0.00000
0.00000
0.00000
0.00000
0.00000
0.00000
0.00250
0.05638
0.14865
0.26520
0.38821
0.49886
0.58024
0.61990
0.61179
0.55714
0.46431
0.34748
0.22454
0.00000
0.00000
0.00000
0.00000
0.00000
0.00000
0.00000
0.00000
0.00000
0.00000
0.00000
0.00215
0.04865
0.12828
0.22885
0.33499
0.43047
0.50070
0.53493
0.52793
0.48077
0.40066
0.29985
0.19376
0.00000
0.00000
0.00000
0.00000
0.00000
0.00000
0.00000
0.00000
0.00000
0.00000
0.00000
0.00180
0.04068
0.10725
0.19133
0.28007
0.35989
0.41861
0.44722
0.44137
0.40194
0.33497
0.25069
0.16199
0.00000
0.00000
0.00000
0.00000
0.00000
0.00000
0.00000
0.00000
0.00000
0.00000
0.00000
0.00223
0.05043
0.13297
0.23721
0.34723
0.44621
0.51900
0.55448
0.54722
0.49834
0.41530
0.31081
0.20084
0.00000
0.00000
0.00000
0.00000
0.00000
0.00000
0.00000
0.00000
0.00000
0.00000
0.00000
0.00203
0.04587
0.12094
0.21576
0.31583
0.40586
0.47207
0.50434
0.49774
0.45327
0.37775
0.28270
0.18268
0.00000
0.00000
0.00000
0.00000
0.00000
0.00000
0.00000
0.00000
0.00000
0.00000
0.00000
0.00316
0.07142
0.18830
0.33593
0.49174
0.63191
0.73499
0.78524
0.77496
0.70573
0.58814
0.44016
0.28442
0.00000
0.00000
0.00000
0.00000
0.00000
0.00000
0.00000
0.00000
0.00000
0.00000
0.00000
0.00236
0.05339
0.14075
0.25110
0.36756
0.47233
0.54938
0.58694
0.57926
0.52751
0.43962
0.32901
0.21260
0.00000
0.00000
0.00000
0.00000
0.00000
0.00000
0.00000
0.00000
0.00000
0.00000
0.00000
0.00208
0.04688
0.12360
0.22050
0.32276
0.41476
0.48242
0.51540
0.50866
0.46322
0.38603
0.28891
0.18668
0.00000
0.00000
0.00000
0.00000
0.00000
0.00000
0.00000
0.00000
0.00000
0.00000
0.00000
0.00321
0.07256
0.19129
0.34127
0.49955
0.64194
0.74666
0.79771
0.78727
0.71694
0.59748
0.44715
0.28894
0.00000
0.00000
0.00000
0.00000
0.00000
0.00000
0.00000
0.00000
0.00000
0.00000
0.00000
0.00138
0.03126
0.08241
0.14701
0.21520
0.27654
0.32165
0.34364
0.33914
0.30884
0.25738
0.19262
0.12447
0.00000
0.00000
0.00000
0.00000
0.00000
0.00000
0.00000
0.00000
0.00000
0.00000
0.00000
0.01294
0.07998
0.18588
0.31542
0.44997
0.57021
0.65883
0.70312
0.69668
0.64047
0.54254
0.41699
0.28185
0.00000
0.00000
0.00000
0.00000
0.00000
0.00000
0.00000
0.00000
0.00000
0.00000
0.00000
0.01007
0.06222
0.14460
0.24538
0.35006
0.44359
0.51254
0.54699
0.54199
0.49825
0.42207
0.32440
0.21927
0.00000
0.00000
0.00000
0.00000
0.00000
0.00000
0.00000
0.00000
0.00000
0.00000
0.00000
0.01262
0.07799
0.18127
0.30759
0.43881
0.55607
0.64249
0.68568
0.67941
0.62458
0.52909
0.40664
0.27486
0.00000
0.00000
0.00000
0.00000
0.00000
0.00000
0.00000
0.00000
0.00000
0.00000
0.00000
0.01004
0.06203
0.14416
0.24463
0.34899
0.44224
0.51097
0.54532
0.54033
0.49673
0.42078
0.32340
0.21860
0.00000
0.00000
0.00000
0.00000
0.00000
0.00000
0.00000
0.00000
0.00000
0.00000
0.00000
0.00932
0.05758
0.13382
0.22708
0.32396
0.41052
0.47433
0.50621
0.50158
0.46110
0.39060
0.30021
0.20292
0.00000
0.00000
0.00000
0.00000
0.00000
0.00000
0.00000
0.00000
0.00000
0.00000
0.00000
0.00957
0.05913
0.13743
0.23320
0.33269
0.42158
0.48711
0.51985
0.51510
0.47353
0.40113
0.30830
0.20839
0.00000
0.00000
0.00000
0.00000
0.00000
0.00000
0.00000
0.00000
0.00000
0.00000
0.00000
0.01008
0.06233
0.14486
0.24581
0.35067
0.44437
0.51344
0.54795
0.54294
0.49913
0.42281
0.32497
0.21965
0.00000
0.00000
0.00000
0.00000
0.00000
0.00000
0.00000
0.00000
0.00000
0.00000
0.00000
0.00963
0.05950
0.13827
0.23464
0.33474
0.42418
0.49011
0.52305
0.51827
0.47644
0.40360
0.31020
0.20967
0.00000
0.00000
0.00000
0.00000
0.00000
0.00000
0.00000
0.00000
0.00000
0.00000
0.00000
0.01011
0.06246
0.14516
0.24632
0.35140
0.44529
0.51450
0.54908
0.54406
0.50016
0.42368
0.32564
0.22010
0.00000
0.00000
0.00000
0.00000
0.00000
0.00000
0.00000
0.00000
0.00000
0.00000
0.00000
0.01018
0.06289
0.14616
0.24802
0.35383
0.44837
0.51806
0.55288
0.54783
0.50362
0.42662
0.32789
0.22163
0.00000
0.00000
0.00000
0.00000
0.00000
0.00000
0.00000
0.00000
0.00000
0.00000
0.00000
0.01306
0.08074
0.18765
0.31843
0.45428
0.57566
0.66513
0.70984
0.70335
0.64659
0.54773
0.42097
0.28455
0.00000
0.00000
0.00000
0.00000
0.00000
0.00000
0.00000
0.00000
0.00000
0.00000
0.00000
0.01189
0.07349
0.17080
0.28983
0.41347
0.52395
0.60539
0.64608
0.64017
0.58851
0.49853
0.38316
0.25899
0.00000
0.00000
0.00000
0.00000
0.00000
0.00000
0.00000
0.00000
0.00000
0.00000
0.00000
0.01006
0.06218
0.14451
0.24521
0.34982
0.44330
0.51220
0.54662
0.54163
0.49792
0.42179
0.32418
0.21912
0.00000
0.00000
0.00000
0.00000
0.00000
0.00000
0.00000
0.00000
0.00000
0.00000
0.00000
0.00837
0.05176
0.12029
0.20411
0.29119
0.36899
0.42635
0.45500
0.45084
0.41446
0.35109
0.26984
0.18239
0.00000
0.00000
0.00000
0.00000
0.00000
0.00000
0.00000
0.00000
0.00000
0.00000
0.00000
0.01090
0.06735
0.15654
0.26563
0.37894
0.48020
0.55484
0.59213
0.58671
0.53937
0.45690
0.35116
0.23736
0.00000
0.00000
0.00000
0.00000
0.00000
0.00000
0.00000
0.00000
0.00000
0.00000
0.00000
0.00965
0.05966
0.13866
0.23529
0.33567
0.42536
0.49147
0.52450
0.51971
0.47777
0.40472
0.31106
0.21025
0.00000
0.00000
0.00000
0.00000
0.00000
0.00000
0.00000
0.00000
0.00000
0.00000
0.00000
0.01131
0.06993
0.16253
0.27580
0.39346
0.49860
0.57609
0.61481
0.60919
0.56003
0.47440
0.36462
0.24645
0.00000
0.00000
0.00000
0.00000
0.00000
0.00000
0.00000
0.00000
0.00000
0.00000
0.00000
0.01257
0.07769
0.18056
0.30640
0.43710
0.55390
0.63999
0.68301
0.67676
0.62215
0.52703
0.40506
0.27379
0.00000
0.00000
0.00000
0.00000
0.00000
0.00000
0.00000
0.00000
0.00000
0.00000
0.00000
0.00970
0.05998
0.13940
0.23655
0.33747
0.42764
0.49411
0.52732
0.52250
0.48033
0.40689
0.31273
0.21138
0.00000
0.00000
0.00000
0.00000
0.00000
0.00000
0.00000
0.00000
0.00000
0.00000
0.00000
0.01083
0.06694
0.15559
0.26402
0.37665
0.47729
0.55147
0.58854
0.58315
0.53610
0.45413
0.34903
0.23592
0.00000
0.00000
0.00000
0.00000
0.00000
0.00000
0.00000
0.00000
0.00000
0.00000
0.00000
0.00946
0.05848
0.13592
0.23065
0.32905
0.41697
0.48178
0.51416
0.50946
0.46835
0.39674
0.30493
0.20611
0.00000
0.00000
0.00000
0.00000
0.00000
0.00000
0.00000
0.00000
0.00000
0.00000
0.00000
0.01143
0.07067
0.16425
0.27872
0.39762
0.50387
0.58218
0.62131
0.61563
0.56595
0.47942
0.36847
0.24906
0.00000
0.00000
0.00000
0.00000
0.00000
0.00000
0.00000
0.00000
0.00000
0.00000
0.00000
0.01348
0.08331
0.19361
0.32854
0.46870
0.59394
0.68626
0.73238
0.72568
0.66712
0.56512
0.43434
0.29358
0.00000
0.00000
0.00000
0.00000
0.00000
0.00000
0.00000
0.00000
0.00000
0.00000
0.00000
0.01044
0.06451
0.14994
0.25443
0.36297
0.45996
0.53145
0.56717
0.56198
0.51663
0.43764
0.33636
0.22735
0.00000
0.00000
0.00000
0.00000
0.00000
0.00000
0.00000
0.00000
0.00000
0.00000
0.00000
0.01262
0.07803
0.18135
0.30774
0.43902
0.55633
0.64280
0.68600
0.67972
0.62487
0.52933
0.40684
0.27499
0.00000
0.00000
0.00000
0.00000
0.00000
0.00000
0.00000
0.00000
0.00000
0.00000
0.00000
0.00837
0.05172
0.12021
0.20399
0.29102
0.36878
0.42609
0.45473
0.45057
0.41421
0.35088
0.26968
0.18228
0.00000
0.00000
0.00000
0.00000
0.00000
0.00000
0.00000
0.00000
0.00000
0.00000
0.00000
0.00658
0.04066
0.09450
0.16036
0.22877
0.28989
0.33495
0.35746
0.35419
0.32561
0.27583
0.21200
0.14329
0.00000
0.00000
0.00000
0.00000
0.00000
0.00000
0.00000
0.00000
0.00000
0.00000
0.00000
0.00904
0.05585
0.12980
0.22025
0.31421
0.39817
0.46005
0.49097
0.48648
0.44723
0.37885
0.29118
0.19681
0.00000
0.00000
0.00000
0.00000
0.00000
0.00000
0.00000
0.00000
0.00000
0.00000
0.00000
0.01045
0.06462
0.15018
0.25484
0.36355
0.46070
0.53230
0.56808
0.56288
0.51746
0.43834
0.33690
0.22772
0.00000
0.00000
0.00000
0.00000
0.00000
0.00000
0.00000
0.00000
0.00000
0.00000
0.00000
0.01306
0.08073
0.18763
0.31839
0.45422
0.57559
0.66505
0.70975
0.70326
0.64651
0.54766
0.42092
0.28451
0.00000
0.00000
0.00000
0.00000
0.00000
0.00000
0.00000
0.00000
0.00000
0.00000
0.00000
0.01813
0.05382
0.11431
0.19069
0.27171
0.34544
0.40101
0.43023
0.42880
0.39694
0.33932
0.26445
0.18336
0.10798
0.00000
0.00000
0.00000
0.00000
0.00000
0.00000
0.00000
0.00000
0.00000
0.00000
0.02613
0.07755
0.16471
0.27478
0.39153
0.49777
0.57784
0.61995
0.61790
0.57198
0.48896
0.38107
0.26421
0.15559
0.00000
0.00000
0.00000
0.00000
0.00000
0.00000
0.00000
0.00000
0.00000
0.00000
0.02858
0.08482
0.18015
0.30054
0.42824
0.54444
0.63202
0.67808
0.67583
0.62560
0.53480
0.41680
0.28898
0.17018
0.00000
0.00000
0.00000
0.00000
0.00000
0.00000
0.00000
0.00000
0.00000
0.00000
0.02012
0.05973
0.12686
0.21163
0.30156
0.38338
0.44505
0.47749
0.47590
0.44053
0.37659
0.29350
0.20349
0.11984
0.00000
0.00000
0.00000
0.00000
0.00000
0.00000
0.00000
0.00000
0.00000
0.00000
0.01957
0.05809
0.12339
0.20584
0.29330
0.37288
0.43286
0.46441
0.46287
0.42847
0.36628
0.28546
0.19792
0.11656
0.00000
0.00000
0.00000
0.00000
0.00000
0.00000
0.00000
0.00000
0.00000
0.00000
0.02242
0.06655
0.14136
0.23583
0.33603
0.42721
0.49593
0.53207
0.53031
0.49090
0.41965
0.32705
0.22676
0.13354
0.00000
0.00000
0.00000
0.00000
0.00000
0.00000
0.00000
0.00000
0.00000
0.00000
0.02868
0.08513
0.18082
0.30165
0.42982
0.54645
0.63436
0.68059
0.67833
0.62792
0.53678
0.41834
0.29005
0.17081
0.00000
0.00000
0.00000
0.00000
0.00000
0.00000
0.00000
0.00000
0.00000
0.00000
0.02454
0.07285
0.15473
0.25813
0.36781
0.46762
0.54284
0.58240
0.58047
0.53733
0.45934
0.35799
0.24821
0.14617
0.00000
0.00000
0.00000
0.00000
0.00000
0.00000
0.00000
0.00000
0.00000
0.00000
0.01911
0.05672
0.12047
0.20097
0.28637
0.36407
0.42263
0.45343
0.45193
0.41834
0.35762
0.27872
0.19324
0.11380
0.00000
0.00000
0.00000
0.00000
0.00000
0.00000
0.00000
0.00000
0.00000
0.00000
0.02794
0.08292
0.17612
0.29380
0.41864
0.53224
0.61785
0.66288
0.66068
0.61158
0.52281
0.40746
0.28251
0.16637
0.00000
0.00000
0.00000
0.00000
0.00000
0.00000
0.00000
0.00000
0.00000
0.00000
0.01614
0.04792
0.10177
0.16978
0.24192
0.30757
0.35704
0.38306
0.38179
0.35342
0.30212
0.23546
0.16325
0.09614
0.00000
0.00000
0.00000
0.00000
0.00000
0.00000
0.00000
0.00000
0.00000
0.00000
0.01613
0.04787
0.10168
0.16963
0.24171
0.30729
0.35673
0.38272
0.38145
0.35310
0.30185
0.23525
0.16311
0.09606
0.00000
0.00000
0.00000
0.00000
0.00000
0.00000
0.00000
0.00000
0.00000
0.00000
0.02731
0.08107
0.17220
0.28726
0.40932
0.52039
0.60410
0.64812
0.64597
0.59797
0.51117
0.39839
0.27622
0.16266
0.00000
0.00000
0.00000
0.00000
0.00000
0.00000
0.00000
0.00000
0.00000
0.00000
0.02416
0.07171
0.15232
0.25410
0.36207
0.46032
0.53437
0.57331
0.57141
0.52894
0.45217
0.35240
0.24433
0.14389
0.00000
0.00000
0.00000
0.00000
0.00000
0.00000
0.00000
0.00000
0.00000
0.00000
0.01862
0.05527
0.11739
0.19583
0.27904
0.35475
0.41182
0.44183
0.44036
0.40764
0.34847
0.27158
0.18830
0.11089
0.00000
0.00000
0.00000
0.00000
0.00000
0.00000
0.00000
0.00000
0.00000
0.00000
0.02828
0.08395
0.17830
0.29745
0.42383
0.53884
0.62552
0.67110
0.66888
0.61917
0.52930
0.41251
0.28601
0.16843
0.00000
0.00000
0.00000
0.00000
0.00000
0.00000
0.00000
0.00000
0.00000
0.00000
0.01872
0.05555
0.11800
0.19685
0.28049
0.35660
0.41396
0.44413
0.44265
0.40976
0.35028
0.27299
0.18928
0.11147
0.00000
0.00000
0.00000
0.00000
0.00000
0.00000
0.00000
0.00000
0.00000
0.00000
0.02575
0.07644
0.16236
0.27086
0.38594
0.49067
0.56960
0.61111
0.60908
0.56381
0.48198
0.37563
0.26044
0.15337
0.00000
0.00000
0.00000
0.00000
0.00000
0.00000
0.00000
0.00000
0.00000
0.00000
0.02226
0.06606
0.14031
0.23407
0.33352
0.42402
0.49223
0.52810
0.52635
0.48724
0.41652
0.32461
0.22507
0.13254
0.00000
0.00000
0.00000
0.00000
0.00000
0.00000
0.00000
0.00000
0.00000
0.00000
0.02703
0.08023
0.17041
0.28429
0.40509
0.51500
0.59785
0.64142
0.63929
0.59178
0.50588
0.39426
0.27336
0.16098
0.00000
0.00000
0.00000
0.00000
0.00000
0.00000
0.00000
0.00000
0.00000
0.00000
0.02516
0.07467
0.15859
0.26457
0.37699
0.47928
0.55638
0.59692
0.59494
0.55073
0.47079
0.36692
0.25440
0.14982
0.00000
0.00000
0.00000
0.00000
0.00000
0.00000
0.00000
0.00000
0.00000
0.00000
0.02169
0.06438
0.13675
0.22813
0.32506
0.41327
0.47974
0.51471
0.51300
0.47487
0.40595
0.31638
0.21936
0.12918
0.00000
0.00000
0.00000
0.00000
0.00000
0.00000
0.00000
0.00000
0.00000
0.00000
0.02177
0.06460
0.13722
0.22891
0.32617
0.41467
0.48138
0.51646
0.51475
0.47649
0.40733
0.31746
0.22010
0.12962
0.00000
0.00000
0.00000
0.00000
0.00000
0.00000
0.00000
0.00000
0.00000
0.00000
0.02029
0.06023
0.12792
0.21341
0.30408
0.38660
0.44878
0.48149
0.47989
0.44423
0.37975
0.29596
0.20520
0.12084
0.00000
0.00000
0.00000
0.00000
0.00000
0.00000
0.00000
0.00000
0.00000
0.00000
0.02042
0.06061
0.12873
0.21475
0.30599
0.38902
0.45160
0.48451
0.48290
0.44701
0.38213
0.29782
0.20649
0.12160
0.00000
0.00000
0.00000
0.00000
0.00000
0.00000
0.00000
0.00000
0.00000
0.00000
0.02058
0.06109
0.12976
0.21647
0.30845
0.39214
0.45523
0.48840
0.48678
0.45060
0.38520
0.30021
0.20815
0.12258
0.00000
0.00000
0.00000
0.00000
0.00000
0.00000
0.00000
0.00000
0.00000
0.00000
0.01841
0.05463
0.11604
0.19358
0.27584
0.35069
0.40710
0.43677
0.43532
0.40297
0.34448
0.26847
0.18614
0.10962
0.00000
0.00000
0.00000
0.00000
0.00000
0.00000
0.00000
0.00000
0.00000
0.00000
0.02280
0.06766
0.14372
0.23975
0.34162
0.43432
0.50418
0.54093
0.53913
0.49906
0.42663
0.33249
0.23053
0.13576
0.00000
0.00000
0.00000
0.00000
0.00000
0.00000
0.00000
0.00000
0.00000
0.00000
0.01924
0.05710
0.12128
0.20232
0.28829
0.36652
0.42548
0.45648
0.45497
0.42116
0.36003
0.28059
0.19454
0.11457
0.00000
0.00000
0.00000
0.00000
0.00000
0.00000
0.00000
0.00000
0.00000
0.00000
0.02701
0.08016
0.17026
0.28404
0.40472
0.51454
0.59731
0.64084
0.63871
0.59125
0.50543
0.39391
0.27311
0.16084
0.00000
0.00000
0.00000
0.00000
0.00000
0.00000
0.00000
0.00000
0.00000
0.00000
0.02288
0.06790
0.14422
0.24060
0.34283
0.43585
0.50596
0.54283
0.54103
0.50083
0.42813
0.33367
0.23134
0.13624
0.00000
0.00000
0.00000
0.00000
0.00000
0.00000
0.00000
0.00000
0.00000
0.00000
0.01409
0.06728
0.15742
0.27114
0.39157
0.50087
0.58282
0.62528
0.62194
0.57332
0.48661
0.37467
0.25409
0.00000
0.00000
0.00000
0.00000
0.00000
0.00000
0.00000
0.00000
0.00000
0.00000
0.00000
0.01428
0.06823
0.15965
0.27498
0.39711
0.50796
0.59107
0.63413
0.63075
0.58143
0.49350
0.37997
0.25769
0.00000
0.00000
0.00000
0.00000
0.00000
0.00000
0.00000
0.00000
0.00000
0.00000
0.00000
0.01590
0.07595
0.17770
0.30606
0.44201
0.56538
0.65789
0.70581
0.70205
0.64716
0.54928
0.42292
0.28682
0.00000
0.00000
0.00000
0.00000
0.00000
0.00000
0.00000
0.00000
0.00000
0.00000
0.00000
0.00616
0.02944
0.06889
0.11865
0.17135
0.21918
0.25504
0.27362
0.27217
0.25089
0.21294
0.16396
0.11119
0.00000
0.00000
0.00000
0.00000
0.00000
0.00000
0.00000
0.00000
0.00000
0.00000
0.00000
0.01578
0.07538
0.17637
0.30378
0.43871
0.56117
0.65299
0.70056
0.69682
0.64234
0.54519
0.41977
0.28469
0.00000
0.00000
0.00000
0.00000
0.00000
0.00000
0.00000
0.00000
0.00000
0.00000
0.00000
0.01120
0.05349
0.12516
0.21556
0.31131
0.39821
0.46336
0.49712
0.49447
0.45581
0.38687
0.29787
0.20201
0.00000
0.00000
0.00000
0.00000
0.00000
0.00000
0.00000
0.00000
0.00000
0.00000
0.00000
0.01394
0.06658
0.15578
0.26832
0.38750
0.49566
0.57676
0.61878
0.61548
0.56736
0.48155
0.37077
0.25145
0.00000
0.00000
0.00000
0.00000
0.00000
0.00000
0.00000
0.00000
0.00000
0.00000
0.00000
0.01001
0.04780
0.11184
0.19263
0.27820
0.35585
0.41407
0.44423
0.44187
0.40732
0.34572
0.26619
0.18052
0.00000
0.00000
0.00000
0.00000
0.00000
0.00000
0.00000
0.00000
0.00000
0.00000
0.00000
0.00956
0.04567
0.10685
0.18404
0.26579
0.33998
0.39561
0.42443
0.42217
0.38916
0.33030
0.25432
0.17247
0.00000
0.00000
0.00000
0.00000
0.00000
0.00000
0.00000
0.00000
0.00000
0.00000
0.00000
0.01181
0.05641
0.13199
0.22734
0.32832
0.41996
0.48867
0.52427
0.52148
0.48071
0.40800
0.31414
0.21305
0.00000
0.00000
0.00000
0.00000
0.00000
0.00000
0.00000
0.00000
0.00000
0.00000
0.00000
0.01384
0.06613
0.15474
0.26651
0.38489
0.49232
0.57288
0.61461
0.61134
0.56354
0.47831
0.36828
0.24976
0.00000
0.00000
0.00000
0.00000
0.00000
0.00000
0.00000
0.00000
0.00000
0.00000
0.00000
0.01285
0.06138
0.14361
0.24734
0.35721
0.45691
0.53167
0.57040
0.56737
0.52301
0.44390
0.34179
0.23180
0.00000
0.00000
0.00000
0.00000
0.00000
0.00000
0.00000
0.00000
0.00000
0.00000
0.00000
0.01400
0.06686
0.15643
0.26943
0.38911
0.49772
0.57915
0.62135
0.61804
0.56972
0.48355
0.37231
0.25250
0.00000
0.00000
0.00000
0.00000
0.00000
0.00000
0.00000
0.00000
0.00000
0.00000
0.00000
0.01488
0.07110
0.16635
0.28652
0.41379
0.52928
0.61588
0.66075
0.65723
0.60585
0.51422
0.39592
0.26851
0.00000
0.00000
0.00000
0.00000
0.00000
0.00000
0.00000
0.00000
0.00000
0.00000
0.00000
0.01178
0.05625
0.13161
0.22667
0.32736
0.41873
0.48724
0.52274
0.51995
0.47930
0.40681
0.31323
0.21243
0.00000
0.00000
0.00000
0.00000
0.00000
0.00000
0.00000
0.00000
0.00000
0.00000
0.00000
0.00997
0.04764
0.11146
0.19198
0.27725
0.35463
0.41266
0.44272
0.44036
0.40593
0.34454
0.26528
0.17991
0.00000
0.00000
0.00000
0.00000
0.00000
0.00000
0.00000
0.00000
0.00000
0.00000
0.00000
0.01148
0.05482
0.12826
0.22090
0.31902
0.40807
0.47484
0.50943
0.50672
0.46710
0.39645
0.30525
0.20702
0.00000
0.00000
0.00000
0.00000
0.00000
0.00000
0.00000
0.00000
0.00000
0.00000
0.00000
0.01465
0.06999
0.16376
0.28206
0.40734
0.52104
0.60629
0.65045
0.64699
0.59641
0.50620
0.38975
0.26433
0.00000
0.00000
0.00000
0.00000
0.00000
0.00000
0.00000
0.00000
0.00000
0.00000
0.00000
0.01387
0.06623
0.15497
0.26691
0.38547
0.49306
0.57374
0.61553
0.61225
0.56439
0.47903
0.36883
0.25013
0.00000
0.00000
0.00000
0.00000
0.00000
0.00000
0.00000
0.00000
0.00000
0.00000
0.00000
0.01498
0.07156
0.16743
0.28838
0.41648
0.53273
0.61989
0.66505
0.66151
0.60979
0.51756
0.39850
0.27026
0.00000
0.00000
0.00000
0.00000
0.00000
0.00000
0.00000
0.00000
0.00000
0.00000
0.00000
0.00990
0.04727
0.11061
0.19051
0.27512
0.35192
0.40950
0.43933
0.43699
0.40282
0.34190
0.26325
0.17853
0.00000
0.00000
0.00000
0.00000
0.00000
0.00000
0.00000
0.00000
0.00000
0.00000
0.00000
0.01823
0.08707
0.20373
0.35089
0.50675
0.64819
0.75425
0.80920
0.80489
0.74196
0.62974
0.48487
0.32883
0.00000
0.00000
0.00000
0.00000
0.00000
0.00000
0.00000
0.00000
0.00000
0.00000
0.00000
0.01680
0.08027
0.18782
0.32349
0.46718
0.59758
0.69535
0.74601
0.74203
0.68402
0.58056
0.44701
0.30316
0.00000
0.00000
0.00000
0.00000
0.00000
0.00000
0.00000
0.00000
0.00000
0.00000
0.00000
0.01204
0.05752
0.13459
0.23181
0.33477
0.42822
0.49828
0.53458
0.53173
0.49016
0.41602
0.32032
0.21724
0.00000
0.00000
0.00000
0.00000
0.00000
0.00000
0.00000
0.00000
0.00000
0.00000
0.00000
0.01190
0.05684
0.13299
0.22905
0.33079
0.42313
0.49236
0.52823
0.52541
0.48433
0.41108
0.31651
0.21466
0.00000
0.00000
0.00000
0.00000
0.00000
0.00000
0.00000
0.00000
0.00000
0.00000
0.00000
0.01454
0.06944
0.16246
0.27982
0.40412
0.51691
0.60149
0.64531
0.64187
0.59169
0.50220
0.38667
0.26223
0.00000
0.00000
0.00000
0.00000
0.00000
0.00000
0.00000
0.00000
0.00000
0.00000
0.00000
0.00988
0.04720
0.11043
0.19019
0.27467
0.35134
0.40883
0.43861
0.43627
0.40216
0.34134
0.26282
0.17824
0.00000
0.00000
0.00000
0.00000
0.00000
0.00000
0.00000
0.00000
0.00000
0.00000
0.00000
0.01456
0.06956
0.16275
0.28032
0.40484
0.51784
0.60257
0.64646
0.64302
0.59275
0.50310
0.38736
0.26270
0.00000
0.00000
0.00000
0.00000
0.00000
0.00000
0.00000
0.00000
0.00000
0.00000
0.00000
0.01791
0.08558
0.20022
0.34486
0.49804
0.63705
0.74128
0.79528
0.79105
0.72920
0.61891
0.47653
0.32318
0.00000
0.00000
0.00000
0.00000
0.00000
0.00000
0.00000
0.00000
0.00000
0.00000
0.00000
0.01070
0.05110
0.11956
0.20593
0.29740
0.38041
0.44265
0.47490
0.47237
0.43544
0.36958
0.28456
0.19298
0.00000
0.00000
0.00000
0.00000
0.00000
0.00000
0.00000
0.00000
0.00000
0.00000
0.00000
0.01117
0.05338
0.12488
0.21509
0.31063
0.39734
0.46235
0.49603
0.49339
0.45482
0.38603
0.29722
0.20157
0.00000
0.00000
0.00000
0.00000
0.00000
0.00000
0.00000
0.00000
0.00000
0.00000
0.00000
0.01339
0.08142
0.19374
0.33335
0.47910
0.60892
0.70316
0.74755
0.73536
0.66843
0.55692
0.41769
0.27183
0.00000
0.00000
0.00000
0.00000
0.00000
0.00000
0.00000
0.00000
0.00000
0.00000
0.00000
0.01310
0.07966
0.18955
0.32614
0.46874
0.59576
0.68796
0.73138
0.71945
0.65398
0.54487
0.40866
0.26596
0.00000
0.00000
0.00000
0.00000
0.00000
0.00000
0.00000
0.00000
0.00000
0.00000
0.00000
0.00709
0.04313
0.10264
0.17660
0.25382
0.32259
0.37252
0.39603
0.38958
0.35412
0.29504
0.22128
0.14401
0.00000
0.00000
0.00000
0.00000
0.00000
0.00000
0.00000
0.00000
0.00000
0.00000
0.00000
0.01166
0.07089
0.16870
0.29026
0.41717
0.53021
0.61227
0.65092
0.64030
0.58203
0.48493
0.36370
0.23670
0.00000
0.00000
0.00000
0.00000
0.00000
0.00000
0.00000
0.00000
0.00000
0.00000
0.00000
0.00731
0.04444
0.10575
0.18196
0.26152
0.33238
0.38382
0.40805
0.40140
0.36487
0.30400
0.22800
0.14838
0.00000
0.00000
0.00000
0.00000
0.00000
0.00000
0.00000
0.00000
0.00000
0.00000
0.00000
0.00937
0.05701
0.13565
0.23340
0.33545
0.42635
0.49234
0.52342
0.51488
0.46802
0.38994
0.29246
0.19033
0.00000
0.00000
0.00000
0.00000
0.00000
0.00000
0.00000
0.00000
0.00000
0.00000
0.00000
0.00924
0.05619
0.13372
0.23007
0.33066
0.42027
0.48531
0.51594
0.50753
0.46134
0.38437
0.28828
0.18762
0.00000
0.00000
0.00000
0.00000
0.00000
0.00000
0.00000
0.00000
0.00000
0.00000
0.00000
0.01080
0.06569
0.15630
0.26893
0.38651
0.49125
0.56728
0.60309
0.59325
0.53926
0.44929
0.33697
0.21930
0.00000
0.00000
0.00000
0.00000
0.00000
0.00000
0.00000
0.00000
0.00000
0.00000
0.00000
0.01235
0.07511
0.17872
0.30750
0.44195
0.56171
0.64864
0.68959
0.67834
0.61661
0.51374
0.38530
0.25076
0.00000
0.00000
0.00000
0.00000
0.00000
0.00000
0.00000
0.00000
0.00000
0.00000
0.00000
0.01355
0.08238
0.19603
0.33728
0.48475
0.61610
0.71146
0.75636
0.74403
0.67632
0.56349
0.42262
0.27504
0.00000
0.00000
0.00000
0.00000
0.00000
0.00000
0.00000
0.00000
0.00000
0.00000
0.00000
0.01267
0.07706
0.18338
0.31552
0.45347
0.57635
0.66555
0.70756
0.69602
0.63268
0.52713
0.39535
0.25729
0.00000
0.00000
0.00000
0.00000
0.00000
0.00000
0.00000
0.00000
0.00000
0.00000
0.00000
0.01295
0.07878
0.18745
0.32252
0.46354
0.58915
0.68033
0.72328
0.71148
0.64673
0.53883
0.40413
0.26301
0.00000
0.00000
0.00000
0.00000
0.00000
0.00000
0.00000
0.00000
0.00000
0.00000
0.00000
0.01212
0.07368
0.17533
0.30168
0.43358
0.55107
0.63636
0.67652
0.66549
0.60493
0.50401
0.37801
0.24601
0.00000
0.00000
0.00000
0.00000
0.00000
0.00000
0.00000
0.00000
0.00000
0.00000
0.00000
0.01159
0.07046
0.16765
0.28846
0.41459
0.52693
0.60848
0.64689
0.63634
0.57843
0.48193
0.36145
0.23523
0.00000
0.00000
0.00000
0.00000
0.00000
0.00000
0.00000
0.00000
0.00000
0.00000
0.00000
0.01336
0.08122
0.19326
0.33253
0.47792
0.60742
0.70143
0.74571
0.73354
0.66679
0.55555
0.41666
0.27117
0.00000
0.00000
0.00000
0.00000
0.00000
0.00000
0.00000
0.00000
0.00000
0.00000
0.00000
0.01213
0.07376
0.17551
0.30199
0.43402
0.55164
0.63701
0.67722
0.66617
0.60555
0.50452
0.37839
0.24626
0.00000
0.00000
0.00000
0.00000
0.00000
0.00000
0.00000
0.00000
0.00000
0.00000
0.00000
0.01098
0.06680
0.15895
0.27348
0.39306
0.49957
0.57688
0.61330
0.60329
0.54839
0.45690
0.34268
0.22302
0.00000
0.00000
0.00000
0.00000
0.00000
0.00000
0.00000
0.00000
0.00000
0.00000
0.00000
0.01145
0.06963
0.16570
0.28509
0.40975
0.52078
0.60137
0.63933
0.62891
0.57167
0.47630
0.35723
0.23248
0.00000
0.00000
0.00000
0.00000
0.00000
0.00000
0.00000
0.00000
0.00000
0.00000
0.00000
0.00905
0.05501
0.13090
0.22523
0.32371
0.41143
0.47510
0.50509
0.49686
0.45164
0.37629
0.28222
0.18367
0.00000
0.00000
0.00000
0.00000
0.00000
0.00000
0.00000
0.00000
0.00000
0.00000
0.00000
0.01074
0.06533
0.15545
0.26747
0.38442
0.48858
0.56420
0.59981
0.59003
0.53633
0.44685
0.33514
0.21811
0.00000
0.00000
0.00000
0.00000
0.00000
0.00000
0.00000
0.00000
0.00000
0.00000
0.00000
0.01148
0.06984
0.16619
0.28594
0.41096
0.52232
0.60316
0.64123
0.63078
0.57337
0.47771
0.35829
0.23318
0.00000
0.00000
0.00000
0.00000
0.00000
0.00000
0.00000
0.00000
0.00000
0.00000
0.00000
0.01024
0.06224
0.14811
0.25484
0.36626
0.46551
0.53755
0.57148
0.56216
0.51100
0.42575
0.31931
0.20781
0.00000
0.00000
0.00000
0.00000
0.00000
0.00000
0.00000
0.00000
0.00000
0.00000
0.00000
0.01161
0.07060
0.16799
0.28904
0.41542
0.52799
0.60971
0.64819
0.63762
0.57960
0.48290
0.36218
0.23571
0.00000
0.00000
0.00000
0.00000
0.00000
0.00000
0.00000
0.00000
0.00000
0.00000
0.00000
0.01209
0.07354
0.17499
0.30108
0.43272
0.54998
0.63510
0.67518
0.66417
0.60373
0.50301
0.37726
0.24552
0.00000
0.00000
0.00000
0.00000
0.00000
0.00000
0.00000
0.00000
0.00000
0.00000
0.00000
0.01359
0.08266
0.19670
0.33843
0.48641
0.61821
0.71389
0.75895
0.74657
0.67863
0.56541
0.42406
0.27598
0.00000
0.00000
0.00000
0.00000
0.00000
0.00000
0.00000
0.00000
0.00000
0.00000
0.00000
0.01520
0.09241
0.21990
0.37836
0.54380
0.69115
0.79812
0.84850
0.83466
0.75870
0.63212
0.47409
0.30854
0.00000
0.00000
0.00000
0.00000
0.00000
0.00000
0.00000
0.00000
0.00000
0.00000
0.00000
0.01355
0.08239
0.19605
0.33733
0.48482
0.61619
0.71155
0.75647
0.74413
0.67641
0.56356
0.42267
0.27508
0.00000
0.00000
0.00000
0.00000
0.00000
0.00000
0.00000
0.00000
0.00000
0.00000
0.00000
0.01097
0.06669
0.15870
0.27305
0.39244
0.49878
0.57597
0.61233
0.60234
0.54753
0.45618
0.34214
0.22266
0.00000
0.00000
0.00000
0.00000
0.00000
0.00000
0.00000
0.00000
0.00000
0.00000
0.00000
0.01309
0.07959
0.18938
0.32585
0.46832
0.59523
0.68735
0.73073
0.71882
0.65340
0.54439
0.40829
0.26572
0.00000
0.00000
0.00000
0.00000
0.00000
0.00000
0.00000
0.00000
0.00000
0.00000
0.00000
0.01069
0.06500
0.15467
0.26613
0.38248
0.48613
0.56136
0.59680
0.58707
0.53364
0.44461
0.33346
0.21702
0.00000
0.00000
0.00000
0.00000
0.00000
0.00000
0.00000
0.00000
0.00000
0.00000
0.00000
0.00861
0.05997
0.14521
0.25062
0.35918
0.45342
0.51813
0.54288
0.52370
0.46366
0.37245
0.26477
0.15797
0.00000
0.00000
0.00000
0.00000
0.00000
0.00000
0.00000
0.00000
0.00000
0.00000
0.00000
0.01032
0.07188
0.17406
0.30040
0.43053
0.54348
0.62104
0.65072
0.62772
0.55576
0.44644
0.31736
0.18935
0.00000
0.00000
0.00000
0.00000
0.00000
0.00000
0.00000
0.00000
0.00000
0.00000
0.00000
0.01034
0.07202
0.17440
0.30098
0.43136
0.54453
0.62224
0.65197
0.62893
0.55683
0.44730
0.31798
0.18972
0.00000
0.00000
0.00000
0.00000
0.00000
0.00000
0.00000
0.00000
0.00000
0.00000
0.00000
0.00441
0.03068
0.07430
0.12824
0.18379
0.23201
0.26512
0.27779
0.26797
0.23725
0.19058
0.13548
0.08083
0.00000
0.00000
0.00000
0.00000
0.00000
0.00000
0.00000
0.00000
0.00000
0.00000
0.00000
0.00400
0.02784
0.06741
0.11634
0.16673
0.21047
0.24051
0.25201
0.24310
0.21523
0.17289
0.12291
0.07333
0.00000
0.00000
0.00000
0.00000
0.00000
0.00000
0.00000
0.00000
0.00000
0.00000
0.00000
0.01161
0.08081
0.19569
0.33773
0.48403
0.61101
0.69822
0.73158
0.70573
0.62482
0.50191
0.35680
0.21288
0.00000
0.00000
0.00000
0.00000
0.00000
0.00000
0.00000
0.00000
0.00000
0.00000
0.00000
0.00708
0.04930
0.11937
0.20602
0.29527
0.37273
0.42592
0.44628
0.43050
0.38115
0.30617
0.21765
0.12986
0.00000
0.00000
0.00000
0.00000
0.00000
0.00000
0.00000
0.00000
0.00000
0.00000
0.00000
0.00730
0.05080
0.12301
0.21229
0.30425
0.38407
0.43888
0.45985
0.44360
0.39275
0.31549
0.22428
0.13381
0.00000
0.00000
0.00000
0.00000
0.00000
0.00000
0.00000
0.00000
0.00000
0.00000
0.00000
0.00862
0.06003
0.14536
0.25086
0.35953
0.45386
0.51863
0.54341
0.52421
0.46411
0.37282
0.26503
0.15813
0.00000
0.00000
0.00000
0.00000
0.00000
0.00000
0.00000
0.00000
0.00000
0.00000
0.00000
0.00914
0.06364
0.15411
0.26596
0.38118
0.48118
0.54985
0.57613
0.55577
0.49206
0.39526
0.28099
0.16765
0.00000
0.00000
0.00000
0.00000
0.00000
0.00000
0.00000
0.00000
0.00000
0.00000
0.00000
0.01253
0.08724
0.21125
0.36458
0.52252
0.65960
0.75374
0.78976
0.76185
0.67451
0.54183
0.38517
0.22981
0.00000
0.00000
0.00000
0.00000
0.00000
0.00000
0.00000
0.00000
0.00000
0.00000
0.00000
0.00648
0.04510
0.10922
0.18850
0.27016
0.34104
0.38971
0.40833
0.39390
0.34874
0.28014
0.19915
0.11882
0.00000
0.00000
0.00000
0.00000
0.00000
0.00000
0.00000
0.00000
0.00000
0.00000
0.00000
0.00610
0.04246
0.10283
0.17747
0.25434
0.32107
0.36690
0.38443
0.37084
0.32833
0.26374
0.18749
0.11186
0.00000
0.00000
0.00000
0.00000
0.00000
0.00000
0.00000
0.00000
0.00000
0.00000
0.00000
0.01152
0.08018
0.19416
0.33509
0.48025
0.60625
0.69277
0.72587
0.70022
0.61995
0.49800
0.35402
0.21122
0.00000
0.00000
0.00000
0.00000
0.00000
0.00000
0.00000
0.00000
0.00000
0.00000
0.00000
0.00922
0.06420
0.15546
0.26831
0.38454
0.48542
0.55470
0.58120
0.56066
0.49639
0.39874
0.28346
0.16912
0.00000
0.00000
0.00000
0.00000
0.00000
0.00000
0.00000
0.00000
0.00000
0.00000
0.00000
0.00892
0.06211
0.15041
0.25959
0.37204
0.46964
0.53667
0.56231
0.54244
0.48026
0.38578
0.27425
0.16363
0.00000
0.00000
0.00000
0.00000
0.00000
0.00000
0.00000
0.00000
0.00000
0.00000
0.00000
0.00379
0.02639
0.06390
0.11028
0.15806
0.19952
0.22800
0.23889
0.23045
0.20403
0.16390
0.11651
0.06951
0.00000
0.00000
0.00000
0.00000
0.00000
0.00000
0.00000
0.00000
0.00000
0.00000
0.00000
0.00751
0.05226
0.12656
0.21841
0.31303
0.39515
0.45155
0.47313
0.45641
0.40408
0.32460
0.23075
0.13767
0.00000
0.00000
0.00000
0.00000
0.00000
0.00000
0.00000
0.00000
0.00000
0.00000
0.00000
0.01062
0.07395
0.17907
0.30905
0.44293
0.55913
0.63893
0.66946
0.64580
0.57177
0.45929
0.32650
0.19480
0.00000
0.00000
0.00000
0.00000
0.00000
0.00000
0.00000
0.00000
0.00000
0.00000
0.00000
0.01056
0.07349
0.17797
0.30715
0.44021
0.55570
0.63500
0.66535
0.64183
0.56826
0.45647
0.32450
0.19361
0.00000
0.00000
0.00000
0.00000
0.00000
0.00000
0.00000
0.00000
0.00000
0.00000
0.00000
0.00772
0.05373
0.13012
0.22457
0.32185
0.40629
0.46428
0.48646
0.46927
0.41548
0.33375
0.23726
0.14156
0.00000
0.00000
0.00000
0.00000
0.00000
0.00000
0.00000
0.00000
0.00000
0.00000
0.00000
0.00962
0.06696
0.16215
0.27985
0.40108
0.50630
0.57856
0.60621
0.58478
0.51774
0.41590
0.29565
0.17640
0.00000
0.00000
0.00000
0.00000
0.00000
0.00000
0.00000
0.00000
0.00000
0.00000
0.00000
0.00979
0.06815
0.16504
0.28483
0.40821
0.51531
0.58885
0.61699
0.59519
0.52696
0.42330
0.30092
0.17954
0.00000
0.00000
0.00000
0.00000
0.00000
0.00000
0.00000
0.00000
0.00000
0.00000
0.00000
0.00630
0.04388
0.10627
0.18340
0.26285
0.33181
0.37916
0.39728
0.38324
0.33931
0.27256
0.19376
0.11560
0.00000
0.00000
0.00000
0.00000
0.00000
0.00000
0.00000
0.00000
0.00000
0.00000
0.00000
0.01049
0.07303
0.17685
0.30522
0.43744
0.55220
0.63101
0.66116
0.63779
0.56468
0.45360
0.32246
0.19239
0.00000
0.00000
0.00000
0.00000
0.00000
0.00000
0.00000
0.00000
0.00000
0.00000
0.00000
0.00912
0.06347
0.15370
0.26526
0.38017
0.47990
0.54839
0.57460
0.55429
0.49075
0.39421
0.28024
0.16720
0.00000
0.00000
0.00000
0.00000
0.00000
0.00000
0.00000
0.00000
0.00000
0.00000
0.00000
0.00725
0.05047
0.12222
0.21093
0.30231
0.38162
0.43608
0.45692
0.44077
0.39024
0.31348
0.22285
0.13296
0.00000
0.00000
0.00000
0.00000
0.00000
0.00000
0.00000
0.00000
0.00000
0.00000
0.00000
0.01074
0.07479
0.18111
0.31257
0.44798
0.56551
0.64621
0.67709
0.65316
0.57829
0.46453
0.33023
0.19703
0.00000
0.00000
0.00000
0.00000
0.00000
0.00000
0.00000
0.00000
0.00000
0.00000
0.00000
0.00564
0.03929
0.09515
0.16421
0.23535
0.29709
0.33949
0.35571
0.34314
0.30380
0.24404
0.17348
0.10351
0.00000
0.00000
0.00000
0.00000
0.00000
0.00000
0.00000
0.00000
0.00000
0.00000
0.00000
0.01265
0.08805
0.21322
0.36799
0.52740
0.66577
0.76078
0.79714
0.76897
0.68082
0.54689
0.38877
0.23196
0.00000
0.00000
0.00000
0.00000
0.00000
0.00000
0.00000
0.00000
0.00000
0.00000
0.00000
0.01062
0.07395
0.17908
0.30906
0.44295
0.55916
0.63896
0.66949
0.64583
0.57179
0.45931
0.32652
0.19481
0.00000
0.00000
0.00000
0.00000
0.00000
0.00000
0.00000
0.00000
0.00000
0.00000
0.00000
0.00000
0.03787
0.12577
0.23486
0.34727
0.44455
0.51077
0.53508
0.51348
0.44952
0.35368
0.24167
0.13186
0.00000
0.00000
0.00000
0.00000
0.00000
0.00000
0.00000
0.00000
0.00000
0.00000
0.00000
0.00000
0.03248
0.10787
0.20143
0.29784
0.38127
0.43807
0.45891
0.44039
0.38553
0.30333
0.20727
0.11309
0.00000
0.00000
0.00000
0.00000
0.00000
0.00000
0.00000
0.00000
0.00000
0.00000
0.00000
0.00000
0.04160
0.13814
0.25797
0.38143
0.48828
0.56102
0.58771
0.56399
0.49373
0.38847
0.26544
0.14483
0.00000
0.00000
0.00000
0.00000
0.00000
0.00000
0.00000
0.00000
0.00000
0.00000
0.00000
0.00000
0.03051
0.10133
0.18921
0.27977
0.35815
0.41150
0.43108
0.41367
0.36214
0.28493
0.19470
0.10623
0.00000
0.00000
0.00000
0.00000
0.00000
0.00000
0.00000
0.00000
0.00000
0.00000
0.00000
0.00000
0.03192
0.10600
0.19794
0.29267
0.37466
0.43047
0.45095
0.43275
0.37884
0.29807
0.20367
0.11113
0.00000
0.00000
0.00000
0.00000
0.00000
0.00000
0.00000
0.00000
0.00000
0.00000
0.00000
0.00000
0.03353
0.11136
0.20794
0.30746
0.39360
0.45223
0.47374
0.45462
0.39799
0.31314
0.21397
0.11674
0.00000
0.00000
0.00000
0.00000
0.00000
0.00000
0.00000
0.00000
0.00000
0.00000
0.00000
0.00000
0.03727
0.12376
0.23111
0.34172
0.43745
0.50262
0.52653
0.50528
0.44234
0.34803
0.23781
0.12975
0.00000
0.00000
0.00000
0.00000
0.00000
0.00000
0.00000
0.00000
0.00000
0.00000
0.00000
0.00000
0.05123
0.17013
0.31770
0.46974
0.60134
0.69091
0.72379
0.69457
0.60805
0.47841
0.32690
0.17836
0.00000
0.00000
0.00000
0.00000
0.00000
0.00000
0.00000
0.00000
0.00000
0.00000
0.00000
0.00000
0.00603
0.02004
0.03742
0.05532
0.07082
0.08137
0.08524
0.08180
0.07161
0.05634
0.03850
0.02101
0.00000
0.00000
0.00000
0.00000
0.00000
0.00000
0.00000
0.00000
0.00000
0.00000
0.00000
0.00000
0.05731
0.19032
0.35540
0.52549
0.67271
0.77292
0.80969
0.77701
0.68022
0.53519
0.36570
0.19953
0.00000
0.00000
0.00000
0.00000
0.00000
0.00000
0.00000
0.00000
0.00000
0.00000
0.00000
0.00000
0.04277
0.14204
0.26525
0.39219
0.50206
0.57685
0.60430
0.57991
0.50767
0.39943
0.27294
0.14892
0.00000
0.00000
0.00000
0.00000
0.00000
0.00000
0.00000
0.00000
0.00000
0.00000
0.00000
0.00000
0.05390
0.17900
0.33426
0.49422
0.63268
0.72693
0.76151
0.73077
0.63974
0.50335
0.34394
0.18766
0.00000
0.00000
0.00000
0.00000
0.00000
0.00000
0.00000
0.00000
0.00000
0.00000
0.00000
0.00000
0.03504
0.11637
0.21731
0.32131
0.41133
0.47260
0.49509
0.47510
0.41592
0.32725
0.22361
0.12200
0.00000
0.00000
0.00000
0.00000
0.00000
0.00000
0.00000
0.00000
0.00000
0.00000
0.00000
0.00000
0.05637
0.18721
0.34959
0.51689
0.66170
0.76026
0.79644
0.76429
0.66908
0.52643
0.35972
0.19627
0.00000
0.00000
0.00000
0.00000
0.00000
0.00000
0.00000
0.00000
0.00000
0.00000
0.00000
0.00000
0.03019
0.10027
0.18724
0.27685
0.35441
0.40720
0.42658
0.40936
0.35837
0.28196
0.19267
0.10512
0.00000
0.00000
0.00000
0.00000
0.00000
0.00000
0.00000
0.00000
0.00000
0.00000
0.00000
0.00000
0.04879
0.16202
0.30255
0.44734
0.57266
0.65797
0.68927
0.66145
0.57905
0.45560
0.31131
0.16986
0.00000
0.00000
0.00000
0.00000
0.00000
0.00000
0.00000
0.00000
0.00000
0.00000
0.00000
0.00000
0.04935
0.16390
0.30606
0.45254
0.57931
0.66561
0.69728
0.66913
0.58578
0.46089
0.31493
0.17183
0.00000
0.00000
0.00000
0.00000
0.00000
0.00000
0.00000
0.00000
0.00000
0.00000
0.00000
0.00000
0.04124
0.13696
0.25576
0.37816
0.48410
0.55622
0.58268
0.55916
0.48951
0.38514
0.26317
0.14359
0.00000
0.00000
0.00000
0.00000
0.00000
0.00000
0.00000
0.00000
0.00000
0.00000
0.00000
0.00000
0.03291
0.10930
0.20410
0.30178
0.38632
0.44387
0.46499
0.44621
0.39063
0.30735
0.21001
0.11459
0.00000
0.00000
0.00000
0.00000
0.00000
0.00000
0.00000
0.00000
0.00000
0.00000
0.00000
0.00000
0.03408
0.11317
0.21133
0.31247
0.40001
0.45960
0.48147
0.46203
0.40448
0.31824
0.21746
0.11865
0.00000
0.00000
0.00000
0.00000
0.00000
0.00000
0.00000
0.00000
0.00000
0.00000
0.00000
0.00000
0.02893
0.09608
0.17942
0.26528
0.33960
0.39019
0.40875
0.39225
0.34339
0.27018
0.18462
0.10073
0.00000
0.00000
0.00000
0.00000
0.00000
0.00000
0.00000
0.00000
0.00000
0.00000
0.00000
0.00000
0.03973
0.13194
0.24639
0.36431
0.46637
0.53584
0.56134
0.53868
0.47158
0.37103
0.25353
0.13833
0.00000
0.00000
0.00000
0.00000
0.00000
0.00000
0.00000
0.00000
0.00000
0.00000
0.00000
0.00000
0.03719
0.12350
0.23062
0.34099
0.43652
0.50154
0.52541
0.50420
0.44139
0.34728
0.23730
0.12948
0.00000
0.00000
0.00000
0.00000
0.00000
0.00000
0.00000
0.00000
0.00000
0.00000
0.00000
0.00000
0.00542
0.01799
0.03360
0.04967
0.06359
0.07306
0.07654
0.07345
0.06430
0.05059
0.03457
0.01886
0.00000
0.00000
0.00000
0.00000
0.00000
0.00000
0.00000
0.00000
0.00000
0.00000
0.00000
0.00000
0.00820
0.02723
0.05085
0.07518
0.09624
0.11058
0.11584
0.11116
0.09732
0.07657
0.05232
0.02855
0.00000
0.00000
0.00000
0.00000
0.00000
0.00000
0.00000
0.00000
0.00000
0.00000
0.00000
0.00000
0.02662
0.08839
0.16507
0.24406
0.31244
0.35898
0.37606
0.36088
0.31592
0.24857
0.16985
0.09267
0.00000
0.00000
0.00000
0.00000
0.00000
0.00000
0.00000
0.00000
0.00000
0.00000
0.00000
0.00000
0.03709
0.12317
0.23000
0.34007
0.43534
0.50019
0.52399
0.50284
0.44020
0.34635
0.23666
0.12913
0.00000
0.00000
0.00000
0.00000
0.00000
0.00000
0.00000
0.00000
0.00000
0.00000
0.00000
0.00000
0.04330
0.14378
0.26849
0.39699
0.50820
0.58391
0.61169
0.58700
0.51388
0.40432
0.27627
0.15074
0.00000
0.00000
0.00000
0.00000
0.00000
0.00000
0.00000
0.00000
0.00000
0.00000
0.00000
0.00000
0.04612
0.15316
0.28600
0.42288
0.54135
0.62199
0.65159
0.62528
0.54739
0.43069
0.29429
0.16057
0.00000
0.00000
0.00000
0.00000
0.00000
0.00000
0.00000
0.00000
0.00000
0.00000
0.00000
0.00000
0.04950
0.16439
0.30697
0.45388
0.58104
0.66759
0.69936
0.67113
0.58753
0.46226
0.31587
0.17234
0.00000
0.00000
0.00000
0.00000
0.00000
0.00000
0.00000
0.00000
0.00000
0.00000
0.00000
0.00000
0.03683
0.13555
0.26272
0.39696
0.51566
0.59886
0.63256
0.61108
0.53804
0.42573
0.29305
0.16232
0.00000
0.00000
0.00000
0.00000
0.00000
0.00000
0.00000
0.00000
0.00000
0.00000
0.00000
0.00000
0.02815
0.10359
0.20079
0.30338
0.39410
0.45768
0.48343
0.46702
0.41119
0.32536
0.22396
0.12405
0.00000
0.00000
0.00000
0.00000
0.00000
0.00000
0.00000
0.00000
0.00000
0.00000
0.00000
0.00000
0.02205
0.08115
0.15729
0.23765
0.30871
0.35852
0.37870
0.36584
0.32211
0.25487
0.17544
0.09718
0.00000
0.00000
0.00000
0.00000
0.00000
0.00000
0.00000
0.00000
0.00000
0.00000
0.00000
0.00000
0.02685
0.09883
0.19156
0.28943
0.37597
0.43664
0.46120
0.44554
0.39229
0.31040
0.21366
0.11835
0.00000
0.00000
0.00000
0.00000
0.00000
0.00000
0.00000
0.00000
0.00000
0.00000
0.00000
0.00000
0.04079
0.15014
0.29101
0.43969
0.57117
0.66333
0.70065
0.67686
0.59595
0.47155
0.32459
0.17979
0.00000
0.00000
0.00000
0.00000
0.00000
0.00000
0.00000
0.00000
0.00000
0.00000
0.00000
0.00000
0.03700
0.13618
0.26395
0.39881
0.51807
0.60166
0.63551
0.61393
0.54055
0.42771
0.29441
0.16308
0.00000
0.00000
0.00000
0.00000
0.00000
0.00000
0.00000
0.00000
0.00000
0.00000
0.00000
0.00000
0.03172
0.11675
0.22629
0.34191
0.44415
0.51581
0.54483
0.52633
0.46342
0.36668
0.25240
0.13981
0.00000
0.00000
0.00000
0.00000
0.00000
0.00000
0.00000
0.00000
0.00000
0.00000
0.00000
0.00000
0.03213
0.11824
0.22918
0.34627
0.44981
0.52239
0.55178
0.53304
0.46933
0.37136
0.25563
0.14159
0.00000
0.00000
0.00000
0.00000
0.00000
0.00000
0.00000
0.00000
0.00000
0.00000
0.00000
0.00000
0.03088
0.11366
0.22029
0.33284
0.43237
0.50214
0.53039
0.51238
0.45113
0.35696
0.24571
0.13610
0.00000
0.00000
0.00000
0.00000
0.00000
0.00000
0.00000
0.00000
0.00000
0.00000
0.00000
0.00000
0.02003
0.07371
0.14287
0.21587
0.28042
0.32566
0.34398
0.33230
0.29258
0.23151
0.15936
0.08827
0.00000
0.00000
0.00000
0.00000
0.00000
0.00000
0.00000
0.00000
0.00000
0.00000
0.00000
0.00000
0.03791
0.13951
0.27041
0.40856
0.53074
0.61637
0.65105
0.62894
0.55377
0.43817
0.30161
0.16707
0.00000
0.00000
0.00000
0.00000
0.00000
0.00000
0.00000
0.00000
0.00000
0.00000
0.00000
0.00000
0.02890
0.10635
0.20613
0.31144
0.40457
0.46985
0.49629
0.47943
0.42213
0.33401
0.22992
0.12735
0.00000
0.00000
0.00000
0.00000
0.00000
0.00000
0.00000
0.00000
0.00000
0.00000
0.00000
0.00000
0.02867
0.10552
0.20452
0.30901
0.40141
0.46618
0.49241
0.47569
0.41883
0.33141
0.22812
0.12636
0.00000
0.00000
0.00000
0.00000
0.00000
0.00000
0.00000
0.00000
0.00000
0.00000
0.00000
0.00000
0.03950
0.14538
0.28179
0.42576
0.55308
0.64232
0.67845
0.65542
0.57708
0.45662
0.31431
0.17410
0.00000
0.00000
0.00000
0.00000
0.00000
0.00000
0.00000
0.00000
0.00000
0.00000
0.00000
0.00000
0.04388
0.16150
0.31302
0.47295
0.61438
0.71350
0.75365
0.72805
0.64103
0.50722
0.34914
0.19339
0.00000
0.00000
0.00000
0.00000
0.00000
0.00000
0.00000
0.00000
0.00000
0.00000
0.00000
0.00000
0.04079
0.15013
0.29099
0.43966
0.57114
0.66329
0.70061
0.67682
0.59592
0.47153
0.32457
0.17978
0.00000
0.00000
0.00000
0.00000
0.00000
0.00000
0.00000
0.00000
0.00000
0.00000
0.00000
0.00000
0.03249
0.11957
0.23176
0.35018
0.45489
0.52828
0.55801
0.53906
0.47463
0.37555
0.25851
0.14319
0.00000
0.00000
0.00000
0.00000
0.00000
0.00000
0.00000
0.00000
0.00000
0.00000
0.00000
0.00000
0.02944
0.10837
0.21004
0.31735
0.41225
0.47876
0.50570
0.48853
0.43014
0.34035
0.23428
0.12977
0.00000
0.00000
0.00000
0.00000
0.00000
0.00000
0.00000
0.00000
0.00000
0.00000
0.00000
0.00000
0.02358
0.08677
0.16817
0.25410
0.33008
0.38334
0.40491
0.39116
0.34440
0.27251
0.18758
0.10390
0.00000
0.00000
0.00000
0.00000
0.00000
0.00000
0.00000
0.00000
0.00000
0.00000
0.00000
0.00000
0.03849
0.14166
0.27458
0.41487
0.53893
0.62588
0.66109
0.63864
0.56231
0.44493
0.30627
0.16964
0.00000
0.00000
0.00000
0.00000
0.00000
0.00000
0.00000
0.00000
0.00000
0.00000
0.00000
0.00000
0.03417
0.12576
0.24376
0.36830
0.47844
0.55563
0.58689
0.56697
0.49920
0.39500
0.27189
0.15060
0.00000
0.00000
0.00000
0.00000
0.00000
0.00000
0.00000
0.00000
0.00000
0.00000
0.00000
0.00000
0.01280
0.04711
0.09131
0.13796
0.17922
0.20814
0.21985
0.21238
0.18700
0.14796
0.10185
0.05642
0.00000
0.00000
0.00000
0.00000
0.00000
0.00000
0.00000
0.00000
0.00000
0.00000
0.00000
0.00000
0.03805
0.14002
0.27140
0.41007
0.53269
0.61864
0.65344
0.63125
0.55580
0.43978
0.30272
0.16768
0.00000
0.00000
0.00000
0.00000
0.00000
0.00000
0.00000
0.00000
0.00000
0.00000
0.00000
0.00000
0.03564
0.13116
0.25423
0.38412
0.49898
0.57949
0.61210
0.59131
0.52064
0.41196
0.28357
0.15707
0.00000
0.00000
0.00000
0.00000
0.00000
0.00000
0.00000
0.00000
0.00000
0.00000
0.00000
0.00000
0.02639
0.09714
0.18827
0.28447
0.36953
0.42915
0.45330
0.43791
0.38557
0.30508
0.21000
0.11632
0.00000
0.00000
0.00000
0.00000
0.00000
0.00000
0.00000
0.00000
0.00000
0.00000
0.00000
0.00000
0.03602
0.13257
0.25696
0.38825
0.50435
0.58572
0.61868
0.59767
0.52623
0.41639
0.28662
0.15876
0.00000
0.00000
0.00000
0.00000
0.00000
0.00000
0.00000
0.00000
0.00000
0.00000
0.00000
0.00000
0.03665
0.13489
0.26146
0.39504
0.51317
0.59597
0.62950
0.60813
0.53544
0.42367
0.29163
0.16154
0.00000
0.00000
0.00000
0.00000
0.00000
0.00000
0.00000
0.00000
0.00000
0.00000
0.00000
0.00000
0.01931
0.07107
0.13775
0.20813
0.27037
0.31399
0.33166
0.32040
0.28210
0.22321
0.15365
0.08511
0.00000
0.00000
0.00000
0.00000
0.00000
0.00000
0.00000
0.00000
0.00000
0.00000
0.00000
0.00000
0.04128
0.15191
0.29444
0.44488
0.57792
0.67116
0.70893
0.68485
0.60299
0.47713
0.32843
0.18192
0.00000
0.00000
0.00000
0.00000
0.00000
0.00000
0.00000
0.00000
0.00000
0.00000
0.00000
0.00000
0.04580
0.16855
0.32669
0.49360
0.64121
0.74466
0.78656
0.75985
0.66903
0.52938
0.36439
0.20184
0.00000
0.00000
0.00000
0.00000
0.00000
0.00000
0.00000
0.00000
0.00000
0.00000
0.00000
0.00000
0.04001
0.14723
0.28537
0.43118
0.56012
0.65049
0.68709
0.66376
0.58442
0.46243
0.31831
0.17632
0.00000
0.00000
0.00000
0.00000
0.00000
