0.00000
0.00000
0.00000
0.00000
0.00000
0.00000
0.00000
0.04210
0.14585
0.29203
0.45491
0.60585
0.71828
0.77242
0.75876
0.67969
0.54913
0.39004
0.23041
0.00000
0.00000
0.00000
0.00000
0.00000
0.00000
0.00000
0.00000
0.00000
0.00000
0.00000
0.00000
0.03441
0.11923
0.23873
0.37189
0.49527
0.58718
0.63145
0.62028
0.55564
0.44890
0.31885
0.18836
0.00000
0.00000
0.00000
0.00000
0.00000
0.00000
0.00000
0.00000
0.00000
0.00000
0.00000
0.00000
0.04197
0.14541
0.29114
0.45353
0.60401
0.71610
0.77008
0.75646
0.67763
0.54746
0.38885
0.22971
0.00000
0.00000
0.00000
0.00000
0.00000
0.00000
0.00000
0.00000
0.00000
0.00000
0.00000
0.00000
0.04202
0.14558
0.29149
0.45408
0.60473
0.71696
0.77101
0.75737
0.67844
0.54812
0.38932
0.22999
0.00000
0.00000
0.00000
0.00000
0.00000
0.00000
0.00000
0.00000
0.00000
0.00000
0.00000
0.00000
0.04533
0.15707
0.31449
0.48991
0.65245
0.77353
0.83185
0.81713
0.73198
0.59137
0.42004
0.24814
0.00000
0.00000
0.00000
0.00000
0.00000
0.00000
0.00000
0.00000
0.00000
0.00000
0.00000
0.00000
0.04362
0.15114
0.30262
0.47142
0.62782
0.74433
0.80044
0.78628
0.70435
0.56905
0.40418
0.23877
0.00000
0.00000
0.00000
0.00000
0.00000
0.00000
0.00000
0.00000
0.00000
0.00000
0.00000
0.00000
0.04759
0.16490
0.33018
0.51434
0.68499
0.81211
0.87333
0.85788
0.76848
0.62086
0.44099
0.26051
0.00000
0.00000
0.00000
0.00000
0.00000
0.00000
0.00000
0.00000
0.00000
0.00000
0.00000
0.00000
0.03658
0.12674
0.25376
0.39529
0.52644
0.62414
0.67119
0.65932
0.59061
0.47716
0.33892
0.20021
0.00000
0.00000
0.00000
0.00000
0.00000
0.00000
0.00000
0.00000
0.00000
0.00000
0.00000
0.00000
0.03399
0.11777
0.23581
0.36734
0.48921
0.58000
0.62372
0.61269
0.54884
0.44341
0.31495
0.18605
0.00000
0.00000
0.00000
0.00000
0.00000
0.00000
0.00000
0.00000
0.00000
0.00000
0.00000
0.00000
0.03303
0.11444
0.22914
0.35695
0.47539
0.56360
0.60609
0.59537
0.53333
0.43088
0.30605
0.18079
0.00000
0.00000
0.00000
0.00000
0.00000
0.00000
0.00000
0.00000
0.00000
0.00000
0.00000
0.00000
0.04263
0.14770
0.29574
0.46070
0.61355
0.72741
0.78224
0.76841
0.68833
0.55611
0.39500
0.23334
0.00000
0.00000
0.00000
0.00000
0.00000
0.00000
0.00000
0.00000
0.00000
0.00000
0.00000
0.00000
0.04421
0.15317
0.30667
0.47773
0.63623
0.75430
0.81116
0.79681
0.71378
0.57667
0.40960
0.24197
0.00000
0.00000
0.00000
0.00000
0.00000
0.00000
0.00000
0.00000
0.00000
0.00000
0.00000
0.00000
0.03856
0.13359
0.26749
0.41668
0.55493
0.65791
0.70751
0.69499
0.62257
0.50298
0.35726
0.21105
0.00000
0.00000
0.00000
0.00000
0.00000
0.00000
0.00000
0.00000
0.00000
0.00000
0.00000
0.00000
0.03050
0.10566
0.21157
0.32957
0.43892
0.52037
0.55960
0.54970
0.49241
0.39782
0.28257
0.16692
0.00000
0.00000
0.00000
0.00000
0.00000
0.00000
0.00000
0.00000
0.00000
0.00000
0.00000
0.00000
0.04196
0.14538
0.29108
0.45343
0.60388
0.71594
0.76991
0.75629
0.67748
0.54734
0.38877
0.22966
0.00000
0.00000
0.00000
0.00000
0.00000
0.00000
0.00000
0.00000
0.00000
0.00000
0.00000
0.00000
0.03993
0.13835
0.27702
0.43153
0.57471
0.68136
0.73272
0.71976
0.64476
0.52090
0.36999
0.21857
0.00000
0.00000
0.00000
0.00000
0.00000
0.00000
0.00000
0.00000
0.00000
0.00000
0.00000
0.00000
0.03896
0.13499
0.27028
0.42103
0.56073
0.66478
0.71490
0.70225
0.62907
0.50823
0.36099
0.21325
0.00000
0.00000
0.00000
0.00000
0.00000
0.00000
0.00000
0.00000
0.00000
0.00000
0.00000
0.00000
0.04245
0.14708
0.29449
0.45875
0.61095
0.72433
0.77894
0.76516
0.68542
0.55376
0.39332
0.23235
0.00000
0.00000
0.00000
0.00000
0.00000
0.00000
0.00000
0.00000
0.00000
0.00000
0.00000
0.00000
0.02810
0.09736
0.19495
0.30368
0.40444
0.47949
0.51564
0.50651
0.45373
0.36657
0.26037
0.15381
0.00000
0.00000
0.00000
0.00000
0.00000
0.00000
0.00000
0.00000
0.00000
0.00000
0.00000
0.00000
0.03402
0.11789
0.23604
0.36769
0.48968
0.58055
0.62432
0.61328
0.54937
0.44384
0.31525
0.18623
0.00000
0.00000
0.00000
0.00000
0.00000
0.00000
0.00000
0.00000
0.00000
0.00000
0.00000
0.00000
0.03063
0.10611
0.21246
0.33097
0.44078
0.52258
0.56197
0.55203
0.49450
0.39951
0.28377
0.16763
0.00000
0.00000
0.00000
0.00000
0.00000
0.00000
0.00000
0.00000
0.00000
0.00000
0.00000
0.00000
0.03958
0.13712
0.27455
0.42769
0.56959
0.67529
0.72619
0.71335
0.63901
0.51626
0.36669
0.21662
0.00000
0.00000
0.00000
0.00000
0.00000
0.00000
0.00000
0.00000
0.00000
0.00000
0.00000
0.00000
0.03575
0.12387
0.24802
0.38635
0.51454
0.61002
0.65601
0.64440
0.57725
0.46636
0.33125
0.19568
0.00000
0.00000
0.00000
0.00000
0.00000
0.00000
0.00000
0.00000
0.00000
0.00000
0.00000
0.00000
0.04289
0.14860
0.29753
0.46348
0.61726
0.73180
0.78697
0.77305
0.69249
0.55947
0.39738
0.23475
0.00000
0.00000
0.00000
0.00000
0.00000
0.00000
0.00000
0.00000
0.00000
0.00000
0.00000
0.00000
0.04821
0.16702
0.33442
0.52095
0.69380
0.82255
0.88455
0.86891
0.77836
0.62884
0.44666
0.26386
0.00000
0.00000
0.00000
0.00000
0.00000
0.00000
0.00000
0.00000
0.00000
0.00000
0.00000
0.00000
0.04319
0.14965
0.29964
0.46676
0.62163
0.73699
0.79254
0.77853
0.69740
0.56343
0.40020
0.23641
0.00000
0.00000
0.00000
0.00000
0.00000
0.00000
0.00000
0.00000
0.00000
0.00000
0.00000
0.00000
0.04024
0.13942
0.27915
0.43485
0.57913
0.68660
0.73836
0.72530
0.64972
0.52491
0.37284
0.22025
0.00000
0.00000
0.00000
0.00000
0.00000
0.00000
0.00000
0.00000
0.00000
0.00000
0.00000
0.00000
0.04323
0.14979
0.29992
0.46721
0.62222
0.73769
0.79330
0.77927
0.69806
0.56397
0.40058
0.23664
0.00000
0.00000
0.00000
0.00000
0.00000
0.00000
0.00000
0.00000
0.00000
0.00000
0.00000
0.00000
0.04385
0.15192
0.30418
0.47384
0.63105
0.74816
0.80456
0.79032
0.70797
0.57197
0.40626
0.24000
0.00000
0.00000
0.00000
0.00000
0.00000
0.00000
0.00000
0.00000
0.00000
0.00000
0.00000
0.00000
0.02290
0.07934
0.15887
0.24748
0.32959
0.39075
0.42021
0.41278
0.36976
0.29873
0.21218
0.12535
0.00000
0.00000
0.00000
0.00000
0.00000
0.00000
0.00000
0.00000
0.00000
0.00000
0.00000
0.00000
0.03476
0.12045
0.24117
0.37569
0.50034
0.59319
0.63791
0.62662
0.56133
0.45350
0.32211
0.19029
0.00000
0.00000
0.00000
0.00000
0.00000
0.00000
0.00000
0.00000
0.00000
0.00000
0.00000
0.00000
0.00774
0.15658
0.33132
0.50824
0.66331
0.77547
0.82949
0.81804
0.74267
0.61362
0.44840
0.26947
0.10111
0.00000
0.00000
0.00000
0.00000
0.00000
0.00000
0.00000
0.00000
0.00000
0.00000
0.00000
0.00691
0.13970
0.29559
0.45344
0.59178
0.69185
0.74005
0.72983
0.66259
0.54745
0.40005
0.24041
0.09020
0.00000
0.00000
0.00000
0.00000
0.00000
0.00000
0.00000
0.00000
0.00000
0.00000
0.00000
0.00658
0.13297
0.28136
0.43160
0.56329
0.65854
0.70442
0.69469
0.63069
0.52109
0.38079
0.22883
0.08586
0.00000
0.00000
0.00000
0.00000
0.00000
0.00000
0.00000
0.00000
0.00000
0.00000
0.00000
0.00789
0.15943
0.33735
0.51749
0.67538
0.78959
0.84459
0.83294
0.75619
0.62479
0.45657
0.27437
0.10295
0.00000
0.00000
0.00000
0.00000
0.00000
0.00000
0.00000
0.00000
0.00000
0.00000
0.00000
0.00700
0.14160
0.29962
0.45961
0.59984
0.70127
0.75012
0.73977
0.67161
0.55490
0.40550
0.24368
0.09143
0.00000
0.00000
0.00000
0.00000
0.00000
0.00000
0.00000
0.00000
0.00000
0.00000
0.00000
0.00557
0.11262
0.23830
0.36554
0.47707
0.55774
0.59660
0.58836
0.53415
0.44133
0.32250
0.19381
0.07272
0.00000
0.00000
0.00000
0.00000
0.00000
0.00000
0.00000
0.00000
0.00000
0.00000
0.00000
0.00783
0.15830
0.33495
0.51381
0.67058
0.78397
0.83859
0.82701
0.75082
0.62035
0.45332
0.27242
0.10221
0.00000
0.00000
0.00000
0.00000
0.00000
0.00000
0.00000
0.00000
0.00000
0.00000
0.00000
0.00717
0.14504
0.30690
0.47078
0.61442
0.71831
0.76836
0.75775
0.68793
0.56839
0.41535
0.24961
0.09365
0.00000
0.00000
0.00000
0.00000
0.00000
0.00000
0.00000
0.00000
0.00000
0.00000
0.00000
0.00734
0.14834
0.31388
0.48149
0.62840
0.73466
0.78584
0.77499
0.70359
0.58132
0.42481
0.25529
0.09578
0.00000
0.00000
0.00000
0.00000
0.00000
0.00000
0.00000
0.00000
0.00000
0.00000
0.00000
0.00766
0.15482
0.32760
0.50252
0.65585
0.76675
0.82017
0.80884
0.73432
0.60672
0.44336
0.26644
0.09997
0.00000
0.00000
0.00000
0.00000
0.00000
0.00000
0.00000
0.00000
0.00000
0.00000
0.00000
0.00786
0.15885
0.33613
0.51561
0.67293
0.78672
0.84152
0.82991
0.75344
0.62252
0.45491
0.27337
0.10257
0.00000
0.00000
0.00000
0.00000
0.00000
0.00000
0.00000
0.00000
0.00000
0.00000
0.00000
0.00716
0.14475
0.30629
0.46984
0.61320
0.71688
0.76683
0.75624
0.68657
0.56726
0.41453
0.24911
0.09347
0.00000
0.00000
0.00000
0.00000
0.00000
0.00000
0.00000
0.00000
0.00000
0.00000
0.00000
0.00673
0.13601
0.28779
0.44146
0.57616
0.67358
0.72051
0.71056
0.64510
0.53300
0.38949
0.23406
0.08782
0.00000
0.00000
0.00000
0.00000
0.00000
0.00000
0.00000
0.00000
0.00000
0.00000
0.00000
0.00748
0.15115
0.31983
0.49061
0.64030
0.74857
0.80072
0.78967
0.71691
0.59233
0.43285
0.26012
0.09760
0.00000
0.00000
0.00000
0.00000
0.00000
0.00000
0.00000
0.00000
0.00000
0.00000
0.00000
0.00808
0.16335
0.34564
0.53020
0.69197
0.80898
0.86534
0.85339
0.77477
0.64013
0.46778
0.28111
0.10547
0.00000
0.00000
0.00000
0.00000
0.00000
0.00000
0.00000
0.00000
0.00000
0.00000
0.00000
0.00695
0.14042
0.29712
0.45578
0.59484
0.69543
0.74388
0.73361
0.66602
0.55028
0.40212
0.24165
0.09067
0.00000
0.00000
0.00000
0.00000
0.00000
0.00000
0.00000
0.00000
0.00000
0.00000
0.00000
0.00670
0.13542
0.28654
0.43955
0.57366
0.67066
0.71738
0.70748
0.64229
0.53068
0.38780
0.23305
0.08744
0.00000
0.00000
0.00000
0.00000
0.00000
0.00000
0.00000
0.00000
0.00000
0.00000
0.00000
0.00720
0.14566
0.30821
0.47279
0.61704
0.72137
0.77163
0.76098
0.69087
0.57081
0.41712
0.25067
0.09405
0.00000
0.00000
0.00000
0.00000
0.00000
0.00000
0.00000
0.00000
0.00000
0.00000
0.00000
0.00791
0.16001
0.33858
0.51937
0.67784
0.79246
0.84766
0.83596
0.75894
0.62706
0.45823
0.27537
0.10332
0.00000
0.00000
0.00000
0.00000
0.00000
0.00000
0.00000
0.00000
0.00000
0.00000
0.00000
0.00700
0.14155
0.29952
0.45946
0.59964
0.70104
0.74988
0.73953
0.67139
0.55472
0.40537
0.24360
0.09140
0.00000
0.00000
0.00000
0.00000
0.00000
0.00000
0.00000
0.00000
0.00000
0.00000
0.00000
0.00463
0.09363
0.19811
0.30390
0.39662
0.46369
0.49599
0.48915
0.44408
0.36691
0.26812
0.16113
0.06046
0.00000
0.00000
0.00000
0.00000
0.00000
0.00000
0.00000
0.00000
0.00000
0.00000
0.00000
0.00742
0.15003
0.31746
0.48698
0.63556
0.74303
0.79479
0.78382
0.71160
0.58795
0.42965
0.25819
0.09688
0.00000
0.00000
0.00000
0.00000
0.00000
0.00000
0.00000
0.00000
0.00000
0.00000
0.00000
0.00830
0.16787
0.35522
0.54489
0.71114
0.83140
0.88932
0.87704
0.79623
0.65787
0.48074
0.28890
0.10840
0.00000
0.00000
0.00000
0.00000
0.00000
0.00000
0.00000
0.00000
0.00000
0.00000
0.00000
0.00866
0.17507
0.37045
0.56826
0.74164
0.86705
0.92745
0.91465
0.83038
0.68608
0.50136
0.30129
0.11305
0.00000
0.00000
0.00000
0.00000
0.00000
0.00000
0.00000
0.00000
0.00000
0.00000
0.00000
0.00773
0.15629
0.33071
0.50730
0.66208
0.77404
0.82796
0.81653
0.74130
0.61249
0.44758
0.26897
0.10092
0.00000
0.00000
0.00000
0.00000
0.00000
0.00000
0.00000
0.00000
0.00000
0.00000
0.00000
0.00701
0.14169
0.29981
0.45990
0.60022
0.70171
0.75060
0.74023
0.67203
0.55525
0.40575
0.24384
0.09149
0.00000
0.00000
0.00000
0.00000
0.00000
0.00000
0.00000
0.00000
0.00000
0.00000
0.00000
0.00792
0.16008
0.33874
0.51961
0.67815
0.79283
0.84806
0.83635
0.75929
0.62735
0.45844
0.27550
0.10337
0.00000
0.00000
0.00000
0.00000
0.00000
0.00000
0.00000
0.00000
0.00000
0.00000
0.00000
0.00593
0.11988
0.25366
0.38911
0.50784
0.59371
0.63507
0.62631
0.56860
0.46979
0.34330
0.20631
0.07741
0.00000
0.00000
0.00000
0.00000
0.00000
0.00000
0.00000
0.00000
0.00000
0.00000
0.00539
0.05157
0.15788
0.30575
0.46936
0.62013
0.73173
0.78465
0.76967
0.68939
0.55784
0.39800
0.23778
0.10516
0.00000
0.00000
0.00000
0.00000
0.00000
0.00000
0.00000
0.00000
0.00000
0.00000
0.00575
0.05504
0.16851
0.32634
0.50097
0.66189
0.78101
0.83750
0.82151
0.73582
0.59541
0.42480
0.25379
0.11225
0.00000
0.00000
0.00000
0.00000
0.00000
0.00000
0.00000
0.00000
0.00000
0.00000
0.00572
0.05473
0.16757
0.32452
0.49817
0.65820
0.77664
0.83282
0.81691
0.73171
0.59208
0.42243
0.25237
0.11162
0.00000
0.00000
0.00000
0.00000
0.00000
0.00000
0.00000
0.00000
0.00000
0.00000
0.00464
0.04434
0.13574
0.26288
0.40356
0.53319
0.62914
0.67465
0.66176
0.59274
0.47963
0.34220
0.20444
0.09042
0.00000
0.00000
0.00000
0.00000
0.00000
0.00000
0.00000
0.00000
0.00000
0.00000
0.00491
0.04697
0.14379
0.27847
0.42748
0.56480
0.66644
0.71465
0.70100
0.62788
0.50807
0.36249
0.21656
0.09578
0.00000
0.00000
0.00000
0.00000
0.00000
0.00000
0.00000
0.00000
0.00000
0.00000
0.00303
0.02898
0.08872
0.17182
0.26376
0.34849
0.41120
0.44094
0.43252
0.38741
0.31348
0.22366
0.13362
0.05910
0.00000
0.00000
0.00000
0.00000
0.00000
0.00000
0.00000
0.00000
0.00000
0.00000
0.00393
0.03761
0.11515
0.22301
0.34235
0.45231
0.53371
0.57232
0.56139
0.50283
0.40688
0.29029
0.17343
0.07671
0.00000
0.00000
0.00000
0.00000
0.00000
0.00000
0.00000
0.00000
0.00000
0.00000
0.00482
0.04608
0.14107
0.27320
0.41939
0.55411
0.65383
0.70112
0.68773
0.61600
0.49846
0.35563
0.21246
0.09397
0.00000
0.00000
0.00000
0.00000
0.00000
0.00000
0.00000
0.00000
0.00000
0.00000
0.00570
0.05450
0.16687
0.32316
0.49609
0.65545
0.77340
0.82934
0.81350
0.72866
0.58961
0.42066
0.25132
0.11115
0.00000
0.00000
0.00000
0.00000
0.00000
0.00000
0.00000
0.00000
0.00000
0.00000
0.00428
0.04094
0.12533
0.24271
0.37259
0.49228
0.58086
0.62288
0.61099
0.54726
0.44283
0.31594
0.18875
0.08348
0.00000
0.00000
0.00000
0.00000
0.00000
0.00000
0.00000
0.00000
0.00000
0.00000
0.00518
0.04954
0.15167
0.29373
0.45091
0.59575
0.70296
0.75380
0.73941
0.66229
0.53591
0.38235
0.22843
0.10103
0.00000
0.00000
0.00000
0.00000
0.00000
0.00000
0.00000
0.00000
0.00000
0.00000
0.00591
0.05654
0.17309
0.33522
0.51459
0.67989
0.80224
0.86027
0.84384
0.75583
0.61160
0.43635
0.26069
0.11530
0.00000
0.00000
0.00000
0.00000
0.00000
0.00000
0.00000
0.00000
0.00000
0.00000
0.00477
0.04567
0.13981
0.27077
0.41566
0.54918
0.64801
0.69488
0.68161
0.61052
0.49402
0.35246
0.21057
0.09313
0.00000
0.00000
0.00000
0.00000
0.00000
0.00000
0.00000
0.00000
0.00000
0.00000
0.00587
0.05619
0.17202
0.33314
0.51140
0.67568
0.79727
0.85494
0.83862
0.75115
0.60781
0.43365
0.25908
0.11458
0.00000
0.00000
0.00000
0.00000
0.00000
0.00000
0.00000
0.00000
0.00000
0.00000
0.00472
0.04513
0.13816
0.26757
0.41074
0.54268
0.64034
0.68666
0.67355
0.60330
0.48818
0.34829
0.20808
0.09203
0.00000
0.00000
0.00000
0.00000
0.00000
0.00000
0.00000
0.00000
0.00000
0.00000
0.00418
0.03996
0.12234
0.23693
0.36372
0.48056
0.56703
0.60805
0.59644
0.53423
0.43229
0.30842
0.18426
0.08149
0.00000
0.00000
0.00000
0.00000
0.00000
0.00000
0.00000
0.00000
0.00000
0.00000
0.00385
0.03678
0.11260
0.21807
0.33477
0.44230
0.52190
0.55965
0.54896
0.49170
0.39788
0.28387
0.16959
0.07501
0.00000
0.00000
0.00000
0.00000
0.00000
0.00000
0.00000
0.00000
0.00000
0.00000
0.00589
0.05633
0.17246
0.33400
0.51272
0.67742
0.79932
0.85714
0.84077
0.75308
0.60938
0.43477
0.25974
0.11488
0.00000
0.00000
0.00000
0.00000
0.00000
0.00000
0.00000
0.00000
0.00000
0.00000
0.00402
0.03848
0.11781
0.22815
0.35023
0.46273
0.54600
0.58550
0.57432
0.51441
0.41625
0.29698
0.17743
0.07847
0.00000
0.00000
0.00000
0.00000
0.00000
0.00000
0.00000
0.00000
0.00000
0.00000
0.00587
0.05612
0.17181
0.33273
0.51078
0.67486
0.79630
0.85390
0.83760
0.75024
0.60708
0.43312
0.25876
0.11445
0.00000
0.00000
0.00000
0.00000
0.00000
0.00000
0.00000
0.00000
0.00000
0.00000
0.00499
0.04778
0.14627
0.28327
0.43485
0.57454
0.67793
0.72697
0.71309
0.63871
0.51683
0.36874
0.22030
0.09743
0.00000
0.00000
0.00000
0.00000
0.00000
0.00000
0.00000
0.00000
0.00000
0.00000
0.00540
0.05162
0.15803
0.30604
0.46981
0.62072
0.73242
0.78540
0.77040
0.69005
0.55837
0.39837
0.23800
0.10526
0.00000
0.00000
0.00000
0.00000
0.00000
0.00000
0.00000
0.00000
0.00000
0.00000
0.00540
0.05169
0.15824
0.30645
0.47043
0.62155
0.73340
0.78645
0.77143
0.69097
0.55912
0.39891
0.23832
0.10540
0.00000
0.00000
0.00000
0.00000
0.00000
0.00000
0.00000
0.00000
0.00000
0.00000
0.00447
0.04279
0.13101
0.25372
0.38948
0.51459
0.60720
0.65112
0.63869
0.57207
0.46291
0.33027
0.19731
0.08727
0.00000
0.00000
0.00000
0.00000
0.00000
0.00000
0.00000
0.00000
0.00000
0.00000
0.00437
0.04176
0.12785
0.24760
0.38010
0.50219
0.59256
0.63542
0.62329
0.55828
0.45175
0.32230
0.19255
0.08516
0.00000
0.00000
0.00000
0.00000
0.00000
0.00000
0.00000
0.00000
0.00000
0.00000
0.00563
0.05387
0.16492
0.31940
0.49031
0.64780
0.76438
0.81967
0.80402
0.72016
0.58274
0.41576
0.24839
0.10986
0.00000
0.00000
0.00000
0.00000
0.00000
0.00000
0.00000
0.00000
0.00000
0.00000
0.00355
0.03399
0.10406
0.20152
0.30936
0.40873
0.48228
0.51717
0.50729
0.45438
0.36768
0.26232
0.15672
0.06931
0.00000
0.00000
0.00000
0.00000
0.00000
0.00000
0.00000
0.00000
0.00000
0.00000
0.00466
0.04453
0.13633
0.26403
0.40531
0.53551
0.63187
0.67758
0.66464
0.59532
0.48172
0.34369
0.20533
0.09081
0.00000
0.00000
0.00000
0.00000
0.00000
0.00000
0.00000
0.00000
0.00000
0.00000
0.00586
0.05605
0.17160
0.33234
0.51017
0.67405
0.79535
0.85288
0.83659
0.74934
0.60635
0.43260
0.25845
0.11431
0.00000
0.00000
0.00000
0.00000
0.00000
0.00000
0.00000
0.00000
0.00000
0.00000
0.00409
0.03917
0.11991
0.23222
0.35648
0.47099
0.55575
0.59595
0.58457
0.52360
0.42369
0.30228
0.18059
0.07987
0.00000
0.00000
0.00000
0.00000
0.00000
0.00000
0.00000
0.00000
0.00000
0.00000
0.00516
0.04937
0.15115
0.29272
0.44936
0.59371
0.70055
0.75122
0.73688
0.66002
0.53407
0.38104
0.22765
0.10068
0.00000
0.00000
0.00000
0.00000
0.00000
0.00000
0.00000
0.00000
0.00000
0.00000
0.00000
0.05028
0.16028
0.30916
0.47189
0.62115
0.73187
0.78545
0.77290
0.69632
0.56858
0.41112
0.25040
0.00000
0.00000
0.00000
0.00000
0.00000
0.00000
0.00000
0.00000
0.00000
0.00000
0.00000
0.00000
0.03704
0.11809
0.22776
0.34765
0.45761
0.53919
0.57866
0.56941
0.51300
0.41888
0.30288
0.18447
0.00000
0.00000
0.00000
0.00000
0.00000
0.00000
0.00000
0.00000
0.00000
0.00000
0.00000
0.00000
0.04450
0.14187
0.27364
0.41768
0.54979
0.64779
0.69522
0.68411
0.61633
0.50326
0.36389
0.22163
0.00000
0.00000
0.00000
0.00000
0.00000
0.00000
0.00000
0.00000
0.00000
0.00000
0.00000
0.00000
0.03721
0.11863
0.22880
0.34924
0.45971
0.54165
0.58131
0.57202
0.51534
0.42080
0.30427
0.18532
0.00000
0.00000
0.00000
0.00000
0.00000
0.00000
0.00000
0.00000
0.00000
0.00000
0.00000
0.00000
0.03235
0.10312
0.19890
0.30359
0.39962
0.47085
0.50533
0.49725
0.44798
0.36580
0.26450
0.16110
0.00000
0.00000
0.00000
0.00000
0.00000
0.00000
0.00000
0.00000
0.00000
0.00000
0.00000
0.00000
0.01941
0.06187
0.11933
0.18215
0.23976
0.28250
0.30318
0.29833
0.26878
0.21947
0.15869
0.09665
0.00000
0.00000
0.00000
0.00000
0.00000
0.00000
0.00000
0.00000
0.00000
0.00000
0.00000
0.00000
0.03884
0.12382
0.23882
0.36452
0.47982
0.56535
0.60674
0.59705
0.53789
0.43921
0.31758
0.19343
0.00000
0.00000
0.00000
0.00000
0.00000
0.00000
0.00000
0.00000
0.00000
0.00000
0.00000
0.00000
0.03829
0.12208
0.23547
0.35941
0.47309
0.55742
0.59823
0.58867
0.53035
0.43305
0.31313
0.19071
0.00000
0.00000
0.00000
0.00000
0.00000
0.00000
0.00000
0.00000
0.00000
0.00000
0.00000
0.00000
0.04695
0.14968
0.28870
0.44067
0.58006
0.68345
0.73349
0.72177
0.65025
0.53096
0.38392
0.23383
0.00000
0.00000
0.00000
0.00000
0.00000
0.00000
0.00000
0.00000
0.00000
0.00000
0.00000
0.00000
0.05382
0.17159
0.33096
0.50516
0.66495
0.78348
0.84084
0.82740
0.74542
0.60867
0.44011
0.26806
0.00000
0.00000
0.00000
0.00000
0.00000
0.00000
0.00000
0.00000
0.00000
0.00000
0.00000
0.00000
0.03893
0.12411
0.23938
0.36538
0.48095
0.56668
0.60817
0.59845
0.53916
0.44024
0.31833
0.19388
0.00000
0.00000
0.00000
0.00000
0.00000
0.00000
0.00000
0.00000
0.00000
0.00000
0.00000
0.00000
0.04509
0.14374
0.27725
0.42319
0.55704
0.65634
0.70439
0.69313
0.62446
0.50990
0.36869
0.22456
0.00000
0.00000
0.00000
0.00000
0.00000
0.00000
0.00000
0.00000
0.00000
0.00000
0.00000
0.00000
0.04079
0.13003
0.25081
0.38283
0.50392
0.59374
0.63722
0.62703
0.56491
0.46127
0.33353
0.20314
0.00000
0.00000
0.00000
0.00000
0.00000
0.00000
0.00000
0.00000
0.00000
0.00000
0.00000
0.00000
0.02666
0.08500
0.16395
0.25025
0.32940
0.38812
0.41654
0.40988
0.36927
0.30152
0.21802
0.13279
0.00000
0.00000
0.00000
0.00000
0.00000
0.00000
0.00000
0.00000
0.00000
0.00000
0.00000
0.00000
0.03725
0.11875
0.22905
0.34962
0.46020
0.54223
0.58193
0.57263
0.51589
0.42125
0.30459
0.18552
0.00000
0.00000
0.00000
0.00000
0.00000
0.00000
0.00000
0.00000
0.00000
0.00000
0.00000
0.00000
0.04525
0.14426
0.27824
0.42470
0.55903
0.65868
0.70691
0.69561
0.62669
0.51172
0.37001
0.22536
0.00000
0.00000
0.00000
0.00000
0.00000
0.00000
0.00000
0.00000
0.00000
0.00000
0.00000
0.00000
0.03810
0.12148
0.23431
0.35764
0.47076
0.55467
0.59528
0.58577
0.52773
0.43092
0.31158
0.18977
0.00000
0.00000
0.00000
0.00000
0.00000
0.00000
0.00000
0.00000
0.00000
0.00000
0.00000
0.00000
0.04249
0.13546
0.26128
0.39881
0.52496
0.61853
0.66382
0.65321
0.58849
0.48053
0.34745
0.21162
0.00000
0.00000
0.00000
0.00000
0.00000
0.00000
0.00000
0.00000
0.00000
0.00000
0.00000
0.00000
0.04559
0.14535
0.28034
0.42791
0.56326
0.66366
0.71225
0.70087
0.63143
0.51559
0.37280
0.22706
0.00000
0.00000
0.00000
0.00000
0.00000
0.00000
0.00000
0.00000
0.00000
0.00000
0.00000
0.00000
0.03129
0.09975
0.19241
0.29368
0.38658
0.45548
0.48883
0.48102
0.43336
0.35386
0.25586
0.15584
0.00000
0.00000
0.00000
0.00000
0.00000
0.00000
0.00000
0.00000
0.00000
0.00000
0.00000
0.00000
0.04006
0.12771
0.24632
0.37597
0.49489
0.58311
0.62580
0.61580
0.55479
0.45301
0.32756
0.19950
0.00000
0.00000
0.00000
0.00000
0.00000
0.00000
0.00000
0.00000
0.00000
0.00000
0.00000
0.00000
0.03892
0.12407
0.23931
0.36527
0.48081
0.56651
0.60799
0.59827
0.53899
0.44011
0.31823
0.19382
0.00000
0.00000
0.00000
0.00000
0.00000
0.00000
0.00000
0.00000
0.00000
0.00000
0.00000
0.00000
0.04449
0.14185
0.27359
0.41760
0.54969
0.64768
0.69510
0.68399
0.61622
0.50317
0.36383
0.22159
0.00000
0.00000
0.00000
0.00000
0.00000
0.00000
0.00000
0.00000
0.00000
0.00000
0.00000
0.00000
0.03829
0.12208
0.23547
0.35942
0.47310
0.55743
0.59825
0.58869
0.53036
0.43306
0.31313
0.19072
0.00000
0.00000
0.00000
0.00000
0.00000
0.00000
0.00000
0.00000
0.00000
0.00000
0.00000
0.00000
0.01881
0.05996
0.11565
0.17652
0.23235
0.27377
0.29382
0.28912
0.26047
0.21269
0.15379
0.09367
0.00000
0.00000
0.00000
0.00000
0.00000
0.00000
0.00000
0.00000
0.00000
0.00000
0.00000
0.00000
0.03827
0.12201
0.23534
0.35921
0.47283
0.55711
0.59790
0.58835
0.53005
0.43281
0.31295
0.19061
0.00000
0.00000
0.00000
0.00000
0.00000
0.00000
0.00000
0.00000
0.00000
0.00000
0.00000
0.00000
0.02321
0.07401
0.14274
0.21788
0.28679
0.33791
0.36265
0.35686
0.32150
0.26252
0.18982
0.11561
0.00000
0.00000
0.00000
0.00000
0.00000
0.00000
0.00000
0.00000
0.00000
0.00000
0.00000
0.00000
0.06380
0.20342
0.39235
0.59887
0.78830
0.92881
0.99681
0.98088
0.88370
0.72158
0.52175
0.31778
0.00000
0.00000
0.00000
0.00000
0.00000
0.00000
0.00000
0.00000
0.00000
0.00000
0.00000
0.00000
0.04777
0.15230
0.29377
0.44840
0.59022
0.69543
0.74635
0.73442
0.66165
0.54027
0.39065
0.23793
0.00000
0.00000
0.00000
0.00000
0.00000
0.00000
0.00000
0.00000
0.00000
0.00000
0.00000
0.00000
0.04431
0.14126
0.27247
0.41589
0.54743
0.64501
0.69224
0.68117
0.61368
0.50110
0.36233
0.22068
0.00000
0.00000
0.00000
0.00000
0.00000
0.00000
0.00000
0.00000
0.00000
0.00000
0.00000
0.00201
0.04537
0.11962
0.21340
0.31237
0.40141
0.46689
0.49881
0.49228
0.44831
0.37361
0.27960
0.18067
0.00000
0.00000
0.00000
0.00000
0.00000
0.00000
0.00000
0.00000
0.00000
0.00000
0.00000
0.00235
0.05303
0.13982
0.24944
0.36513
0.46920
0.54574
0.58305
0.57542
0.52402
0.43670
0.32683
0.21119
0.00000
0.00000
0.00000
0.00000
0.00000
0.00000
0.00000
0.00000
0.00000
0.00000
0.00000
0.00280
0.06328
0.16684
0.29764
0.43569
0.55988
0.65122
0.69573
0.68663
0.62529
0.52110
0.38999
0.25200
0.00000
0.00000
0.00000
0.00000
0.00000
0.00000
0.00000
0.00000
0.00000
0.00000
0.00000
0.00262
0.05912
0.15587
0.27808
0.40706
0.52308
0.60841
0.65001
0.64150
0.58419
0.48685
0.36436
0.23544
0.00000
0.00000
0.00000
0.00000
0.00000
0.00000
0.00000
0.00000
0.00000
0.00000
0.00000
0.00229
0.05176
0.13648
0.24348
0.35641
0.45799
0.53271
0.56912
0.56168
0.51150
0.42627
0.31902
0.20614
0.00000
0.00000
0.00000
0.00000
0.00000
0.00000
0.00000
0.00000
0.00000
0.00000
0.00000
0.00257
0.05797
0.15283
0.27266
0.39912
0.51288
0.59655
0.63733
0.62899
0.57280
0.47736
0.35725
0.23085
0.00000
0.00000
0.00000
0.00000
0.00000
0.00000
0.00000
0.00000
0.00000
0.00000
0.00000
0.00314
0.07089
0.18690
0.33343
0.48808
0.62720
0.72952
0.77939
0.76919
0.70048
0.58376
0.43688
0.28230
0.00000
0.00000
0.00000
0.00000
0.00000
0.00000
0.00000
0.00000
0.00000
0.00000
0.00000
0.00162
0.03655
0.09637
0.17192
0.25166
0.32339
0.37615
0.40186
0.39660
0.36117
0.30099
0.22526
0.14556
0.00000
0.00000
0.00000
0.00000
0.00000
0.00000
0.00000
0.00000
0.00000
0.00000
0.00000
0.00288
0.06499
0.17135
0.30568
0.44746
0.57500
0.66881
0.71453
0.70518
0.64218
0.53518
0.40052
0.25881
0.00000
0.00000
0.00000
0.00000
0.00000
0.00000
0.00000
0.00000
0.00000
0.00000
0.00000
0.00241
0.05447
0.14362
0.25622
0.37506
0.48196
0.56059
0.59891
0.59107
0.53827
0.44858
0.33572
0.21693
0.00000
0.00000
0.00000
0.00000
0.00000
0.00000
0.00000
0.00000
0.00000
0.00000
0.00000
0.00248
0.05611
0.14794
0.26393
0.38635
0.49647
0.57746
0.61693
0.60886
0.55447
0.46208
0.34582
0.22346
0.00000
0.00000
0.00000
0.00000
0.00000
0.00000
0.00000
0.00000
0.00000
0.00000
0.00000
0.00238
0.05373
0.14167
0.25274
0.36997
0.47542
0.55298
0.59078
0.58305
0.53096
0.44249
0.33116
0.21399
0.00000
0.00000
0.00000
0.00000
0.00000
0.00000
0.00000
0.00000
0.00000
0.00000
0.00000
0.00189
0.04272
0.11263
0.20094
0.29413
0.37797
0.43963
0.46968
0.46354
0.42213
0.35179
0.26328
0.17012
0.00000
0.00000
0.00000
0.00000
0.00000
0.00000
0.00000
0.00000
0.00000
0.00000
0.00000
0.00250
0.05645
0.14884
0.26553
0.38869
0.49948
0.58096
0.62068
0.61256
0.55784
0.46489
0.34792
0.22482
0.00000
0.00000
0.00000
0.00000
0.00000
0.00000
0.00000
0.00000
0.00000
0.00000
0.00000
0.00279
0.06307
0.16629
0.29667
0.43427
0.55805
0.64909
0.69346
0.68438
0.62325
0.51940
0.38871
0.25118
0.00000
0.00000
0.00000
0.00000
0.00000
0.00000
0.00000
0.00000
0.00000
0.00000
0.00000
0.00249
0.05618
0.14812
0.26424
0.38680
0.49706
0.57814
0.61767
0.60958
0.55513
0.46263
0.34623
0.22373
0.00000
0.00000
0.00000
0.00000
0.00000
0.00000
0.00000
0.00000
0.00000
0.00000
0.00000
0.00162
0.03665
0.09662
0.17238
0.25233
0.32425
0.37715
0.40293
0.39765
0.36213
0.30179
0.22586
0.14594
0.00000
0.00000
0.00000
0.00000
0.00000
0.00000
0.00000
0.00000
0.00000
0.00000
0.00000
0.00245
0.05523
0.14562
0.25979
0.38028
0.48867
0.56839
0.60724
0.59930
0.54576
0.45482
0.34039
0.21995
0.00000
0.00000
0.00000
0.00000
0.00000
0.00000
0.00000
0.00000
0.00000
0.00000
0.00000
0.00281
0.06337
0.16707
0.29805
0.43629
0.56065
0.65211
0.69669
0.68757
0.62615
0.52182
0.39052
0.25235
0.00000
0.00000
0.00000
0.00000
0.00000
0.00000
0.00000
0.00000
0.00000
0.00000
0.00000
0.00230
0.05202
0.13715
0.24468
0.35817
0.46026
0.53535
0.57194
0.56446
0.51403
0.42838
0.32060
0.20716
0.00000
0.00000
0.00000
0.00000
0.00000
0.00000
0.00000
0.00000
0.00000
0.00000
0.00000
0.00213
0.04807
0.12674
0.22611
0.33099
0.42533
0.49471
0.52853
0.52161
0.47502
0.39587
0.29627
0.19144
0.00000
0.00000
0.00000
0.00000
0.00000
0.00000
0.00000
0.00000
0.00000
0.00000
0.00000
0.00293
0.06627
0.17471
0.31169
0.45625
0.58630
0.68194
0.72856
0.71903
0.65480
0.54569
0.40839
0.26389
0.00000
0.00000
0.00000
0.00000
0.00000
0.00000
0.00000
0.00000
0.00000
0.00000
0.00000
0.00212
0.04792
0.12634
0.22539
0.32993
0.42397
0.49313
0.52684
0.51995
0.47350
0.39460
0.29532
0.19083
0.00000
0.00000
0.00000
0.00000
0.00000
0.00000
0.00000
0.00000
0.00000
0.00000
0.00000
0.00250
0.05645
0.14882
0.26549
0.38863
0.49941
0.58088
0.62059
0.61247
0.55775
0.46482
0.34787
0.22478
0.00000
0.00000
0.00000
0.00000
0.00000
0.00000
0.00000
0.00000
0.00000
0.00000
0.00000
0.00203
0.04587
0.12094
0.21576
0.31583
0.40585
0.47205
0.50432
0.49772
0.45326
0.37774
0.28270
0.18267
0.00000
0.00000
0.00000
0.00000
0.00000
0.00000
0.00000
0.00000
0.00000
0.00000
0.00000
0.00255
0.05767
0.15205
0.27125
0.39706
0.51024
0.59348
0.63405
0.62575
0.56985
0.47490
0.35541
0.22966
0.00000
0.00000
0.00000
0.00000
0.00000
0.00000
0.00000
0.00000
0.00000
0.00000
0.00000
0.00316
0.07133
0.18805
0.33548
0.49109
0.63106
0.73401
0.78419
0.77392
0.70479
0.58735
0.43957
0.28404
0.00000
0.00000
0.00000
0.00000
0.00000
0.00000
0.00000
0.00000
0.00000
0.00000
0.00000
0.00195
0.04416
0.11642
0.20769
0.30402
0.39068
0.45441
0.48547
0.47912
0.43632
0.36362
0.27213
0.17584
0.00000
0.00000
0.00000
0.00000
0.00000
0.00000
0.00000
0.00000
0.00000
0.00000
0.00000
0.00277
0.06267
0.16524
0.29479
0.43152
0.55452
0.64498
0.68907
0.68005
0.61930
0.51611
0.38625
0.24959
0.00000
0.00000
0.00000
0.00000
0.00000
0.00000
0.00000
0.00000
0.00000
0.00000
0.00000
0.00242
0.05471
0.14425
0.25735
0.37670
0.48408
0.56305
0.60154
0.59367
0.54063
0.45055
0.33719
0.21788
0.00000
0.00000
0.00000
0.00000
0.00000
0.00000
0.00000
0.00000
0.00000
0.00000
0.00000
0.00247
0.05568
0.14680
0.26189
0.38336
0.49263
0.57299
0.61216
0.60415
0.55018
0.45851
0.34314
0.22173
0.00000
0.00000
0.00000
0.00000
0.00000
0.00000
0.00000
0.00000
0.00000
0.00000
0.00000
0.00939
0.05805
0.13491
0.22893
0.32659
0.41386
0.47819
0.51033
0.50566
0.46485
0.39378
0.30265
0.20457
0.00000
0.00000
0.00000
0.00000
0.00000
0.00000
0.00000
0.00000
0.00000
0.00000
0.00000
0.01067
0.06596
0.15330
0.26014
0.37111
0.47028
0.54337
0.57989
0.57459
0.52822
0.44746
0.34391
0.23246
0.00000
0.00000
0.00000
0.00000
0.00000
0.00000
0.00000
0.00000
0.00000
0.00000
0.00000
0.01128
0.06971
0.16201
0.27491
0.39219
0.49698
0.57422
0.61282
0.60721
0.55821
0.47287
0.36344
0.24565
0.00000
0.00000
0.00000
0.00000
0.00000
0.00000
0.00000
0.00000
0.00000
0.00000
0.00000
0.01291
0.07981
0.18549
0.31476
0.44903
0.56902
0.65746
0.70164
0.69523
0.63913
0.54141
0.41611
0.28126
0.00000
0.00000
0.00000
0.00000
0.00000
0.00000
0.00000
0.00000
0.00000
0.00000
0.00000
0.00661
0.04084
0.09491
0.16106
0.22976
0.29115
0.33641
0.35902
0.35574
0.32703
0.27703
0.21292
0.14392
0.00000
0.00000
0.00000
0.00000
0.00000
0.00000
0.00000
0.00000
0.00000
0.00000
0.00000
0.00890
0.05500
0.12783
0.21691
0.30944
0.39213
0.45308
0.48353
0.47911
0.44045
0.37310
0.28676
0.19383
0.00000
0.00000
0.00000
0.00000
0.00000
0.00000
0.00000
0.00000
0.00000
0.00000
0.00000
0.01121
0.06928
0.16102
0.27323
0.38979
0.49394
0.57072
0.60907
0.60350
0.55480
0.46998
0.36121
0.24415
0.00000
0.00000
0.00000
0.00000
0.00000
0.00000
0.00000
0.00000
0.00000
0.00000
0.00000
0.00631
0.03903
0.09071
0.15393
0.21959
0.27827
0.32152
0.34313
0.33999
0.31255
0.26476
0.20349
0.13755
0.00000
0.00000
0.00000
0.00000
0.00000
0.00000
0.00000
0.00000
0.00000
0.00000
0.00000
0.01093
0.06754
0.15697
0.26636
0.37999
0.48152
0.55636
0.59376
0.58833
0.54085
0.45816
0.35213
0.23801
0.00000
0.00000
0.00000
0.00000
0.00000
0.00000
0.00000
0.00000
0.00000
0.00000
0.00000
0.00832
0.05143
0.11954
0.20284
0.28938
0.36670
0.42370
0.45217
0.44804
0.41188
0.34891
0.26816
0.18126
0.00000
0.00000
0.00000
0.00000
0.00000
0.00000
0.00000
0.00000
0.00000
0.00000
0.00000
0.01046
0.06465
0.15026
0.25498
0.36375
0.46095
0.53259
0.56839
0.56319
0.51774
0.43858
0.33709
0.22784
0.00000
0.00000
0.00000
0.00000
0.00000
0.00000
0.00000
0.00000
0.00000
0.00000
0.00000
0.01008
0.06229
0.14477
0.24566
0.35047
0.44411
0.51314
0.54763
0.54262
0.49883
0.42256
0.32477
0.21952
0.00000
0.00000
0.00000
0.00000
0.00000
0.00000
0.00000
0.00000
0.00000
0.00000
0.00000
0.00811
0.05015
0.11657
0.19780
0.28218
0.35758
0.41316
0.44093
0.43690
0.40164
0.34023
0.26150
0.17675
0.00000
0.00000
0.00000
0.00000
0.00000
0.00000
0.00000
0.00000
0.00000
0.00000
0.00000
0.01108
0.06847
0.15913
0.27003
0.38523
0.48817
0.56404
0.60195
0.59645
0.54832
0.46448
0.35699
0.24130
0.00000
0.00000
0.00000
0.00000
0.00000
0.00000
0.00000
0.00000
0.00000
0.00000
0.00000
0.01043
0.06449
0.14988
0.25433
0.36283
0.45978
0.53124
0.56695
0.56176
0.51643
0.43747
0.33623
0.22727
0.00000
0.00000
0.00000
0.00000
0.00000
0.00000
0.00000
0.00000
0.00000
0.00000
0.00000
0.01205
0.07450
0.17314
0.29380
0.41914
0.53113
0.61369
0.65493
0.64894
0.59658
0.50536
0.38841
0.26254
0.00000
0.00000
0.00000
0.00000
0.00000
0.00000
0.00000
0.00000
0.00000
0.00000
0.00000
0.01111
0.06869
0.15965
0.27092
0.38649
0.48976
0.56588
0.60392
0.59839
0.55010
0.46600
0.35816
0.24209
0.00000
0.00000
0.00000
0.00000
0.00000
0.00000
0.00000
0.00000
0.00000
0.00000
0.00000
0.01165
0.07204
0.16742
0.28409
0.40529
0.51358
0.59341
0.63329
0.62750
0.57686
0.48866
0.37558
0.25386
0.00000
0.00000
0.00000
0.00000
0.00000
0.00000
0.00000
0.00000
0.00000
0.00000
0.00000
0.01048
0.06480
0.15061
0.25556
0.36459
0.46201
0.53382
0.56970
0.56448
0.51893
0.43959
0.33786
0.22837
0.00000
0.00000
0.00000
0.00000
0.00000
0.00000
0.00000
0.00000
0.00000
0.00000
0.00000
0.00829
0.05126
0.11912
0.20214
0.28838
0.36543
0.42223
0.45061
0.44649
0.41046
0.34770
0.26724
0.18063
0.00000
0.00000
0.00000
0.00000
0.00000
0.00000
0.00000
0.00000
0.00000
0.00000
0.00000
0.00879
0.05432
0.12625
0.21423
0.30562
0.38729
0.44748
0.47756
0.47319
0.43501
0.36850
0.28322
0.19143
0.00000
0.00000
0.00000
0.00000
0.00000
0.00000
0.00000
0.00000
0.00000
0.00000
0.00000
0.00687
0.04245
0.09866
0.16742
0.23884
0.30266
0.34970
0.37320
0.36979
0.33995
0.28797
0.22133
0.14960
0.00000
0.00000
0.00000
0.00000
0.00000
0.00000
0.00000
0.00000
0.00000
0.00000
0.00000
0.01008
0.06229
0.14478
0.24567
0.35048
0.44413
0.51316
0.54765
0.54264
0.49885
0.42258
0.32478
0.21953
0.00000
0.00000
0.00000
0.00000
0.00000
0.00000
0.00000
0.00000
0.00000
0.00000
0.00000
0.01062
0.06561
0.15249
0.25876
0.36915
0.46779
0.54050
0.57682
0.57155
0.52543
0.44509
0.34209
0.23123
0.00000
0.00000
0.00000
0.00000
0.00000
0.00000
0.00000
0.00000
0.00000
0.00000
0.00000
0.00411
0.02543
0.05910
0.10028
0.14307
0.18129
0.20947
0.22355
0.22151
0.20363
0.17250
0.13258
0.08961
0.00000
0.00000
0.00000
0.00000
0.00000
0.00000
0.00000
0.00000
0.00000
0.00000
0.00000
0.01192
0.07364
0.17116
0.29044
0.41434
0.52505
0.60666
0.64744
0.64151
0.58975
0.49958
0.38397
0.25953
0.00000
0.00000
0.00000
0.00000
0.00000
0.00000
0.00000
0.00000
0.00000
0.00000
0.00000
0.01057
0.06532
0.15180
0.25760
0.36749
0.46569
0.53807
0.57423
0.56898
0.52307
0.44309
0.34055
0.23019
0.00000
0.00000
0.00000
0.00000
0.00000
0.00000
0.00000
0.00000
0.00000
0.00000
0.00000
0.01086
0.06711
0.15597
0.26466
0.37756
0.47845
0.55281
0.58997
0.58457
0.53740
0.45523
0.34988
0.23649
0.00000
0.00000
0.00000
0.00000
0.00000
0.00000
0.00000
0.00000
0.00000
0.00000
0.00000
0.01103
0.06816
0.15842
0.26882
0.38350
0.48598
0.56151
0.59925
0.59377
0.54586
0.46240
0.35539
0.24022
0.00000
0.00000
0.00000
0.00000
0.00000
0.00000
0.00000
0.00000
0.00000
0.00000
0.00000
0.01000
0.06182
0.14367
0.24379
0.34779
0.44072
0.50922
0.54345
0.53848
0.49503
0.41934
0.32230
0.21785
0.00000
0.00000
0.00000
0.00000
0.00000
0.00000
0.00000
0.00000
0.00000
0.00000
0.00000
0.02175
0.06456
0.13713
0.22877
0.32598
0.41443
0.48110
0.51616
0.51445
0.47621
0.40709
0.31727
0.21998
0.12954
0.00000
0.00000
0.00000
0.00000
0.00000
0.00000
0.00000
0.00000
0.00000
0.00000
0.01417
0.04205
0.08932
0.14900
0.21231
0.26992
0.31334
0.33617
0.33506
0.31016
0.26514
0.20664
0.14327
0.08437
0.00000
0.00000
0.00000
0.00000
0.00000
0.00000
0.00000
0.00000
0.00000
0.00000
0.01840
0.05460
0.11598
0.19348
0.27568
0.35049
0.40687
0.43652
0.43507
0.40274
0.34428
0.26832
0.18604
0.10956
0.00000
0.00000
0.00000
0.00000
0.00000
0.00000
0.00000
0.00000
0.00000
0.00000
0.02589
0.07683
0.16319
0.27224
0.38791
0.49317
0.57251
0.61423
0.61219
0.56669
0.48444
0.37755
0.26177
0.15416
0.00000
0.00000
0.00000
0.00000
0.00000
0.00000
0.00000
0.00000
0.00000
0.00000
0.02241
0.06652
0.14129
0.23571
0.33587
0.42700
0.49569
0.53181
0.53005
0.49066
0.41944
0.32689
0.22665
0.13347
0.00000
0.00000
0.00000
0.00000
0.00000
0.00000
0.00000
0.00000
0.00000
0.00000
0.02635
0.07821
0.16612
0.27712
0.39487
0.50202
0.58277
0.62524
0.62317
0.57686
0.49313
0.38432
0.26647
0.15692
0.00000
0.00000
0.00000
0.00000
0.00000
0.00000
0.00000
0.00000
0.00000
0.00000
0.02890
0.08579
0.18222
0.30398
0.43314
0.55068
0.63926
0.68585
0.68357
0.63277
0.54093
0.42157
0.29229
0.17213
0.00000
0.00000
0.00000
0.00000
0.00000
0.00000
0.00000
0.00000
0.00000
0.00000
0.02449
0.07269
0.15439
0.25756
0.36700
0.46659
0.54164
0.58111
0.57919
0.53614
0.45833
0.35720
0.24766
0.14585
0.00000
0.00000
0.00000
0.00000
0.00000
0.00000
0.00000
0.00000
0.00000
0.00000
0.02056
0.06101
0.12960
0.21620
0.30806
0.39165
0.45465
0.48778
0.48617
0.45003
0.38472
0.29983
0.20788
0.12242
0.00000
0.00000
0.00000
0.00000
0.00000
0.00000
0.00000
0.00000
0.00000
0.00000
0.01731
0.05137
0.10911
0.18202
0.25936
0.32974
0.38278
0.41067
0.40931
0.37889
0.32390
0.25243
0.17502
0.10307
0.00000
0.00000
0.00000
0.00000
0.00000
0.00000
0.00000
0.00000
0.00000
0.00000
0.02382
0.07069
0.15014
0.25047
0.35689
0.45373
0.52672
0.56510
0.56323
0.52137
0.44569
0.34735
0.24083
0.14183
0.00000
0.00000
0.00000
0.00000
0.00000
0.00000
0.00000
0.00000
0.00000
0.00000
0.03138
0.09313
0.19781
0.32999
0.47020
0.59778
0.69395
0.74452
0.74205
0.68690
0.58720
0.45764
0.31730
0.18686
0.00000
0.00000
0.00000
0.00000
0.00000
0.00000
0.00000
0.00000
0.00000
0.00000
0.02485
0.07375
0.15664
0.26131
0.37234
0.47337
0.54952
0.58957
0.58761
0.54394
0.46499
0.36239
0.25126
0.14797
0.00000
0.00000
0.00000
0.00000
0.00000
0.00000
0.00000
0.00000
0.00000
0.00000
0.03030
0.08993
0.19102
0.31867
0.45407
0.57728
0.67014
0.71898
0.71659
0.66334
0.56706
0.44194
0.30641
0.18045
0.00000
0.00000
0.00000
0.00000
0.00000
0.00000
0.00000
0.00000
0.00000
0.00000
0.02225
0.06603
0.14025
0.23397
0.33338
0.42384
0.49202
0.52788
0.52613
0.48703
0.41634
0.32447
0.22497
0.13249
0.00000
0.00000
0.00000
0.00000
0.00000
0.00000
0.00000
0.00000
0.00000
0.00000
0.01803
0.05351
0.11365
0.18959
0.27015
0.34346
0.39871
0.42776
0.42634
0.39466
0.33738
0.26293
0.18230
0.10736
0.00000
0.00000
0.00000
0.00000
0.00000
0.00000
0.00000
0.00000
0.00000
0.00000
0.02081
0.06176
0.13117
0.21883
0.31181
0.39642
0.46018
0.49372
0.49208
0.45551
0.38940
0.30348
0.21041
0.12391
0.00000
0.00000
0.00000
0.00000
0.00000
0.00000
0.00000
0.00000
0.00000
0.00000
0.02765
0.08207
0.17432
0.29080
0.41436
0.52680
0.61154
0.65611
0.65393
0.60533
0.51747
0.40329
0.27962
0.16467
0.00000
0.00000
0.00000
0.00000
0.00000
0.00000
0.00000
0.00000
0.00000
0.00000
0.02545
0.07555
0.16047
0.26770
0.38145
0.48495
0.56296
0.60399
0.60198
0.55724
0.47636
0.37126
0.25741
0.15159
0.00000
0.00000
0.00000
0.00000
0.00000
0.00000
0.00000
0.00000
0.00000
0.00000
0.02635
0.07822
0.16614
0.27716
0.39493
0.50209
0.58286
0.62533
0.62326
0.57694
0.49320
0.38438
0.26650
0.15694
0.00000
0.00000
0.00000
0.00000
0.00000
0.00000
0.00000
0.00000
0.00000
0.00000
0.02826
0.08388
0.17816
0.29721
0.42349
0.53841
0.62502
0.67056
0.66834
0.61867
0.52887
0.41218
0.28578
0.16830
0.00000
0.00000
0.00000
0.00000
0.00000
0.00000
0.00000
0.00000
0.00000
0.00000
0.02792
0.08286
0.17599
0.29359
0.41833
0.53184
0.61740
0.66239
0.66019
0.61113
0.52243
0.40716
0.28230
0.16625
0.00000
0.00000
0.00000
0.00000
0.00000
0.00000
0.00000
0.00000
0.00000
0.00000
0.02682
0.07961
0.16909
0.28208
0.40193
0.51099
0.59320
0.63642
0.63431
0.58717
0.50195
0.39120
0.27123
0.15973
0.00000
0.00000
0.00000
0.00000
0.00000
0.00000
0.00000
0.00000
0.00000
0.00000
0.01589
0.04716
0.10016
0.16710
0.23810
0.30270
0.35140
0.37700
0.37575
0.34783
0.29734
0.23174
0.16067
0.09462
0.00000
0.00000
0.00000
0.00000
0.00000
0.00000
0.00000
0.00000
0.00000
0.00000
0.02570
0.07628
0.16202
0.27029
0.38513
0.48964
0.56840
0.60982
0.60780
0.56263
0.48097
0.37484
0.25989
0.15305
0.00000
0.00000
0.00000
0.00000
0.00000
0.00000
0.00000
0.00000
0.00000
0.00000
0.02084
0.06185
0.13137
0.21916
0.31229
0.39702
0.46089
0.49448
0.49284
0.45621
0.38999
0.30394
0.21074
0.12410
0.00000
0.00000
0.00000
0.00000
0.00000
0.00000
0.00000
0.00000
0.00000
0.00000
0.01996
0.05925
0.12584
0.20993
0.29913
0.38029
0.44147
0.47364
0.47207
0.43699
0.37356
0.29114
0.20186
0.11887
0.00000
0.00000
0.00000
0.00000
0.00000
0.00000
0.00000
0.00000
0.00000
0.00000
0.02665
0.07911
0.16802
0.28030
0.39940
0.50778
0.58946
0.63242
0.63032
0.58348
0.49879
0.38873
0.26952
0.15872
0.00000
0.00000
0.00000
0.00000
0.00000
0.00000
0.00000
0.00000
0.00000
0.00000
0.02591
0.07691
0.16336
0.27252
0.38831
0.49367
0.57309
0.61485
0.61281
0.56727
0.48493
0.37793
0.26204
0.15431
0.00000
0.00000
0.00000
0.00000
0.00000
0.00000
0.00000
0.00000
0.00000
0.00000
0.02112
0.06268
0.13313
0.22209
0.31646
0.40233
0.46705
0.50109
0.49942
0.46231
0.39521
0.30801
0.21355
0.12576
0.00000
0.00000
0.00000
0.00000
0.00000
0.00000
0.00000
0.00000
0.00000
0.00000
0.02469
0.07327
0.15562
0.25961
0.36992
0.47030
0.54595
0.58574
0.58379
0.54041
0.46197
0.36004
0.24963
0.14701
0.00000
0.00000
0.00000
0.00000
0.00000
0.00000
0.00000
0.00000
0.00000
0.00000
0.01241
0.05927
0.13868
0.23886
0.34495
0.44123
0.51343
0.55083
0.54790
0.50506
0.42867
0.33006
0.22384
0.00000
0.00000
0.00000
0.00000
0.00000
0.00000
0.00000
0.00000
0.00000
0.00000
0.00000
0.01379
0.06587
0.15412
0.26545
0.38335
0.49036
0.57059
0.61216
0.60890
0.56129
0.47640
0.36681
0.24876
0.00000
0.00000
0.00000
0.00000
0.00000
0.00000
0.00000
0.00000
0.00000
0.00000
0.00000
0.01250
0.05971
0.13970
0.24061
0.34748
0.44447
0.51719
0.55487
0.55191
0.50876
0.43181
0.33248
0.22548
0.00000
0.00000
0.00000
0.00000
0.00000
0.00000
0.00000
0.00000
0.00000
0.00000
0.00000
0.01222
0.05835
0.13652
0.23514
0.33959
0.43437
0.50545
0.54227
0.53938
0.49721
0.42201
0.32493
0.22036
0.00000
0.00000
0.00000
0.00000
0.00000
0.00000
0.00000
0.00000
0.00000
0.00000
0.00000
0.01558
0.07442
0.17411
0.29989
0.43309
0.55398
0.64462
0.69158
0.68790
0.63412
0.53821
0.41440
0.28104
0.00000
0.00000
0.00000
0.00000
0.00000
0.00000
0.00000
0.00000
0.00000
0.00000
0.00000
0.00979
0.04679
0.10947
0.18854
0.27229
0.34829
0.40528
0.43480
0.43249
0.39867
0.33838
0.26054
0.17669
0.00000
0.00000
0.00000
0.00000
0.00000
0.00000
0.00000
0.00000
0.00000
0.00000
0.00000
0.01759
0.08403
0.19661
0.33864
0.48905
0.62556
0.72791
0.78094
0.77678
0.71605
0.60775
0.46794
0.31735
0.00000
0.00000
0.00000
0.00000
0.00000
0.00000
0.00000
0.00000
0.00000
0.00000
0.00000
0.01316
0.06288
0.14712
0.25339
0.36595
0.46809
0.54468
0.58436
0.58125
0.53580
0.45476
0.35015
0.23747
0.00000
0.00000
0.00000
0.00000
0.00000
0.00000
0.00000
0.00000
0.00000
0.00000
0.00000
0.01520
0.07260
0.16986
0.29255
0.42250
0.54043
0.62885
0.67466
0.67107
0.61860
0.52504
0.40426
0.27416
0.00000
0.00000
0.00000
0.00000
0.00000
0.00000
0.00000
0.00000
0.00000
0.00000
0.00000
0.01598
0.07633
0.17859
0.30760
0.44423
0.56822
0.66119
0.70936
0.70558
0.65042
0.55204
0.42505
0.28826
0.00000
0.00000
0.00000
0.00000
0.00000
0.00000
0.00000
0.00000
0.00000
0.00000
0.00000
0.01531
0.07311
0.17107
0.29464
0.42552
0.54429
0.63334
0.67948
0.67586
0.62302
0.52879
0.40715
0.27612
0.00000
0.00000
0.00000
0.00000
0.00000
0.00000
0.00000
0.00000
0.00000
0.00000
0.00000
0.01516
0.07242
0.16945
0.29186
0.42150
0.53914
0.62736
0.67306
0.66948
0.61713
0.52380
0.40330
0.27351
0.00000
0.00000
0.00000
0.00000
0.00000
0.00000
0.00000
0.00000
0.00000
0.00000
0.00000
0.00677
0.03234
0.07566
0.13031
0.18819
0.24071
0.28010
0.30050
0.29890
0.27553
0.23386
0.18006
0.12212
0.00000
0.00000
0.00000
0.00000
0.00000
0.00000
0.00000
0.00000
0.00000
0.00000
0.00000
0.01242
0.05934
0.13884
0.23914
0.34536
0.44176
0.51404
0.55149
0.54855
0.50566
0.42918
0.33045
0.22411
0.00000
0.00000
0.00000
0.00000
0.00000
0.00000
0.00000
0.00000
0.00000
0.00000
0.00000
0.01432
0.06840
0.16003
0.27563
0.39806
0.50917
0.59248
0.63564
0.63226
0.58282
0.49467
0.38088
0.25831
0.00000
0.00000
0.00000
0.00000
0.00000
0.00000
0.00000
0.00000
0.00000
0.00000
0.00000
0.01408
0.06725
0.15735
0.27102
0.39140
0.50064
0.58256
0.62500
0.62167
0.57306
0.48639
0.37450
0.25398
0.00000
0.00000
0.00000
0.00000
0.00000
0.00000
0.00000
0.00000
0.00000
0.00000
0.00000
0.01189
0.05678
0.13286
0.22883
0.33047
0.42272
0.49188
0.52771
0.52490
0.48386
0.41068
0.31621
0.21445
0.00000
0.00000
0.00000
0.00000
0.00000
0.00000
0.00000
0.00000
0.00000
0.00000
0.00000
0.01371
0.06550
0.15325
0.26396
0.38120
0.48760
0.56738
0.60871
0.60547
0.55813
0.47372
0.36474
0.24736
0.00000
0.00000
0.00000
0.00000
0.00000
0.00000
0.00000
0.00000
0.00000
0.00000
0.00000
0.01413
0.06751
0.15796
0.27207
0.39291
0.50258
0.58481
0.62742
0.62408
0.57528
0.48827
0.37595
0.25496
0.00000
0.00000
0.00000
0.00000
0.00000
0.00000
0.00000
0.00000
0.00000
0.00000
0.00000
0.01458
0.06964
0.16294
0.28065
0.40531
0.51843
0.60326
0.64721
0.64376
0.59343
0.50368
0.38781
0.26301
0.00000
0.00000
0.00000
0.00000
0.00000
0.00000
0.00000
0.00000
0.00000
0.00000
0.00000
0.01285
0.06139
0.14364
0.24740
0.35729
0.45702
0.53180
0.57054
0.56750
0.52313
0.44401
0.34187
0.23185
0.00000
0.00000
0.00000
0.00000
0.00000
0.00000
0.00000
0.00000
0.00000
0.00000
0.00000
0.01653
0.07898
0.18480
0.31829
0.45967
0.58797
0.68417
0.73402
0.73011
0.67302
0.57123
0.43982
0.29828
0.00000
0.00000
0.00000
0.00000
0.00000
0.00000
0.00000
0.00000
0.00000
0.00000
0.00000
0.01022
0.04882
0.11422
0.19672
0.28410
0.36340
0.42286
0.45367
0.45125
0.41597
0.35306
0.27184
0.18436
0.00000
0.00000
0.00000
0.00000
0.00000
0.00000
0.00000
0.00000
0.00000
0.00000
0.00000
0.01393
0.06654
0.15568
0.26813
0.38723
0.49532
0.57636
0.61835
0.61506
0.56697
0.48122
0.37052
0.25128
0.00000
0.00000
0.00000
0.00000
0.00000
0.00000
0.00000
0.00000
0.00000
0.00000
0.00000
0.01706
0.08147
0.19063
0.32833
0.47417
0.60651
0.70575
0.75717
0.75313
0.69425
0.58925
0.45370
0.30769
0.00000
0.00000
0.00000
0.00000
0.00000
0.00000
0.00000
0.00000
0.00000
0.00000
0.00000
0.01925
0.09197
0.21517
0.37061
0.53522
0.68462
0.79663
0.85467
0.85011
0.78365
0.66513
0.51212
0.34731
0.00000
0.00000
0.00000
0.00000
0.00000
0.00000
0.00000
0.00000
0.00000
0.00000
0.00000
0.01394
0.06661
0.15585
0.26843
0.38766
0.49587
0.57700
0.61904
0.61574
0.56760
0.48175
0.37093
0.25156
0.00000
0.00000
0.00000
0.00000
0.00000
0.00000
0.00000
0.00000
0.00000
0.00000
0.00000
0.01289
0.06158
0.14409
0.24817
0.35840
0.45844
0.53345
0.57231
0.56926
0.52475
0.44539
0.34293
0.23257
0.00000
0.00000
0.00000
0.00000
0.00000
0.00000
0.00000
0.00000
0.00000
0.00000
0.00000
0.01887
0.09014
0.21090
0.36326
0.52461
0.67104
0.78083
0.83771
0.83325
0.76811
0.65193
0.50196
0.34042
0.00000
0.00000
0.00000
0.00000
0.00000
0.00000
0.00000
0.00000
0.00000
0.00000
0.00000
0.01618
0.07730
0.18086
0.31150
0.44987
0.57543
0.66959
0.71836
0.71454
0.65867
0.55905
0.43045
0.29192
0.00000
0.00000
0.00000
0.00000
0.00000
0.00000
0.00000
0.00000
0.00000
0.00000
0.00000
0.01475
0.07047
0.16489
0.28400
0.41015
0.52463
0.61047
0.65494
0.65145
0.60052
0.50970
0.39244
0.26615
0.00000
0.00000
0.00000
0.00000
0.00000
0.00000
0.00000
0.00000
0.00000
0.00000
0.00000
0.01151
0.07000
0.16657
0.28660
0.41191
0.52353
0.60455
0.64271
0.63223
0.57470
0.47882
0.35911
0.23371
0.00000
0.00000
0.00000
0.00000
0.00000
0.00000
0.00000
0.00000
0.00000
0.00000
0.00000
0.01165
0.07082
0.16852
0.28996
0.41674
0.52966
0.61163
0.65024
0.63964
0.58143
0.48443
0.36332
0.23645
0.00000
0.00000
0.00000
0.00000
0.00000
0.00000
0.00000
0.00000
0.00000
0.00000
0.00000
0.01672
0.10170
0.24201
0.41640
0.59846
0.76063
0.87834
0.93379
0.91856
0.83496
0.69566
0.52175
0.33956
0.00000
0.00000
0.00000
0.00000
0.00000
0.00000
0.00000
0.00000
0.00000
0.00000
0.00000
0.01484
0.09023
0.21470
0.36940
0.53092
0.67478
0.77921
0.82840
0.81489
0.74073
0.61715
0.46287
0.30124
0.00000
0.00000
0.00000
0.00000
0.00000
0.00000
0.00000
0.00000
0.00000
0.00000
0.00000
0.00953
0.05793
0.13784
0.23717
0.34087
0.43324
0.50029
0.53187
0.52319
0.47558
0.39624
0.29718
0.19341
0.00000
0.00000
0.00000
0.00000
0.00000
0.00000
0.00000
0.00000
0.00000
0.00000
0.00000
0.01278
0.07772
0.18494
0.31821
0.45734
0.58127
0.67123
0.71360
0.70196
0.63808
0.53163
0.39872
0.25949
0.00000
0.00000
0.00000
0.00000
0.00000
0.00000
0.00000
0.00000
0.00000
0.00000
0.00000
0.01327
0.08072
0.19208
0.33049
0.47499
0.60370
0.69714
0.74114
0.72905
0.66271
0.55214
0.41411
0.26951
0.00000
0.00000
0.00000
0.00000
0.00000
0.00000
0.00000
0.00000
0.00000
0.00000
0.00000
0.00947
0.05756
0.13697
0.23566
0.33870
0.43048
0.49710
0.52848
0.51986
0.47255
0.39371
0.29529
0.19217
0.00000
0.00000
0.00000
0.00000
0.00000
0.00000
0.00000
0.00000
0.00000
0.00000
0.00000
0.01538
0.09351
0.22251
0.38285
0.55025
0.69935
0.80759
0.85856
0.84456
0.76770
0.63962
0.47972
0.31220
0.00000
0.00000
0.00000
0.00000
0.00000
0.00000
0.00000
0.00000
0.00000
0.00000
0.00000
0.01048
0.06375
0.15170
0.26101
0.37513
0.47678
0.55057
0.58532
0.57578
0.52338
0.43606
0.32705
0.21284
0.00000
0.00000
0.00000
0.00000
0.00000
0.00000
0.00000
0.00000
0.00000
0.00000
0.00000
0.01381
0.08401
0.19990
0.34394
0.49432
0.62827
0.72551
0.77130
0.75873
0.68968
0.57462
0.43096
0.28047
0.00000
0.00000
0.00000
0.00000
0.00000
0.00000
0.00000
0.00000
0.00000
0.00000
0.00000
0.00906
0.05509
0.13109
0.22555
0.32416
0.41200
0.47576
0.50579
0.49755
0.45227
0.37681
0.28261
0.18393
0.00000
0.00000
0.00000
0.00000
0.00000
0.00000
0.00000
0.00000
0.00000
0.00000
0.00000
0.01378
0.08381
0.19943
0.34314
0.49317
0.62681
0.72382
0.76951
0.75696
0.68807
0.57328
0.42996
0.27982
0.00000
0.00000
0.00000
0.00000
0.00000
0.00000
0.00000
0.00000
0.00000
0.00000
0.00000
0.00747
0.04541
0.10805
0.18591
0.26719
0.33960
0.39215
0.41691
0.41011
0.37278
0.31059
0.23294
0.15160
0.00000
0.00000
0.00000
0.00000
0.00000
0.00000
0.00000
0.00000
0.00000
0.00000
0.00000
0.01232
0.07491
0.17825
0.30669
0.44078
0.56022
0.64692
0.68776
0.67654
0.61497
0.51237
0.38428
0.25009
0.00000
0.00000
0.00000
0.00000
0.00000
0.00000
0.00000
0.00000
0.00000
0.00000
0.00000
0.00911
0.05538
0.13177
0.22672
0.32585
0.41415
0.47825
0.50844
0.50014
0.45463
0.37878
0.28409
0.18489
0.00000
0.00000
0.00000
0.00000
0.00000
0.00000
0.00000
0.00000
0.00000
0.00000
0.00000
0.01383
0.08412
0.20017
0.34441
0.49499
0.62912
0.72649
0.77234
0.75975
0.69061
0.57539
0.43154
0.28085
0.00000
0.00000
0.00000
0.00000
0.00000
0.00000
0.00000
0.00000
0.00000
0.00000
0.00000
0.01209
0.07351
0.17492
0.30097
0.43257
0.54978
0.63487
0.67494
0.66393
0.60351
0.50283
0.37712
0.24543
0.00000
0.00000
0.00000
0.00000
0.00000
0.00000
0.00000
0.00000
0.00000
0.00000
0.00000
0.01180
0.07175
0.17074
0.29377
0.42222
0.53663
0.61968
0.65879
0.64805
0.58907
0.49079
0.36810
0.23956
0.00000
0.00000
0.00000
0.00000
0.00000
0.00000
0.00000
0.00000
0.00000
0.00000
0.00000
0.01292
0.07854
0.18690
0.32158
0.46218
0.58742
0.67833
0.72115
0.70939
0.64483
0.53725
0.40294
0.26224
0.00000
0.00000
0.00000
0.00000
0.00000
0.00000
0.00000
0.00000
0.00000
0.00000
0.00000
0.00840
0.05108
0.12155
0.20914
0.30059
0.38204
0.44117
0.46901
0.46137
0.41938
0.34941
0.26206
0.17055
0.00000
0.00000
0.00000
0.00000
0.00000
0.00000
0.00000
0.00000
0.00000
0.00000
0.00000
0.01125
0.06842
0.16281
0.28013
0.40262
0.51172
0.59091
0.62821
0.61797
0.56173
0.46801
0.35101
0.22844
0.00000
0.00000
0.00000
0.00000
0.00000
0.00000
0.00000
0.00000
0.00000
0.00000
0.00000
0.01184
0.07201
0.17135
0.29481
0.42372
0.53853
0.62188
0.66113
0.65035
0.59117
0.49254
0.36941
0.24041
0.00000
0.00000
0.00000
0.00000
0.00000
0.00000
0.00000
0.00000
0.00000
0.00000
0.00000
0.00715
0.04348
0.10347
0.17802
0.25586
0.32520
0.37552
0.39923
0.39272
0.35698
0.29742
0.22307
0.14517
0.00000
0.00000
0.00000
0.00000
0.00000
0.00000
0.00000
0.00000
0.00000
0.00000
0.00000
0.01250
0.07601
0.18087
0.31120
0.44726
0.56846
0.65644
0.69787
0.68649
0.62402
0.51991
0.38993
0.25377
0.00000
0.00000
0.00000
0.00000
0.00000
0.00000
0.00000
0.00000
0.00000
0.00000
0.00000
0.01208
0.07348
0.17484
0.30083
0.43236
0.54952
0.63456
0.67462
0.66362
0.60322
0.50259
0.37694
0.24532
0.00000
0.00000
0.00000
0.00000
0.00000
0.00000
0.00000
0.00000
0.00000
0.00000
0.00000
0.01225
0.07448
0.17722
0.30492
0.43824
0.55699
0.64320
0.68379
0.67264
0.61143
0.50942
0.38207
0.24865
0.00000
0.00000
0.00000
0.00000
0.00000
0.00000
0.00000
0.00000
0.00000
0.00000
0.00000
0.01080
0.06569
0.15632
0.26896
0.38656
0.49131
0.56734
0.60316
0.59332
0.53932
0.44935
0.33701
0.21933
0.00000
0.00000
0.00000
0.00000
0.00000
0.00000
0.00000
0.00000
0.00000
0.00000
0.00000
0.01379
0.08386
0.19956
0.34336
0.49349
0.62721
0.72428
0.77000
0.75744
0.68851
0.57365
0.43024
0.28000
0.00000
0.00000
0.00000
0.00000
0.00000
0.00000
0.00000
0.00000
0.00000
0.00000
0.00000
0.01428
0.08685
0.20667
0.35559
0.51106
0.64954
0.75007
0.79741
0.78441
0.71302
0.59407
0.44555
0.28997
0.00000
0.00000
0.00000
0.00000
0.00000
0.00000
0.00000
0.00000
0.00000
0.00000
0.00000
0.01278
0.08899
0.21549
0.37190
0.53300
0.67283
0.76886
0.80560
0.77713
0.68804
0.55269
0.39290
0.23442
0.00000
0.00000
0.00000
0.00000
0.00000
0.00000
0.00000
0.00000
0.00000
0.00000
0.00000
0.00562
0.03912
0.09473
0.16349
0.23431
0.29578
0.33800
0.35415
0.34163
0.30247
0.24297
0.17272
0.10305
0.00000
0.00000
0.00000
0.00000
0.00000
0.00000
0.00000
0.00000
0.00000
0.00000
0.00000
0.00937
0.06522
0.15794
0.27257
0.39065
0.49314
0.56352
0.59045
0.56958
0.50428
0.40508
0.28797
0.17181
0.00000
0.00000
0.00000
0.00000
0.00000
0.00000
0.00000
0.00000
0.00000
0.00000
0.00000
0.00980
0.06823
0.16523
0.28516
0.40869
0.51591
0.58954
0.61771
0.59588
0.52757
0.42379
0.30126
0.17975
0.00000
0.00000
0.00000
0.00000
0.00000
0.00000
0.00000
0.00000
0.00000
0.00000
0.00000
0.00796
0.05541
0.13417
0.23156
0.33186
0.41893
0.47872
0.50159
0.48387
0.42840
0.34413
0.24463
0.14596
0.00000
0.00000
0.00000
0.00000
0.00000
0.00000
0.00000
0.00000
0.00000
0.00000
0.00000
0.00908
0.06320
0.15304
0.26412
0.37853
0.47784
0.54604
0.57213
0.55191
0.48864
0.39252
0.27904
0.16648
0.00000
0.00000
0.00000
0.00000
0.00000
0.00000
0.00000
0.00000
0.00000
0.00000
0.00000
0.01032
0.07188
0.17406
0.30040
0.43053
0.54348
0.62105
0.65072
0.62773
0.55577
0.44644
0.31737
0.18935
0.00000
0.00000
0.00000
0.00000
0.00000
0.00000
0.00000
0.00000
0.00000
0.00000
0.00000
0.00965
0.06718
0.16269
0.28077
0.40241
0.50798
0.58048
0.60821
0.58672
0.51946
0.41727
0.29663
0.17698
0.00000
0.00000
0.00000
0.00000
0.00000
0.00000
0.00000
0.00000
0.00000
0.00000
0.00000
0.01145
0.07974
0.19310
0.33326
0.47763
0.60294
0.68899
0.72191
0.69640
0.61657
0.49528
0.35209
0.21007
0.00000
0.00000
0.00000
0.00000
0.00000
0.00000
0.00000
0.00000
0.00000
0.00000
0.00000
0.01037
0.07220
0.17484
0.30174
0.43245
0.54590
0.62381
0.65362
0.63052
0.55824
0.44843
0.31878
0.19019
0.00000
0.00000
0.00000
0.00000
0.00000
0.00000
0.00000
0.00000
0.00000
0.00000
0.00000
0.00716
0.04985
0.12071
0.20833
0.29858
0.37691
0.43071
0.45129
0.43534
0.38543
0.30961
0.22010
0.13132
0.00000
0.00000
0.00000
0.00000
0.00000
0.00000
0.00000
0.00000
0.00000
0.00000
0.00000
0.00928
0.06465
0.15655
0.27017
0.38721
0.48880
0.55856
0.58524
0.56456
0.49984
0.40152
0.28543
0.17030
0.00000
0.00000
0.00000
0.00000
0.00000
0.00000
0.00000
0.00000
0.00000
0.00000
0.00000
0.01219
0.08484
0.20546
0.35458
0.50819
0.64151
0.73307
0.76810
0.74095
0.65601
0.52697
0.37461
0.22351
0.00000
0.00000
0.00000
0.00000
0.00000
0.00000
0.00000
0.00000
0.00000
0.00000
0.00000
0.01080
0.07522
0.18214
0.31435
0.45052
0.56872
0.64988
0.68094
0.65687
0.58157
0.46717
0.33210
0.19814
0.00000
0.00000
0.00000
0.00000
0.00000
0.00000
0.00000
0.00000
0.00000
0.00000
0.00000
0.01232
0.08575
0.20764
0.35835
0.51359
0.64833
0.74086
0.77626
0.74883
0.66299
0.53257
0.37859
0.22588
0.00000
0.00000
0.00000
0.00000
0.00000
0.00000
0.00000
0.00000
0.00000
0.00000
0.00000
0.01032
0.07187
0.17403
0.30035
0.43046
0.54339
0.62094
0.65061
0.62762
0.55567
0.44636
0.31731
0.18932
0.00000
0.00000
0.00000
0.00000
0.00000
0.00000
0.00000
0.00000
0.00000
0.00000
0.00000
0.01072
0.07462
0.18069
0.31184
0.44694
0.56419
0.64471
0.67552
0.65164
0.57694
0.46345
0.32946
0.19657
0.00000
0.00000
0.00000
0.00000
0.00000
0.00000
0.00000
0.00000
0.00000
0.00000
0.00000
0.00847
0.05898
0.14281
0.24647
0.35324
0.44592
0.50956
0.53391
0.51504
0.45600
0.36630
0.26039
0.15536
0.00000
0.00000
0.00000
0.00000
0.00000
0.00000
0.00000
0.00000
0.00000
0.00000
0.00000
0.01103
0.07678
0.18594
0.32090
0.45991
0.58057
0.66343
0.69513
0.67057
0.59369
0.47691
0.33902
0.20227
0.00000
0.00000
0.00000
0.00000
0.00000
0.00000
0.00000
0.00000
0.00000
0.00000
0.00000
0.01101
0.07667
0.18565
0.32041
0.45921
0.57968
0.66241
0.69406
0.66954
0.59278
0.47617
0.33850
0.20196
0.00000
0.00000
0.00000
0.00000
0.00000
0.00000
0.00000
0.00000
0.00000
0.00000
0.00000
0.01042
0.07254
0.17565
0.30315
0.43447
0.54846
0.62673
0.65668
0.63348
0.56086
0.45053
0.32027
0.19109
0.00000
0.00000
0.00000
0.00000
0.00000
0.00000
0.00000
0.00000
0.00000
0.00000
0.00000
0.01342
0.09347
0.22634
0.39062
0.55983
0.70670
0.80756
0.84615
0.81625
0.72268
0.58051
0.41268
0.24622
0.00000
0.00000
0.00000
0.00000
0.00000
0.00000
0.00000
0.00000
0.00000
0.00000
0.00000
0.01165
0.08111
0.19643
0.33900
0.48585
0.61331
0.70084
0.73433
0.70838
0.62717
0.50380
0.35814
0.21368
0.00000
0.00000
0.00000
0.00000
0.00000
0.00000
0.00000
0.00000
0.00000
0.00000
0.00000
0.01061
0.07385
0.17883
0.30863
0.44233
0.55837
0.63806
0.66855
0.64493
0.57099
0.45867
0.32606
0.19454
0.00000
0.00000
0.00000
0.00000
0.00000
0.00000
0.00000
0.00000
0.00000
0.00000
0.00000
0.00430
0.02992
0.07247
0.12506
0.17924
0.22626
0.25856
0.27091
0.26134
0.23138
0.18586
0.13213
0.07883
0.00000
0.00000
0.00000
0.00000
0.00000
0.00000
0.00000
0.00000
0.00000
0.00000
0.00000
0.01119
0.07789
0.18861
0.32550
0.46651
0.58890
0.67294
0.70510
0.68018
0.60221
0.48374
0.34389
0.20517
0.00000
0.00000
0.00000
0.00000
0.00000
0.00000
0.00000
0.00000
0.00000
0.00000
0.00000
0.01150
0.08004
0.19381
0.33449
0.47939
0.60516
0.69152
0.72457
0.69896
0.61883
0.49710
0.35338
0.21084
0.00000
0.00000
0.00000
0.00000
0.00000
0.00000
0.00000
0.00000
0.00000
0.00000
0.00000
0.01136
0.07910
0.19156
0.33060
0.47381
0.59811
0.68348
0.71613
0.69083
0.61163
0.49132
0.34927
0.20839
0.00000
0.00000
0.00000
0.00000
0.00000
0.00000
0.00000
0.00000
0.00000
0.00000
0.00000
0.00773
0.05382
0.13034
0.22494
0.32238
0.40696
0.46504
0.48726
0.47004
0.41616
0.33429
0.23764
0.14179
0.00000
0.00000
0.00000
0.00000
0.00000
0.00000
0.00000
0.00000
0.00000
0.00000
0.00000
0.00952
0.06626
0.16045
0.27692
0.39688
0.50100
0.57250
0.59985
0.57866
0.51232
0.41154
0.29256
0.17455
0.00000
0.00000
0.00000
0.00000
0.00000
0.00000
0.00000
0.00000
0.00000
0.00000
0.00000
0.00877
0.06103
0.14780
0.25507
0.36557
0.46148
0.52734
0.55254
0.53301
0.47191
0.37908
0.26948
0.16078
0.00000
0.00000
0.00000
0.00000
0.00000
0.00000
0.00000
0.00000
0.00000
0.00000
0.00000
0.00000
0.02326
0.07723
0.14422
0.21324
0.27298
0.31364
0.32856
0.31530
0.27602
0.21717
0.14840
0.08097
0.00000
0.00000
0.00000
0.00000
0.00000
0.00000
0.00000
0.00000
0.00000
0.00000
0.00000
0.00000
0.04308
0.14308
0.26718
0.39504
0.50572
0.58105
0.60870
0.58412
0.51136
0.40234
0.27492
0.15000
0.00000
0.00000
0.00000
0.00000
0.00000
0.00000
0.00000
0.00000
0.00000
0.00000
0.00000
0.00000
0.03233
0.10737
0.20049
0.29644
0.37949
0.43602
0.45677
0.43833
0.38373
0.30192
0.20630
0.11256
0.00000
0.00000
0.00000
0.00000
0.00000
0.00000
0.00000
0.00000
0.00000
0.00000
0.00000
0.00000
0.04836
0.16061
0.29992
0.44346
0.56770
0.65226
0.68330
0.65571
0.57403
0.45165
0.30861
0.16838
0.00000
0.00000
0.00000
0.00000
0.00000
0.00000
0.00000
0.00000
0.00000
0.00000
0.00000
0.00000
0.02236
0.07427
0.13869
0.20506
0.26250
0.30161
0.31596
0.30320
0.26543
0.20884
0.14270
0.07786
0.00000
0.00000
0.00000
0.00000
0.00000
0.00000
0.00000
0.00000
0.00000
0.00000
0.00000
0.00000
0.03813
0.12664
0.23648
0.34965
0.44761
0.51428
0.53875
0.51700
0.45260
0.35611
0.24333
0.13276
0.00000
0.00000
0.00000
0.00000
0.00000
0.00000
0.00000
0.00000
0.00000
0.00000
0.00000
0.00000
0.03606
0.11974
0.22360
0.33061
0.42323
0.48627
0.50941
0.48885
0.42795
0.33671
0.23008
0.12553
0.00000
0.00000
0.00000
0.00000
0.00000
0.00000
0.00000
0.00000
0.00000
0.00000
0.00000
0.00000
0.04112
0.13655
0.25498
0.37701
0.48263
0.55453
0.58091
0.55746
0.48802
0.38397
0.26237
0.14315
0.00000
0.00000
0.00000
0.00000
0.00000
0.00000
0.00000
0.00000
0.00000
0.00000
0.00000
0.00000
0.04823
0.16018
0.29911
0.44226
0.56615
0.65049
0.68144
0.65393
0.57247
0.45042
0.30778
0.16793
0.00000
0.00000
0.00000
0.00000
0.00000
0.00000
0.00000
0.00000
0.00000
0.00000
0.00000
0.00000
0.03979
0.13212
0.24673
0.36481
0.46701
0.53657
0.56210
0.53941
0.47222
0.37154
0.25388
0.13852
0.00000
0.00000
0.00000
0.00000
0.00000
0.00000
0.00000
0.00000
0.00000
0.00000
0.00000
0.00000
0.04612
0.15318
0.28604
0.42293
0.54141
0.62206
0.65166
0.62535
0.54745
0.43073
0.29433
0.16059
0.00000
0.00000
0.00000
0.00000
0.00000
0.00000
0.00000
0.00000
0.00000
0.00000
0.00000
0.00000
0.04656
0.15462
0.28873
0.42691
0.54650
0.62791
0.65779
0.63124
0.55261
0.43479
0.29709
0.16210
0.00000
0.00000
0.00000
0.00000
0.00000
0.00000
0.00000
0.00000
0.00000
0.00000
0.00000
0.00000
0.03585
0.11905
0.22231
0.32870
0.42078
0.48347
0.50647
0.48602
0.42548
0.33477
0.22875
0.12481
0.00000
0.00000
0.00000
0.00000
0.00000
0.00000
0.00000
0.00000
0.00000
0.00000
0.00000
0.00000
0.03585
0.11905
0.22231
0.32870
0.42078
0.48346
0.50646
0.48602
0.42548
0.33476
0.22875
0.12481
0.00000
0.00000
0.00000
0.00000
0.00000
0.00000
0.00000
0.00000
0.00000
0.00000
0.00000
0.00000
0.03700
0.12287
0.22945
0.33926
0.43430
0.49899
0.52274
0.50163
0.43915
0.34552
0.23610
0.12882
0.00000
0.00000
0.00000
0.00000
0.00000
0.00000
0.00000
0.00000
0.00000
0.00000
0.00000
0.00000
0.02167
0.07195
0.13436
0.19867
0.25432
0.29221
0.30611
0.29375
0.25716
0.20233
0.13826
0.07543
0.00000
0.00000
0.00000
0.00000
0.00000
0.00000
0.00000
0.00000
0.00000
0.00000
0.00000
0.00000
0.04664
0.15490
0.28926
0.42770
0.54752
0.62908
0.65901
0.63241
0.55363
0.43560
0.29765
0.16240
0.00000
0.00000
0.00000
0.00000
0.00000
0.00000
0.00000
0.00000
0.00000
0.00000
0.00000
0.00000
0.03906
0.12972
0.24223
0.35815
0.45849
0.52679
0.55185
0.52957
0.46361
0.36476
0.24925
0.13599
0.00000
0.00000
0.00000
0.00000
0.00000
0.00000
0.00000
0.00000
0.00000
0.00000
0.00000
0.00000
0.04320
0.14346
0.26789
0.39610
0.50707
0.58260
0.61032
0.58568
0.51273
0.40341
0.27565
0.15040
0.00000
0.00000
0.00000
0.00000
0.00000
0.00000
0.00000
0.00000
0.00000
0.00000
0.00000
0.00000
0.03988
0.13243
0.24729
0.36565
0.46808
0.53781
0.56340
0.54065
0.47331
0.37239
0.25446
0.13884
0.00000
0.00000
0.00000
0.00000
0.00000
0.00000
0.00000
0.00000
0.00000
0.00000
0.00000
0.00000
0.03549
0.11787
0.22011
0.32546
0.41663
0.47870
0.50147
0.48123
0.42128
0.33146
0.22649
0.12358
0.00000
0.00000
0.00000
0.00000
0.00000
0.00000
0.00000
0.00000
0.00000
0.00000
0.00000
0.00000
0.02059
0.06839
0.12771
0.18884
0.24174
0.27775
0.29096
0.27922
0.24444
0.19232
0.13141
0.07170
0.00000
0.00000
0.00000
0.00000
0.00000
0.00000
0.00000
0.00000
0.00000
0.00000
0.00000
0.00000
0.04241
0.14083
0.26298
0.38883
0.49776
0.57191
0.59912
0.57493
0.50332
0.39601
0.27060
0.14764
0.00000
0.00000
0.00000
0.00000
0.00000
0.00000
0.00000
0.00000
0.00000
0.00000
0.00000
0.00000
0.03550
0.11790
0.22016
0.32553
0.41672
0.47880
0.50158
0.48133
0.42137
0.33154
0.22654
0.12360
0.00000
0.00000
0.00000
0.00000
0.00000
0.00000
0.00000
0.00000
0.00000
0.00000
0.00000
0.00000
0.04637
0.15399
0.28755
0.42517
0.54428
0.62535
0.65511
0.62866
0.55035
0.43301
0.29588
0.16144
0.00000
0.00000
0.00000
0.00000
0.00000
0.00000
0.00000
0.00000
0.00000
0.00000
0.00000
0.00000
0.05205
0.17285
0.32278
0.47726
0.61096
0.70198
0.73538
0.70569
0.61779
0.48607
0.33214
0.18122
0.00000
0.00000
0.00000
0.00000
0.00000
0.00000
0.00000
0.00000
0.00000
0.00000
0.00000
0.00000
0.05023
0.16682
0.31152
0.46060
0.58964
0.67748
0.70971
0.68106
0.59623
0.46911
0.32055
0.17489
0.00000
0.00000
0.00000
0.00000
0.00000
0.00000
0.00000
0.00000
0.00000
0.00000
0.00000
0.00000
0.05414
0.17980
0.33575
0.49643
0.63550
0.73017
0.76491
0.73403
0.64260
0.50559
0.34547
0.18850
0.00000
0.00000
0.00000
0.00000
0.00000
0.00000
0.00000
0.00000
0.00000
0.00000
0.00000
0.00000
0.05578
0.18523
0.34589
0.51142
0.65470
0.75223
0.78802
0.75621
0.66201
0.52087
0.35591
0.19419
0.00000
0.00000
0.00000
0.00000
0.00000
0.00000
0.00000
0.00000
0.00000
0.00000
0.00000
0.00000
0.03781
0.12557
0.23449
0.34671
0.44384
0.50996
0.53423
0.51266
0.44880
0.35311
0.24129
0.13165
0.00000
0.00000
0.00000
0.00000
0.00000
0.00000
0.00000
0.00000
0.00000
0.00000
0.00000
0.00000
0.04182
0.15391
0.29832
0.45074
0.58553
0.68000
0.71826
0.69387
0.61094
0.48341
0.33275
0.18432
0.00000
0.00000
0.00000
0.00000
0.00000
0.00000
0.00000
0.00000
0.00000
0.00000
0.00000
0.00000
0.04021
0.14799
0.28683
0.43338
0.56298
0.65381
0.69059
0.66714
0.58740
0.46479
0.31993
0.17722
0.00000
0.00000
0.00000
0.00000
0.00000
0.00000
0.00000
0.00000
0.00000
0.00000
0.00000
0.00000
0.04229
0.15563
0.30165
0.45577
0.59206
0.68758
0.72627
0.70160
0.61774
0.48880
0.33646
0.18637
0.00000
0.00000
0.00000
0.00000
0.00000
0.00000
0.00000
0.00000
0.00000
0.00000
0.00000
0.00000
0.03209
0.11811
0.22892
0.34588
0.44931
0.52181
0.55117
0.53245
0.46881
0.37095
0.25534
0.14144
0.00000
0.00000
0.00000
0.00000
0.00000
0.00000
0.00000
0.00000
0.00000
0.00000
0.00000
0.00000
0.04557
0.16770
0.32504
0.49111
0.63796
0.74090
0.78258
0.75601
0.66564
0.52670
0.36255
0.20082
0.00000
0.00000
0.00000
0.00000
0.00000
0.00000
0.00000
0.00000
0.00000
0.00000
0.00000
0.00000
0.03239
0.11921
0.23105
0.34910
0.45350
0.52667
0.55630
0.53741
0.47317
0.37440
0.25772
0.14275
0.00000
0.00000
0.00000
0.00000
0.00000
0.00000
0.00000
0.00000
0.00000
0.00000
0.00000
0.00000
0.02785
0.10249
0.19865
0.30015
0.38990
0.45281
0.47829
0.46205
0.40682
0.32190
0.22158
0.12273
0.00000
0.00000
0.00000
0.00000
0.00000
0.00000
0.00000
0.00000
0.00000
0.00000
0.00000
0.00000
0.04251
0.15646
0.30326
0.45821
0.59523
0.69127
0.73016
0.70537
0.62106
0.49142
0.33826
0.18737
0.00000
0.00000
0.00000
0.00000
0.00000
0.00000
0.00000
0.00000
0.00000
0.00000
0.00000
0.00000
0.04215
0.15511
0.30065
0.45425
0.59009
0.68530
0.72386
0.69928
0.61569
0.48717
0.33534
0.18575
0.00000
0.00000
0.00000
0.00000
0.00000
0.00000
0.00000
0.00000
0.00000
0.00000
0.00000
0.00000
0.03914
0.14405
0.27919
0.42184
0.54799
0.63640
0.67221
0.64938
0.57177
0.45242
0.31142
0.17250
0.00000
0.00000
0.00000
0.00000
0.00000
0.00000
0.00000
0.00000
0.00000
0.00000
0.00000
0.00000
0.03156
0.11616
0.22514
0.34017
0.44190
0.51319
0.54207
0.52366
0.46107
0.36483
0.25113
0.13910
0.00000
0.00000
0.00000
0.00000
0.00000
0.00000
0.00000
0.00000
0.00000
0.00000
0.00000
0.00000
0.04268
0.15709
0.30448
0.46005
0.59762
0.69404
0.73309
0.70820
0.62355
0.49339
0.33962
0.18812
0.00000
0.00000
0.00000
0.00000
0.00000
0.00000
0.00000
0.00000
0.00000
0.00000
0.00000
0.00000
0.04710
0.17333
0.33595
0.50759
0.65938
0.76577
0.80885
0.78139
0.68799
0.54438
0.37472
0.20756
0.00000
0.00000
0.00000
0.00000
0.00000
0.00000
0.00000
0.00000
0.00000
0.00000
0.00000
0.00000
0.04175
0.15365
0.29782
0.44998
0.58454
0.67885
0.71705
0.69270
0.60990
0.48259
0.33219
0.18400
0.00000
0.00000
0.00000
0.00000
0.00000
0.00000
0.00000
0.00000
0.00000
0.00000
0.00000
0.00000
0.03080
0.11334
0.21968
0.33192
0.43117
0.50074
0.52891
0.51095
0.44988
0.35597
0.24503
0.13573
0.00000
0.00000
0.00000
0.00000
0.00000
0.00000
0.00000
0.00000
0.00000
0.00000
0.00000
0.00000
0.03410
0.12551
0.24326
0.36755
0.47746
0.55449
0.58569
0.56580
0.49817
0.39419
0.27134
0.15030
0.00000
0.00000
0.00000
0.00000
0.00000
0.00000
0.00000
0.00000
0.00000
0.00000
0.00000
0.00000
0.03270
0.12035
0.23327
0.35245
0.45785
0.53172
0.56163
0.54256
0.47771
0.37799
0.26019
0.14412
0.00000
0.00000
0.00000
0.00000
0.00000
0.00000
0.00000
0.00000
0.00000
0.00000
0.00000
0.00000
0.02454
0.09033
0.17507
0.26453
0.34363
0.39907
0.42152
0.40721
0.35854
0.28370
0.19528
0.10817
0.00000
0.00000
0.00000
0.00000
0.00000
0.00000
0.00000
0.00000
0.00000
0.00000
0.00000
0.00000
0.04004
0.14735
0.28560
0.43152
0.56055
0.65100
0.68762
0.66427
0.58488
0.46279
0.31856
0.17645
0.00000
0.00000
0.00000
0.00000
0.00000
0.00000
0.00000
0.00000
0.00000
0.00000
0.00000
0.00000
0.03462
0.12743
0.24699
0.37319
0.48478
0.56300
0.59467
0.57448
0.50581
0.40023
0.27550
0.15260
0.00000
0.00000
0.00000
0.00000
0.00000
0.00000
0.00000
0.00000
0.00000
0.00000
0.00000
0.00000
0.04046
0.14891
0.28863
0.43610
0.56651
0.65791
0.69492
0.67133
0.59109
0.46770
0.32194
0.17833
0.00000
0.00000
0.00000
0.00000
0.00000
0.00000
0.00000
0.00000
0.00000
0.00000
0.00000
0.00000
0.02662
0.09796
0.18987
0.28688
0.37266
0.43279
0.45714
0.44162
0.38883
0.30767
0.21178
0.11731
0.00000
0.00000
0.00000
0.00000
0.00000
0.00000
0.00000
0.00000
0.00000
0.00000
0.00000
0.00000
0.03710
0.13653
0.26462
0.39982
0.51938
0.60318
0.63712
0.61548
0.54191
0.42880
0.29516
0.16349
0.00000
0.00000
0.00000
0.00000
0.00000
0.00000
0.00000
0.00000
0.00000
0.00000
0.00000
0.00000
0.03063
0.11275
0.21853
0.33018
0.42891
0.49812
0.52614
0.50828
0.44752
0.35411
0.24375
0.13502
0.00000
0.00000
0.00000
0.00000
0.00000
0.00000
0.00000
0.00000
0.00000
0.00000
0.00000
0.00000
0.02884
0.10614
0.20572
0.31083
0.40378
0.46893
0.49532
0.47850
0.42130
0.33336
0.22947
0.12710
0.00000
0.00000
0.00000
0.00000
0.00000
0.00000
0.00000
0.00000
0.00000
0.00000
0.00000
0.00000
0.02402
0.08841
0.17137
0.25892
0.33635
0.39061
0.41259
0.39858
0.35094
0.27768
0.19114
0.10588
0.00000
0.00000
0.00000
0.00000
0.00000
0.00000
0.00000
0.00000
0.00000
0.00000
0.00000
0.00000
0.03342
0.12299
0.23838
0.36017
0.46788
0.54337
0.57394
0.55445
0.48818
0.38628
0.26589
0.14728
0.00000
0.00000
0.00000
0.00000
0.00000
0.00000
0.00000
0.00000
0.00000
0.00000
0.00000
0.00000
0.03023
0.11124
0.21561
0.32578
0.42320
0.49148
0.51913
0.50150
0.44156
0.34939
0.24050
0.13321
0.00000
0.00000
0.00000
0.00000
0.00000
0.00000
0.00000
0.00000
0.00000
0.00000
0.00000
0.00000
0.04354
0.16022
0.31055
0.46922
0.60954
0.70788
0.74771
0.72232
0.63598
0.50323
0.34639
0.19187
0.00000
0.00000
0.00000
0.00000
0.00000
0.00000
0.00000
0.00000
0.00000
0.00000
0.00000
0.00000
0.03286
0.12095
0.23443
0.35421
0.46013
0.53437
0.56444
0.54527
0.48010
0.37988
0.26149
0.14484
0.00000
0.00000
0.00000
0.00000
0.00000
0.00000
0.00000
0.00000
0.00000
0.00000
0.00000
0.00000
0.03155
0.11611
0.22505
0.34003
0.44172
0.51298
0.54185
0.52345
0.46088
0.36468
0.25102
0.13904
0.00000
0.00000
0.00000
0.00000
0.00000
