0.00000
0.00000
0.00000
0.00000
0.00000
0.00000
0.00000
0.03929
0.13612
0.27255
0.42456
0.56543
0.67036
0.72089
0.70814
0.63434
0.51249
0.36401
0.21504
0.00000
0.00000
0.00000
0.00000
0.00000
0.00000
0.00000
0.00000
0.00000
0.00000
0.00000
0.00000
0.03918
0.13575
0.27180
0.42340
0.56388
0.66852
0.71892
0.70620
0.63261
0.51109
0.36302
0.21445
0.00000
0.00000
0.00000
0.00000
0.00000
0.00000
0.00000
0.00000
0.00000
0.00000
0.00000
0.00000
0.03007
0.10417
0.20857
0.32491
0.43271
0.51301
0.55168
0.54192
0.48545
0.39219
0.27857
0.16456
0.00000
0.00000
0.00000
0.00000
0.00000
0.00000
0.00000
0.00000
0.00000
0.00000
0.00000
0.00000
0.04047
0.14021
0.28073
0.43731
0.58240
0.69048
0.74253
0.72940
0.65339
0.52788
0.37494
0.22149
0.00000
0.00000
0.00000
0.00000
0.00000
0.00000
0.00000
0.00000
0.00000
0.00000
0.00000
0.00000
0.04277
0.14818
0.29669
0.46218
0.61552
0.72975
0.78476
0.77088
0.69055
0.55790
0.39627
0.23409
0.00000
0.00000
0.00000
0.00000
0.00000
0.00000
0.00000
0.00000
0.00000
0.00000
0.00000
0.00000
0.03756
0.13014
0.26058
0.40592
0.54060
0.64092
0.68923
0.67704
0.60649
0.48998
0.34803
0.20559
0.00000
0.00000
0.00000
0.00000
0.00000
0.00000
0.00000
0.00000
0.00000
0.00000
0.00000
0.00000
0.04403
0.15255
0.30544
0.47580
0.63366
0.75125
0.80789
0.79359
0.71090
0.57434
0.40794
0.24099
0.00000
0.00000
0.00000
0.00000
0.00000
0.00000
0.00000
0.00000
0.00000
0.00000
0.00000
0.00000
0.03915
0.13566
0.27163
0.42313
0.56352
0.66810
0.71846
0.70575
0.63220
0.51076
0.36279
0.21431
0.00000
0.00000
0.00000
0.00000
0.00000
0.00000
0.00000
0.00000
0.00000
0.00000
0.00000
0.00000
0.04457
0.15443
0.30920
0.48166
0.64147
0.76051
0.81784
0.80337
0.71965
0.58141
0.41297
0.24396
0.00000
0.00000
0.00000
0.00000
0.00000
0.00000
0.00000
0.00000
0.00000
0.00000
0.00000
0.00000
0.04115
0.14257
0.28546
0.44468
0.59223
0.70213
0.75506
0.74170
0.66441
0.53678
0.38127
0.22523
0.00000
0.00000
0.00000
0.00000
0.00000
0.00000
0.00000
0.00000
0.00000
0.00000
0.00000
0.00000
0.04027
0.13953
0.27937
0.43520
0.57959
0.68715
0.73895
0.72588
0.65023
0.52533
0.37313
0.22042
0.00000
0.00000
0.00000
0.00000
0.00000
0.00000
0.00000
0.00000
0.00000
0.00000
0.00000
0.00000
0.04042
0.14006
0.28043
0.43684
0.58178
0.68974
0.74174
0.72862
0.65269
0.52731
0.37454
0.22126
0.00000
0.00000
0.00000
0.00000
0.00000
0.00000
0.00000
0.00000
0.00000
0.00000
0.00000
0.00000
0.04608
0.15965
0.31965
0.49795
0.66316
0.78622
0.84549
0.83053
0.74399
0.60107
0.42693
0.25221
0.00000
0.00000
0.00000
0.00000
0.00000
0.00000
0.00000
0.00000
0.00000
0.00000
0.00000
0.00000
0.04069
0.14098
0.28227
0.43972
0.58561
0.69428
0.74662
0.73341
0.65698
0.53078
0.37701
0.22271
0.00000
0.00000
0.00000
0.00000
0.00000
0.00000
0.00000
0.00000
0.00000
0.00000
0.00000
0.00000
0.04902
0.16985
0.34009
0.52978
0.70556
0.83649
0.89955
0.88364
0.79155
0.63950
0.45423
0.26833
0.00000
0.00000
0.00000
0.00000
0.00000
0.00000
0.00000
0.00000
0.00000
0.00000
0.00000
0.00000
0.04082
0.14144
0.28320
0.44117
0.58754
0.69657
0.74908
0.73583
0.65915
0.53253
0.37825
0.22345
0.00000
0.00000
0.00000
0.00000
0.00000
0.00000
0.00000
0.00000
0.00000
0.00000
0.00000
0.00000
0.04091
0.14174
0.28380
0.44210
0.58878
0.69804
0.75066
0.73738
0.66054
0.53365
0.37905
0.22392
0.00000
0.00000
0.00000
0.00000
0.00000
0.00000
0.00000
0.00000
0.00000
0.00000
0.00000
0.00000
0.03507
0.12151
0.24330
0.37900
0.50475
0.59842
0.64353
0.63215
0.56627
0.45749
0.32495
0.19196
0.00000
0.00000
0.00000
0.00000
0.00000
0.00000
0.00000
0.00000
0.00000
0.00000
0.00000
0.00000
0.03026
0.10483
0.20990
0.32698
0.43546
0.51628
0.55519
0.54537
0.48854
0.39469
0.28035
0.16561
0.00000
0.00000
0.00000
0.00000
0.00000
0.00000
0.00000
0.00000
0.00000
0.00000
0.00000
0.00000
0.03267
0.11320
0.22665
0.35307
0.47021
0.55747
0.59950
0.58889
0.52752
0.42619
0.30272
0.17883
0.00000
0.00000
0.00000
0.00000
0.00000
0.00000
0.00000
0.00000
0.00000
0.00000
0.00000
0.00000
0.02466
0.08546
0.17110
0.26654
0.35497
0.42084
0.45257
0.44456
0.39824
0.32174
0.22853
0.13500
0.00000
0.00000
0.00000
0.00000
0.00000
0.00000
0.00000
0.00000
0.00000
0.00000
0.00000
0.00000
0.04044
0.14012
0.28056
0.43705
0.58205
0.69007
0.74209
0.72896
0.65300
0.52756
0.37472
0.22136
0.00000
0.00000
0.00000
0.00000
0.00000
0.00000
0.00000
0.00000
0.00000
0.00000
0.00000
0.00000
0.04271
0.14799
0.29632
0.46160
0.61475
0.72884
0.78378
0.76991
0.68968
0.55720
0.39577
0.23380
0.00000
0.00000
0.00000
0.00000
0.00000
0.00000
0.00000
0.00000
0.00000
0.00000
0.00000
0.00000
0.03408
0.11809
0.23645
0.36834
0.49055
0.58158
0.62542
0.61436
0.55034
0.44462
0.31581
0.18656
0.00000
0.00000
0.00000
0.00000
0.00000
0.00000
0.00000
0.00000
0.00000
0.00000
0.00000
0.00000
0.03874
0.13423
0.26876
0.41866
0.55757
0.66104
0.71087
0.69829
0.62553
0.50537
0.35895
0.21205
0.00000
0.00000
0.00000
0.00000
0.00000
0.00000
0.00000
0.00000
0.00000
0.00000
0.00000
0.00000
0.03349
0.11605
0.23236
0.36197
0.48206
0.57152
0.61460
0.60373
0.54082
0.43693
0.31034
0.18333
0.00000
0.00000
0.00000
0.00000
0.00000
0.00000
0.00000
0.00000
0.00000
0.00000
0.00000
0.00000
0.04352
0.15078
0.30190
0.47029
0.62633
0.74256
0.79853
0.78441
0.70266
0.56769
0.40322
0.23820
0.00000
0.00000
0.00000
0.00000
0.00000
0.00000
0.00000
0.00000
0.00000
0.00000
0.00000
0.00000
0.04532
0.15702
0.31440
0.48976
0.65226
0.77331
0.83160
0.81689
0.73176
0.59120
0.41992
0.24806
0.00000
0.00000
0.00000
0.00000
0.00000
0.00000
0.00000
0.00000
0.00000
0.00000
0.00000
0.00000
0.03900
0.13514
0.27058
0.42151
0.56136
0.66553
0.71570
0.70304
0.62978
0.50880
0.36139
0.21349
0.00000
0.00000
0.00000
0.00000
0.00000
0.00000
0.00000
0.00000
0.00000
0.00000
0.00000
0.00000
0.04339
0.15033
0.30099
0.46888
0.62445
0.74033
0.79614
0.78205
0.70056
0.56598
0.40201
0.23748
0.00000
0.00000
0.00000
0.00000
0.00000
0.00000
0.00000
0.00000
0.00000
0.00000
0.00000
0.00000
0.03278
0.11359
0.22744
0.35430
0.47185
0.55941
0.60158
0.59094
0.52936
0.42767
0.30377
0.17945
0.00000
0.00000
0.00000
0.00000
0.00000
0.00000
0.00000
0.00000
0.00000
0.00000
0.00000
0.00000
0.00755
0.15271
0.32314
0.49568
0.64692
0.75631
0.80900
0.79783
0.72433
0.59846
0.43733
0.26281
0.09861
0.00000
0.00000
0.00000
0.00000
0.00000
0.00000
0.00000
0.00000
0.00000
0.00000
0.00000
0.00776
0.15688
0.33195
0.50920
0.66456
0.77694
0.83106
0.81959
0.74408
0.61478
0.44925
0.26998
0.10130
0.00000
0.00000
0.00000
0.00000
0.00000
0.00000
0.00000
0.00000
0.00000
0.00000
0.00000
0.00670
0.13547
0.28665
0.43971
0.57387
0.67091
0.71765
0.70774
0.64253
0.53088
0.38794
0.23313
0.08747
0.00000
0.00000
0.00000
0.00000
0.00000
0.00000
0.00000
0.00000
0.00000
0.00000
0.00000
0.00631
0.12757
0.26994
0.41409
0.54043
0.63181
0.67583
0.66650
0.60509
0.49994
0.36534
0.21955
0.08238
0.00000
0.00000
0.00000
0.00000
0.00000
0.00000
0.00000
0.00000
0.00000
0.00000
0.00000
0.00698
0.14120
0.29878
0.45832
0.59816
0.69931
0.74803
0.73770
0.66973
0.55335
0.40437
0.24300
0.09118
0.00000
0.00000
0.00000
0.00000
0.00000
0.00000
0.00000
0.00000
0.00000
0.00000
0.00000
0.00646
0.13057
0.27629
0.42382
0.55314
0.64667
0.69172
0.68217
0.61932
0.51170
0.37393
0.22471
0.08431
0.00000
0.00000
0.00000
0.00000
0.00000
0.00000
0.00000
0.00000
0.00000
0.00000
0.00000
0.00601
0.12160
0.25731
0.39471
0.51514
0.60225
0.64420
0.63531
0.57678
0.47655
0.34824
0.20927
0.07852
0.00000
0.00000
0.00000
0.00000
0.00000
0.00000
0.00000
0.00000
0.00000
0.00000
0.00000
0.00694
0.14027
0.29681
0.45530
0.59422
0.69470
0.74310
0.73284
0.66532
0.54971
0.40170
0.24140
0.09058
0.00000
0.00000
0.00000
0.00000
0.00000
0.00000
0.00000
0.00000
0.00000
0.00000
0.00000
0.00669
0.13534
0.28637
0.43928
0.57331
0.67026
0.71695
0.70705
0.64191
0.53036
0.38757
0.23291
0.08739
0.00000
0.00000
0.00000
0.00000
0.00000
0.00000
0.00000
0.00000
0.00000
0.00000
0.00000
0.00562
0.11368
0.24054
0.36899
0.48157
0.56300
0.60223
0.59391
0.53919
0.44550
0.32555
0.19564
0.07340
0.00000
0.00000
0.00000
0.00000
0.00000
0.00000
0.00000
0.00000
0.00000
0.00000
0.00000
0.00709
0.14343
0.30349
0.46555
0.60759
0.71033
0.75982
0.74933
0.68029
0.56208
0.41074
0.24683
0.09261
0.00000
0.00000
0.00000
0.00000
0.00000
0.00000
0.00000
0.00000
0.00000
0.00000
0.00000
0.00744
0.15035
0.31813
0.48800
0.63690
0.74459
0.79647
0.78547
0.71310
0.58919
0.43055
0.25874
0.09708
0.00000
0.00000
0.00000
0.00000
0.00000
0.00000
0.00000
0.00000
0.00000
0.00000
0.00000
0.00769
0.15555
0.32915
0.50491
0.65896
0.77039
0.82405
0.81268
0.73780
0.60959
0.44546
0.26770
0.10044
0.00000
0.00000
0.00000
0.00000
0.00000
0.00000
0.00000
0.00000
0.00000
0.00000
0.00000
0.00617
0.12467
0.26379
0.40465
0.52811
0.61741
0.66043
0.65131
0.59130
0.48855
0.35701
0.21454
0.08050
0.00000
0.00000
0.00000
0.00000
0.00000
0.00000
0.00000
0.00000
0.00000
0.00000
0.00000
0.00719
0.14527
0.30739
0.47153
0.61540
0.71946
0.76958
0.75895
0.68903
0.56930
0.41601
0.25000
0.09380
0.00000
0.00000
0.00000
0.00000
0.00000
0.00000
0.00000
0.00000
0.00000
0.00000
0.00000
0.00738
0.14914
0.31557
0.48408
0.63177
0.73860
0.79006
0.77915
0.70736
0.58444
0.42708
0.25666
0.09630
0.00000
0.00000
0.00000
0.00000
0.00000
0.00000
0.00000
0.00000
0.00000
0.00000
0.00000
0.00811
0.16391
0.34683
0.53202
0.69435
0.81176
0.86831
0.85633
0.77743
0.64234
0.46939
0.28208
0.10584
0.00000
0.00000
0.00000
0.00000
0.00000
0.00000
0.00000
0.00000
0.00000
0.00000
0.00000
0.00685
0.13845
0.29297
0.44941
0.58652
0.68570
0.73347
0.72335
0.65670
0.54259
0.39650
0.23827
0.08940
0.00000
0.00000
0.00000
0.00000
0.00000
0.00000
0.00000
0.00000
0.00000
0.00000
0.00000
0.00816
0.16488
0.34888
0.53517
0.69846
0.81657
0.87346
0.86140
0.78203
0.64614
0.47217
0.28375
0.10646
0.00000
0.00000
0.00000
0.00000
0.00000
0.00000
0.00000
0.00000
0.00000
0.00000
0.00000
0.00744
0.15033
0.31810
0.48796
0.63684
0.74453
0.79640
0.78540
0.71304
0.58913
0.43051
0.25872
0.09707
0.00000
0.00000
0.00000
0.00000
0.00000
0.00000
0.00000
0.00000
0.00000
0.00000
0.00000
0.00747
0.15105
0.31961
0.49028
0.63986
0.74806
0.80018
0.78913
0.71642
0.59193
0.43256
0.25994
0.09753
0.00000
0.00000
0.00000
0.00000
0.00000
0.00000
0.00000
0.00000
0.00000
0.00000
0.00000
0.00588
0.11881
0.25139
0.38563
0.50329
0.58840
0.62939
0.62070
0.56351
0.46559
0.34023
0.20446
0.07672
0.00000
0.00000
0.00000
0.00000
0.00000
0.00000
0.00000
0.00000
0.00000
0.00000
0.00000
0.00734
0.14840
0.31402
0.48170
0.62867
0.73498
0.78618
0.77533
0.70389
0.58158
0.42499
0.25540
0.09583
0.00000
0.00000
0.00000
0.00000
0.00000
0.00000
0.00000
0.00000
0.00000
0.00000
0.00000
0.00524
0.10592
0.22413
0.34380
0.44870
0.52457
0.56112
0.55337
0.50239
0.41509
0.30333
0.18228
0.06839
0.00000
0.00000
0.00000
0.00000
0.00000
0.00000
0.00000
0.00000
0.00000
0.00000
0.00000
0.00747
0.15096
0.31943
0.49000
0.63951
0.74765
0.79973
0.78869
0.71602
0.59160
0.43231
0.25980
0.09748
0.00000
0.00000
0.00000
0.00000
0.00000
0.00000
0.00000
0.00000
0.00000
0.00000
0.00000
0.00810
0.16375
0.34649
0.53151
0.69368
0.81098
0.86748
0.85551
0.77668
0.64172
0.46894
0.28181
0.10574
0.00000
0.00000
0.00000
0.00000
0.00000
0.00000
0.00000
0.00000
0.00000
0.00000
0.00000
0.00642
0.12974
0.27453
0.42112
0.54961
0.64255
0.68731
0.67782
0.61537
0.50844
0.37154
0.22328
0.08378
0.00000
0.00000
0.00000
0.00000
0.00000
0.00000
0.00000
0.00000
0.00000
0.00000
0.00000
0.00566
0.11450
0.24228
0.37165
0.48505
0.56707
0.60657
0.59820
0.54308
0.44871
0.32790
0.19705
0.07393
0.00000
0.00000
0.00000
0.00000
0.00000
0.00000
0.00000
0.00000
0.00000
0.00000
0.00000
0.00663
0.13406
0.28366
0.43513
0.56790
0.66393
0.71018
0.70038
0.63585
0.52536
0.38391
0.23071
0.08656
0.00000
0.00000
0.00000
0.00000
0.00000
0.00000
0.00000
0.00000
0.00000
0.00000
0.00477
0.04558
0.13956
0.27027
0.41489
0.54817
0.64681
0.69360
0.68035
0.60939
0.49311
0.35181
0.21018
0.09296
0.00000
0.00000
0.00000
0.00000
0.00000
0.00000
0.00000
0.00000
0.00000
0.00000
0.00526
0.05029
0.15396
0.29817
0.45773
0.60476
0.71359
0.76520
0.75059
0.67231
0.54402
0.38813
0.23188
0.10256
0.00000
0.00000
0.00000
0.00000
0.00000
0.00000
0.00000
0.00000
0.00000
0.00000
0.00550
0.05265
0.16118
0.31215
0.47918
0.63311
0.74703
0.80107
0.78577
0.70382
0.56951
0.40632
0.24275
0.10736
0.00000
0.00000
0.00000
0.00000
0.00000
0.00000
0.00000
0.00000
0.00000
0.00000
0.00388
0.03711
0.11361
0.22002
0.33775
0.44624
0.52655
0.56463
0.55385
0.49608
0.40142
0.28640
0.17110
0.07568
0.00000
0.00000
0.00000
0.00000
0.00000
0.00000
0.00000
0.00000
0.00000
0.00000
0.00491
0.04695
0.14375
0.27840
0.42737
0.56466
0.66627
0.71446
0.70082
0.62772
0.50794
0.36239
0.21651
0.09576
0.00000
0.00000
0.00000
0.00000
0.00000
0.00000
0.00000
0.00000
0.00000
0.00000
0.00445
0.04257
0.13032
0.25239
0.38744
0.51190
0.60402
0.64771
0.63534
0.56908
0.46048
0.32854
0.19628
0.08681
0.00000
0.00000
0.00000
0.00000
0.00000
0.00000
0.00000
0.00000
0.00000
0.00000
0.00640
0.06126
0.18755
0.36322
0.55758
0.73669
0.86926
0.93214
0.91434
0.81897
0.66270
0.47281
0.28247
0.12493
0.00000
0.00000
0.00000
0.00000
0.00000
0.00000
0.00000
0.00000
0.00000
0.00000
0.00572
0.05470
0.16748
0.32435
0.49791
0.65785
0.77624
0.83238
0.81649
0.73133
0.59178
0.42221
0.25224
0.11156
0.00000
0.00000
0.00000
0.00000
0.00000
0.00000
0.00000
0.00000
0.00000
0.00000
0.00469
0.04487
0.13736
0.26602
0.40838
0.53956
0.63665
0.68270
0.66967
0.59982
0.48536
0.34629
0.20688
0.09150
0.00000
0.00000
0.00000
0.00000
0.00000
0.00000
0.00000
0.00000
0.00000
0.00000
0.00605
0.05789
0.17723
0.34324
0.52691
0.69616
0.82144
0.88085
0.86403
0.77391
0.62624
0.44679
0.26693
0.11806
0.00000
0.00000
0.00000
0.00000
0.00000
0.00000
0.00000
0.00000
0.00000
0.00000
0.00342
0.03274
0.10025
0.19415
0.29803
0.39377
0.46463
0.49824
0.48873
0.43775
0.35422
0.25272
0.15098
0.06678
0.00000
0.00000
0.00000
0.00000
0.00000
0.00000
0.00000
0.00000
0.00000
0.00000
0.00643
0.06150
0.18827
0.36462
0.55973
0.73953
0.87261
0.93573
0.91786
0.82213
0.66525
0.47463
0.28356
0.12541
0.00000
0.00000
0.00000
0.00000
0.00000
0.00000
0.00000
0.00000
0.00000
0.00000
0.00450
0.04305
0.13181
0.25527
0.39187
0.51774
0.61091
0.65510
0.64259
0.57557
0.46574
0.33229
0.19852
0.08780
0.00000
0.00000
0.00000
0.00000
0.00000
0.00000
0.00000
0.00000
0.00000
0.00000
0.00245
0.02345
0.07179
0.13904
0.21344
0.28200
0.33274
0.35681
0.35000
0.31349
0.25367
0.18098
0.10813
0.04782
0.00000
0.00000
0.00000
0.00000
0.00000
0.00000
0.00000
0.00000
0.00000
0.00000
0.00424
0.04056
0.12418
0.24049
0.36918
0.48776
0.57554
0.61717
0.60538
0.54224
0.43877
0.31305
0.18702
0.08272
0.00000
0.00000
0.00000
0.00000
0.00000
0.00000
0.00000
0.00000
0.00000
0.00000
0.00503
0.04815
0.14740
0.28546
0.43822
0.57898
0.68317
0.73259
0.71860
0.64365
0.52083
0.37159
0.22200
0.09819
0.00000
0.00000
0.00000
0.00000
0.00000
0.00000
0.00000
0.00000
0.00000
0.00000
0.00567
0.05426
0.16612
0.32172
0.49387
0.65251
0.76993
0.82562
0.80986
0.72539
0.58697
0.41878
0.25019
0.11066
0.00000
0.00000
0.00000
0.00000
0.00000
0.00000
0.00000
0.00000
0.00000
0.00000
0.00531
0.05077
0.15543
0.30101
0.46208
0.61051
0.72037
0.77248
0.75773
0.67870
0.54919
0.39182
0.23409
0.10353
0.00000
0.00000
0.00000
0.00000
0.00000
0.00000
0.00000
0.00000
0.00000
0.00000
0.00520
0.04970
0.15217
0.29470
0.45239
0.59771
0.70527
0.75629
0.74185
0.66447
0.53768
0.38361
0.22918
0.10136
0.00000
0.00000
0.00000
0.00000
0.00000
0.00000
0.00000
0.00000
0.00000
0.00000
0.00542
0.05181
0.15863
0.30721
0.47161
0.62310
0.73523
0.78841
0.77335
0.69269
0.56051
0.39990
0.23891
0.10567
0.00000
0.00000
0.00000
0.00000
0.00000
0.00000
0.00000
0.00000
0.00000
0.00000
0.00533
0.05094
0.15597
0.30205
0.46368
0.61263
0.72288
0.77516
0.76036
0.68106
0.55110
0.39318
0.23490
0.10389
0.00000
0.00000
0.00000
0.00000
0.00000
0.00000
0.00000
0.00000
0.00000
0.00000
0.00461
0.04414
0.13515
0.26173
0.40178
0.53084
0.62637
0.67168
0.65885
0.59013
0.47752
0.34069
0.20354
0.09002
0.00000
0.00000
0.00000
0.00000
0.00000
0.00000
0.00000
0.00000
0.00000
0.00000
0.00398
0.03812
0.11670
0.22600
0.34693
0.45838
0.54086
0.57998
0.56891
0.50957
0.41233
0.29418
0.17575
0.07773
0.00000
0.00000
0.00000
0.00000
0.00000
0.00000
0.00000
0.00000
0.00000
0.00000
0.00580
0.05547
0.16982
0.32889
0.50488
0.66705
0.78709
0.84403
0.82791
0.74156
0.60005
0.42811
0.25577
0.11312
0.00000
0.00000
0.00000
0.00000
0.00000
0.00000
0.00000
0.00000
0.00000
0.00000
0.00613
0.05860
0.17940
0.34743
0.53334
0.70466
0.83146
0.89160
0.87458
0.78336
0.63388
0.45225
0.27019
0.11950
0.00000
0.00000
0.00000
0.00000
0.00000
0.00000
0.00000
0.00000
0.00000
0.00000
0.00500
0.04780
0.14634
0.28341
0.43507
0.57482
0.67826
0.72732
0.71343
0.63902
0.51708
0.36892
0.22040
0.09748
0.00000
0.00000
0.00000
0.00000
0.00000
0.00000
0.00000
0.00000
0.00000
0.00000
0.00559
0.05348
0.16374
0.31710
0.48678
0.64315
0.75889
0.81378
0.79824
0.71498
0.57855
0.41277
0.24660
0.10907
0.00000
0.00000
0.00000
0.00000
0.00000
0.00000
0.00000
0.00000
0.00000
0.00000
0.00456
0.04363
0.13358
0.25869
0.39712
0.52468
0.61910
0.66388
0.65120
0.58328
0.47198
0.33674
0.20118
0.08898
0.00000
0.00000
0.00000
0.00000
0.00000
0.00000
0.00000
0.00000
0.00000
0.00000
0.00398
0.03803
0.11643
0.22549
0.34615
0.45734
0.53964
0.57867
0.56762
0.50842
0.41140
0.29352
0.17536
0.07756
0.00000
0.00000
0.00000
0.00000
0.00000
0.00000
0.00000
0.00000
0.00000
0.00000
0.00447
0.04271
0.13077
0.25325
0.38877
0.51365
0.60608
0.64992
0.63751
0.57102
0.46206
0.32966
0.19695
0.08711
0.00000
0.00000
0.00000
0.00000
0.00000
0.00000
0.00000
0.00000
0.00000
0.00000
0.00493
0.04719
0.14448
0.27980
0.42952
0.56749
0.66961
0.71805
0.70434
0.63088
0.51049
0.36421
0.21759
0.09624
0.00000
0.00000
0.00000
0.00000
0.00000
0.00000
0.00000
0.00000
0.00000
0.00000
0.00000
0.04712
0.15023
0.28977
0.44230
0.58220
0.68598
0.73620
0.72443
0.65266
0.53292
0.38534
0.23470
0.00000
0.00000
0.00000
0.00000
0.00000
0.00000
0.00000
0.00000
0.00000
0.00000
0.00000
0.00000
0.04054
0.12925
0.24931
0.38053
0.50090
0.59018
0.63339
0.62327
0.56152
0.45850
0.33153
0.20192
0.00000
0.00000
0.00000
0.00000
0.00000
0.00000
0.00000
0.00000
0.00000
0.00000
0.00000
0.00000
0.03886
0.12390
0.23898
0.36478
0.48016
0.56575
0.60717
0.59747
0.53827
0.43952
0.31780
0.19356
0.00000
0.00000
0.00000
0.00000
0.00000
0.00000
0.00000
0.00000
0.00000
0.00000
0.00000
0.00000
0.04789
0.15267
0.29447
0.44947
0.59164
0.69709
0.74813
0.73618
0.66324
0.54156
0.39159
0.23850
0.00000
0.00000
0.00000
0.00000
0.00000
0.00000
0.00000
0.00000
0.00000
0.00000
0.00000
0.00000
0.02946
0.09391
0.18114
0.27649
0.36395
0.42882
0.46022
0.45286
0.40799
0.33314
0.24088
0.14671
0.00000
0.00000
0.00000
0.00000
0.00000
0.00000
0.00000
0.00000
0.00000
0.00000
0.00000
0.00000
0.04719
0.15044
0.29016
0.44289
0.58298
0.68690
0.73719
0.72541
0.65354
0.53364
0.38586
0.23501
0.00000
0.00000
0.00000
0.00000
0.00000
0.00000
0.00000
0.00000
0.00000
0.00000
0.00000
0.00000
0.03661
0.11670
0.22509
0.34358
0.45225
0.53286
0.57188
0.56274
0.50698
0.41397
0.29933
0.18231
0.00000
0.00000
0.00000
0.00000
0.00000
0.00000
0.00000
0.00000
0.00000
0.00000
0.00000
0.00000
0.03616
0.11527
0.22233
0.33936
0.44670
0.52633
0.56487
0.55584
0.50077
0.40890
0.29566
0.18008
0.00000
0.00000
0.00000
0.00000
0.00000
0.00000
0.00000
0.00000
0.00000
0.00000
0.00000
0.00000
0.02768
0.08826
0.17024
0.25985
0.34204
0.40300
0.43251
0.42560
0.38343
0.31309
0.22638
0.13788
0.00000
0.00000
0.00000
0.00000
0.00000
0.00000
0.00000
0.00000
0.00000
0.00000
0.00000
0.00000
0.03915
0.12481
0.24073
0.36745
0.48367
0.56989
0.61161
0.60184
0.54221
0.44273
0.32013
0.19498
0.00000
0.00000
0.00000
0.00000
0.00000
0.00000
0.00000
0.00000
0.00000
0.00000
0.00000
0.00000
0.02683
0.08554
0.16498
0.25183
0.33148
0.39057
0.41916
0.41246
0.37160
0.30342
0.21940
0.13363
0.00000
0.00000
0.00000
0.00000
0.00000
0.00000
0.00000
0.00000
0.00000
0.00000
0.00000
0.00000
0.03995
0.12738
0.24569
0.37501
0.49363
0.58162
0.62421
0.61423
0.55337
0.45185
0.32672
0.19899
0.00000
0.00000
0.00000
0.00000
0.00000
0.00000
0.00000
0.00000
0.00000
0.00000
0.00000
0.00000
0.02946
0.09392
0.18115
0.27650
0.36396
0.42884
0.46024
0.45288
0.40801
0.33316
0.24090
0.14672
0.00000
0.00000
0.00000
0.00000
0.00000
0.00000
0.00000
0.00000
0.00000
0.00000
0.00000
0.00000
0.04812
0.15343
0.29593
0.45170
0.59457
0.70055
0.75184
0.73983
0.66652
0.54425
0.39353
0.23968
0.00000
0.00000
0.00000
0.00000
0.00000
0.00000
0.00000
0.00000
0.00000
0.00000
0.00000
0.00000
0.03621
0.11545
0.22269
0.33990
0.44741
0.52717
0.56576
0.55672
0.50156
0.40955
0.29613
0.18036
0.00000
0.00000
0.00000
0.00000
0.00000
0.00000
0.00000
0.00000
0.00000
0.00000
0.00000
0.00000
0.02668
0.08505
0.16405
0.25041
0.32961
0.38837
0.41680
0.41014
0.36950
0.30171
0.21816
0.13287
0.00000
0.00000
0.00000
0.00000
0.00000
0.00000
0.00000
0.00000
0.00000
0.00000
0.00000
0.00000
0.03500
0.11158
0.21521
0.32849
0.43239
0.50946
0.54676
0.53803
0.48472
0.39579
0.28619
0.17431
0.00000
0.00000
0.00000
0.00000
0.00000
0.00000
0.00000
0.00000
0.00000
0.00000
0.00000
0.00000
0.04346
0.13856
0.26726
0.40793
0.53696
0.63268
0.67900
0.66815
0.60195
0.49152
0.35540
0.21646
0.00000
0.00000
0.00000
0.00000
0.00000
0.00000
0.00000
0.00000
0.00000
0.00000
0.00000
0.00000
0.04712
0.15021
0.28972
0.44223
0.58211
0.68587
0.73608
0.72432
0.65255
0.53284
0.38528
0.23466
0.00000
0.00000
0.00000
0.00000
0.00000
0.00000
0.00000
0.00000
0.00000
0.00000
0.00000
0.00000
0.04924
0.15700
0.30281
0.46221
0.60840
0.71685
0.76934
0.75704
0.68203
0.55691
0.40268
0.24526
0.00000
0.00000
0.00000
0.00000
0.00000
0.00000
0.00000
0.00000
0.00000
0.00000
0.00000
0.00000
0.04910
0.15652
0.30190
0.46082
0.60657
0.71470
0.76702
0.75477
0.67998
0.55523
0.40147
0.24452
0.00000
0.00000
0.00000
0.00000
0.00000
0.00000
0.00000
0.00000
0.00000
0.00000
0.00000
0.00000
0.03864
0.12318
0.23759
0.36264
0.47735
0.56244
0.60362
0.59397
0.53512
0.43695
0.31594
0.19243
0.00000
0.00000
0.00000
0.00000
0.00000
0.00000
0.00000
0.00000
0.00000
0.00000
0.00000
0.00000
0.04284
0.13657
0.26342
0.40207
0.52925
0.62358
0.66924
0.65855
0.59330
0.48445
0.35029
0.21335
0.00000
0.00000
0.00000
0.00000
0.00000
0.00000
0.00000
0.00000
0.00000
0.00000
0.00000
0.00000
0.04680
0.14920
0.28778
0.43926
0.57820
0.68127
0.73114
0.71946
0.64818
0.52926
0.38269
0.23309
0.00000
0.00000
0.00000
0.00000
0.00000
0.00000
0.00000
0.00000
0.00000
0.00000
0.00000
0.00000
0.04930
0.15716
0.30313
0.46269
0.60905
0.71761
0.77015
0.75784
0.68275
0.55750
0.40311
0.24552
0.00000
0.00000
0.00000
0.00000
0.00000
0.00000
0.00000
0.00000
0.00000
0.00000
0.00000
0.00000
0.03074
0.09800
0.18902
0.28852
0.37978
0.44748
0.48024
0.47256
0.42574
0.34764
0.25137
0.15310
0.00000
0.00000
0.00000
0.00000
0.00000
0.00000
0.00000
0.00000
0.00000
0.00000
0.00000
0.00000
0.04643
0.14803
0.28551
0.43580
0.57365
0.67590
0.72538
0.71379
0.64307
0.52509
0.37968
0.23125
0.00000
0.00000
0.00000
0.00000
0.00000
0.00000
0.00000
0.00000
0.00000
0.00000
0.00000
0.00000
0.04611
0.14701
0.28355
0.43281
0.56971
0.67126
0.72041
0.70890
0.63866
0.52149
0.37707
0.22966
0.00000
0.00000
0.00000
0.00000
0.00000
0.00000
0.00000
0.00000
0.00000
0.00000
0.00000
0.00000
0.04717
0.15039
0.29007
0.44276
0.58281
0.68669
0.73697
0.72519
0.65334
0.53348
0.38574
0.23494
0.00000
0.00000
0.00000
0.00000
0.00000
0.00000
0.00000
0.00000
0.00000
0.00000
0.00000
0.00000
0.02941
0.09376
0.18084
0.27604
0.36335
0.42811
0.45946
0.45212
0.40732
0.33259
0.24049
0.14647
0.00000
0.00000
0.00000
0.00000
0.00000
0.00000
0.00000
0.00000
0.00000
0.00000
0.00000
0.00183
0.04124
0.10873
0.19397
0.28394
0.36487
0.42440
0.45341
0.44747
0.40750
0.33960
0.25415
0.16423
0.00000
0.00000
0.00000
0.00000
0.00000
0.00000
0.00000
0.00000
0.00000
0.00000
0.00000
0.00182
0.04103
0.10817
0.19298
0.28249
0.36301
0.42222
0.45109
0.44518
0.40542
0.33786
0.25285
0.16339
0.00000
0.00000
0.00000
0.00000
0.00000
0.00000
0.00000
0.00000
0.00000
0.00000
0.00000
0.00280
0.06322
0.16669
0.29738
0.43531
0.55939
0.65064
0.69512
0.68603
0.62474
0.52064
0.38965
0.25178
0.00000
0.00000
0.00000
0.00000
0.00000
0.00000
0.00000
0.00000
0.00000
0.00000
0.00000
0.00289
0.06518
0.17185
0.30659
0.44879
0.57671
0.67079
0.71664
0.70726
0.64408
0.53676
0.40171
0.25958
0.00000
0.00000
0.00000
0.00000
0.00000
0.00000
0.00000
0.00000
0.00000
0.00000
0.00000
0.00186
0.04191
0.11051
0.19715
0.28859
0.37084
0.43134
0.46083
0.45480
0.41417
0.34516
0.25831
0.16692
0.00000
0.00000
0.00000
0.00000
0.00000
0.00000
0.00000
0.00000
0.00000
0.00000
0.00000
0.00161
0.03639
0.09593
0.17114
0.25052
0.32192
0.37444
0.40004
0.39480
0.35953
0.29963
0.22424
0.14490
0.00000
0.00000
0.00000
0.00000
0.00000
0.00000
0.00000
0.00000
0.00000
0.00000
0.00000
0.00267
0.06028
0.15892
0.28352
0.41502
0.53332
0.62032
0.66272
0.65405
0.59562
0.49638
0.37149
0.24005
0.00000
0.00000
0.00000
0.00000
0.00000
0.00000
0.00000
0.00000
0.00000
0.00000
0.00000
0.00174
0.03932
0.10367
0.18495
0.27074
0.34791
0.40466
0.43232
0.42667
0.38855
0.32381
0.24234
0.15659
0.00000
0.00000
0.00000
0.00000
0.00000
0.00000
0.00000
0.00000
0.00000
0.00000
0.00000
0.00219
0.04953
0.13058
0.23295
0.34099
0.43819
0.50967
0.54451
0.53738
0.48938
0.40784
0.30522
0.19723
0.00000
0.00000
0.00000
0.00000
0.00000
0.00000
0.00000
0.00000
0.00000
0.00000
0.00000
0.00252
0.05682
0.14981
0.26726
0.39122
0.50273
0.58474
0.62471
0.61653
0.56146
0.46791
0.35018
0.22628
0.00000
0.00000
0.00000
0.00000
0.00000
0.00000
0.00000
0.00000
0.00000
0.00000
0.00000
0.00257
0.05816
0.15333
0.27354
0.40041
0.51454
0.59848
0.63940
0.63103
0.57466
0.47891
0.35841
0.23160
0.00000
0.00000
0.00000
0.00000
0.00000
0.00000
0.00000
0.00000
0.00000
0.00000
0.00000
0.00279
0.06312
0.16641
0.29688
0.43458
0.55844
0.64955
0.69395
0.68487
0.62369
0.51977
0.38899
0.25136
0.00000
0.00000
0.00000
0.00000
0.00000
0.00000
0.00000
0.00000
0.00000
0.00000
0.00000
0.00142
0.03216
0.08480
0.15128
0.22145
0.28457
0.33100
0.35362
0.34899
0.31782
0.26486
0.19822
0.12809
0.00000
0.00000
0.00000
0.00000
0.00000
0.00000
0.00000
0.00000
0.00000
0.00000
0.00000
0.00294
0.06641
0.17510
0.31238
0.45726
0.58760
0.68345
0.73017
0.72062
0.65625
0.54690
0.40929
0.26448
0.00000
0.00000
0.00000
0.00000
0.00000
0.00000
0.00000
0.00000
0.00000
0.00000
0.00000
0.00174
0.03925
0.10347
0.18460
0.27022
0.34724
0.40389
0.43150
0.42585
0.38781
0.32319
0.24187
0.15629
0.00000
0.00000
0.00000
0.00000
0.00000
0.00000
0.00000
0.00000
0.00000
0.00000
0.00000
0.00109
0.02464
0.06495
0.11588
0.16962
0.21797
0.25353
0.27086
0.26732
0.24344
0.20288
0.15183
0.09811
0.00000
0.00000
0.00000
0.00000
0.00000
0.00000
0.00000
0.00000
0.00000
0.00000
0.00000
0.00293
0.06615
0.17440
0.31112
0.45543
0.58524
0.68071
0.72724
0.71773
0.65361
0.54470
0.40765
0.26342
0.00000
0.00000
0.00000
0.00000
0.00000
0.00000
0.00000
0.00000
0.00000
0.00000
0.00000
0.00243
0.05482
0.14453
0.25785
0.37745
0.48503
0.56416
0.60272
0.59483
0.54170
0.45144
0.33785
0.21831
0.00000
0.00000
0.00000
0.00000
0.00000
0.00000
0.00000
0.00000
0.00000
0.00000
0.00000
0.00199
0.04487
0.11829
0.21103
0.30891
0.39696
0.46172
0.49328
0.48683
0.44334
0.36947
0.27651
0.17867
0.00000
0.00000
0.00000
0.00000
0.00000
0.00000
0.00000
0.00000
0.00000
0.00000
0.00000
0.00275
0.06210
0.16373
0.29209
0.42757
0.54944
0.63907
0.68275
0.67382
0.61363
0.51138
0.38271
0.24730
0.00000
0.00000
0.00000
0.00000
0.00000
0.00000
0.00000
0.00000
0.00000
0.00000
0.00000
0.00169
0.03819
0.10070
0.17964
0.26296
0.33792
0.39304
0.41991
0.41441
0.37739
0.31451
0.23538
0.15210
0.00000
0.00000
0.00000
0.00000
0.00000
0.00000
0.00000
0.00000
0.00000
0.00000
0.00000
0.00152
0.03442
0.09075
0.16189
0.23698
0.30453
0.35421
0.37842
0.37347
0.34011
0.28344
0.21212
0.13707
0.00000
0.00000
0.00000
0.00000
0.00000
0.00000
0.00000
0.00000
0.00000
0.00000
0.00000
0.00255
0.05749
0.15158
0.27042
0.39585
0.50868
0.59166
0.63211
0.62384
0.56811
0.47345
0.35433
0.22896
0.00000
0.00000
0.00000
0.00000
0.00000
0.00000
0.00000
0.00000
0.00000
0.00000
0.00000
0.00298
0.06724
0.17727
0.31625
0.46293
0.59488
0.69192
0.73922
0.72955
0.66438
0.55367
0.41437
0.26775
0.00000
0.00000
0.00000
0.00000
0.00000
0.00000
0.00000
0.00000
0.00000
0.00000
0.00000
0.00222
0.05015
0.13223
0.23590
0.34532
0.44374
0.51613
0.55142
0.54420
0.49559
0.41301
0.30909
0.19973
0.00000
0.00000
0.00000
0.00000
0.00000
0.00000
0.00000
0.00000
0.00000
0.00000
0.00000
0.00240
0.05415
0.14277
0.25471
0.37285
0.47912
0.55728
0.59538
0.58759
0.53510
0.44594
0.33374
0.21565
0.00000
0.00000
0.00000
0.00000
0.00000
0.00000
0.00000
0.00000
0.00000
0.00000
0.00000
0.00147
0.03311
0.08730
0.15574
0.22798
0.29296
0.34075
0.36404
0.35928
0.32719
0.27267
0.20406
0.13186
0.00000
0.00000
0.00000
0.00000
0.00000
0.00000
0.00000
0.00000
0.00000
0.00000
0.00000
0.00272
0.06141
0.16190
0.28884
0.42280
0.54332
0.63195
0.67515
0.66631
0.60679
0.50568
0.37845
0.24455
0.00000
0.00000
0.00000
0.00000
0.00000
0.00000
0.00000
0.00000
0.00000
0.00000
0.00000
0.00164
0.03714
0.09793
0.17471
0.25574
0.32864
0.38225
0.40838
0.40304
0.36703
0.30587
0.22891
0.14792
0.00000
0.00000
0.00000
0.00000
0.00000
0.00000
0.00000
0.00000
0.00000
0.00000
0.00000
0.00294
0.06631
0.17483
0.31189
0.45655
0.58668
0.68239
0.72904
0.71950
0.65523
0.54605
0.40866
0.26407
0.00000
0.00000
0.00000
0.00000
0.00000
0.00000
0.00000
0.00000
0.00000
0.00000
0.00000
0.00258
0.05827
0.15364
0.27409
0.40122
0.51558
0.59969
0.64069
0.63230
0.57582
0.47987
0.35913
0.23206
0.00000
0.00000
0.00000
0.00000
0.00000
0.00000
0.00000
0.00000
0.00000
0.00000
0.00000
0.00793
0.04900
0.11388
0.19325
0.27568
0.34935
0.40365
0.43078
0.42684
0.39239
0.33240
0.25547
0.17268
0.00000
0.00000
0.00000
0.00000
0.00000
0.00000
0.00000
0.00000
0.00000
0.00000
0.00000
0.00810
0.05004
0.11630
0.19735
0.28153
0.35676
0.41221
0.43992
0.43589
0.40072
0.33945
0.26090
0.17635
0.00000
0.00000
0.00000
0.00000
0.00000
0.00000
0.00000
0.00000
0.00000
0.00000
0.00000
0.00923
0.05705
0.13259
0.22500
0.32098
0.40675
0.46997
0.50156
0.49697
0.45687
0.38701
0.29745
0.20105
0.00000
0.00000
0.00000
0.00000
0.00000
0.00000
0.00000
0.00000
0.00000
0.00000
0.00000
0.00981
0.06065
0.14096
0.23919
0.34123
0.43241
0.49962
0.53320
0.52833
0.48569
0.41143
0.31622
0.21374
0.00000
0.00000
0.00000
0.00000
0.00000
0.00000
0.00000
0.00000
0.00000
0.00000
0.00000
0.00898
0.05548
0.12895
0.21881
0.31215
0.39556
0.45704
0.48776
0.48330
0.44430
0.37637
0.28927
0.19552
0.00000
0.00000
0.00000
0.00000
0.00000
0.00000
0.00000
0.00000
0.00000
0.00000
0.00000
0.01407
0.08695
0.20207
0.34290
0.48918
0.61989
0.71624
0.76438
0.75738
0.69627
0.58981
0.45332
0.30641
0.00000
0.00000
0.00000
0.00000
0.00000
0.00000
0.00000
0.00000
0.00000
0.00000
0.00000
0.01105
0.06828
0.15868
0.26927
0.38415
0.48679
0.56245
0.60025
0.59476
0.54677
0.46317
0.35598
0.24062
0.00000
0.00000
0.00000
0.00000
0.00000
0.00000
0.00000
0.00000
0.00000
0.00000
0.00000
0.01031
0.06372
0.14808
0.25128
0.35848
0.45427
0.52487
0.56015
0.55503
0.51024
0.43223
0.33220
0.22454
0.00000
0.00000
0.00000
0.00000
0.00000
0.00000
0.00000
0.00000
0.00000
0.00000
0.00000
0.01067
0.06593
0.15323
0.26001
0.37093
0.47005
0.54311
0.57961
0.57431
0.52796
0.44724
0.34374
0.23234
0.00000
0.00000
0.00000
0.00000
0.00000
0.00000
0.00000
0.00000
0.00000
0.00000
0.00000
0.01072
0.06628
0.15405
0.26140
0.37291
0.47256
0.54601
0.58271
0.57738
0.53078
0.44963
0.34558
0.23358
0.00000
0.00000
0.00000
0.00000
0.00000
0.00000
0.00000
0.00000
0.00000
0.00000
0.00000
0.01162
0.07182
0.16691
0.28323
0.40406
0.51203
0.59161
0.63137
0.62560
0.57512
0.48718
0.37444
0.25309
0.00000
0.00000
0.00000
0.00000
0.00000
0.00000
0.00000
0.00000
0.00000
0.00000
0.00000
0.01179
0.07290
0.16943
0.28750
0.41016
0.51975
0.60053
0.64090
0.63503
0.58379
0.49453
0.38009
0.25691
0.00000
0.00000
0.00000
0.00000
0.00000
0.00000
0.00000
0.00000
0.00000
0.00000
0.00000
0.00793
0.04900
0.11388
0.19324
0.27568
0.34935
0.40365
0.43077
0.42683
0.39239
0.33240
0.25547
0.17268
0.00000
0.00000
0.00000
0.00000
0.00000
0.00000
0.00000
0.00000
0.00000
0.00000
0.00000
0.01227
0.07584
0.17626
0.29909
0.42669
0.54070
0.62474
0.66673
0.66063
0.60732
0.51447
0.39541
0.26727
0.00000
0.00000
0.00000
0.00000
0.00000
0.00000
0.00000
0.00000
0.00000
0.00000
0.00000
0.01122
0.06935
0.16118
0.27350
0.39018
0.49444
0.57129
0.60969
0.60411
0.55536
0.47045
0.36158
0.24440
0.00000
0.00000
0.00000
0.00000
0.00000
0.00000
0.00000
0.00000
0.00000
0.00000
0.00000
0.01135
0.07012
0.16297
0.27655
0.39453
0.49994
0.57765
0.61647
0.61084
0.56154
0.47569
0.36560
0.24712
0.00000
0.00000
0.00000
0.00000
0.00000
0.00000
0.00000
0.00000
0.00000
0.00000
0.00000
0.01134
0.07006
0.16282
0.27630
0.39417
0.49949
0.57713
0.61591
0.61028
0.56103
0.47525
0.36527
0.24690
0.00000
0.00000
0.00000
0.00000
0.00000
0.00000
0.00000
0.00000
0.00000
0.00000
0.00000
0.01112
0.06873
0.15973
0.27104
0.38666
0.48998
0.56614
0.60419
0.59866
0.55036
0.46621
0.35832
0.24220
0.00000
0.00000
0.00000
0.00000
0.00000
0.00000
0.00000
0.00000
0.00000
0.00000
0.00000
0.00874
0.05401
0.12553
0.21301
0.30387
0.38507
0.44492
0.47482
0.47048
0.43252
0.36639
0.28160
0.19034
0.00000
0.00000
0.00000
0.00000
0.00000
0.00000
0.00000
0.00000
0.00000
0.00000
0.00000
0.01410
0.08715
0.20256
0.34372
0.49035
0.62137
0.71795
0.76621
0.75920
0.69794
0.59123
0.45440
0.30714
0.00000
0.00000
0.00000
0.00000
0.00000
0.00000
0.00000
0.00000
0.00000
0.00000
0.00000
0.01042
0.06443
0.14975
0.25411
0.36252
0.45939
0.53079
0.56646
0.56128
0.51599
0.43710
0.33594
0.22707
0.00000
0.00000
0.00000
0.00000
0.00000
0.00000
0.00000
0.00000
0.00000
0.00000
0.00000
0.01031
0.06369
0.14803
0.25119
0.35835
0.45410
0.52469
0.55995
0.55483
0.51006
0.43207
0.33208
0.22446
0.00000
0.00000
0.00000
0.00000
0.00000
0.00000
0.00000
0.00000
0.00000
0.00000
0.00000
0.00561
0.03469
0.08063
0.13683
0.19520
0.24736
0.28580
0.30501
0.30222
0.27783
0.23535
0.18089
0.12227
0.00000
0.00000
0.00000
0.00000
0.00000
0.00000
0.00000
0.00000
0.00000
0.00000
0.00000
0.01185
0.07322
0.17018
0.28877
0.41196
0.52204
0.60318
0.64372
0.63783
0.58636
0.49671
0.38176
0.25804
0.00000
0.00000
0.00000
0.00000
0.00000
0.00000
0.00000
0.00000
0.00000
0.00000
0.00000
0.00988
0.06106
0.14192
0.24083
0.34357
0.43537
0.50304
0.53685
0.53194
0.48901
0.41424
0.31838
0.21520
0.00000
0.00000
0.00000
0.00000
0.00000
0.00000
0.00000
0.00000
0.00000
0.00000
0.00000
0.01324
0.08181
0.19014
0.32264
0.46028
0.58327
0.67393
0.71922
0.71265
0.65514
0.55497
0.42654
0.28831
0.00000
0.00000
0.00000
0.00000
0.00000
0.00000
0.00000
0.00000
0.00000
0.00000
0.00000
0.01108
0.06850
0.15921
0.27016
0.38541
0.48840
0.56431
0.60224
0.59673
0.54858
0.46470
0.35716
0.24141
0.00000
0.00000
0.00000
0.00000
0.00000
0.00000
0.00000
0.00000
0.00000
0.00000
0.00000
0.00656
0.04056
0.09427
0.15996
0.22820
0.28917
0.33412
0.35658
0.35332
0.32481
0.27514
0.21147
0.14294
0.00000
0.00000
0.00000
0.00000
0.00000
0.00000
0.00000
0.00000
0.00000
0.00000
0.00000
0.01233
0.07620
0.17710
0.30053
0.42873
0.54329
0.62773
0.66992
0.66380
0.61023
0.51693
0.39730
0.26855
0.00000
0.00000
0.00000
0.00000
0.00000
0.00000
0.00000
0.00000
0.00000
0.00000
0.00000
0.00977
0.06039
0.14036
0.23817
0.33978
0.43057
0.49749
0.53093
0.52607
0.48362
0.40968
0.31487
0.21283
0.00000
0.00000
0.00000
0.00000
0.00000
0.00000
0.00000
0.00000
0.00000
0.00000
0.00000
0.03091
0.09174
0.19485
0.32506
0.46318
0.58886
0.68359
0.73340
0.73097
0.67665
0.57844
0.45081
0.31256
0.18407
0.00000
0.00000
0.00000
0.00000
0.00000
0.00000
0.00000
0.00000
0.00000
0.00000
0.03066
0.09099
0.19326
0.32240
0.45939
0.58404
0.67799
0.72740
0.72498
0.67110
0.57370
0.44711
0.31000
0.18256
0.00000
0.00000
0.00000
0.00000
0.00000
0.00000
0.00000
0.00000
0.00000
0.00000
0.02126
0.06311
0.13404
0.22360
0.31861
0.40507
0.47023
0.50450
0.50282
0.46546
0.39790
0.31010
0.21501
0.12662
0.00000
0.00000
0.00000
0.00000
0.00000
0.00000
0.00000
0.00000
0.00000
0.00000
0.02096
0.06221
0.13212
0.22042
0.31407
0.39929
0.46352
0.49730
0.49565
0.45882
0.39222
0.30568
0.21194
0.12481
0.00000
0.00000
0.00000
0.00000
0.00000
0.00000
0.00000
0.00000
0.00000
0.00000
0.02249
0.06676
0.14179
0.23654
0.33705
0.42851
0.49744
0.53369
0.53192
0.49239
0.42092
0.32805
0.22745
0.13395
0.00000
0.00000
0.00000
0.00000
0.00000
0.00000
0.00000
0.00000
0.00000
0.00000
0.02461
0.07304
0.15514
0.25881
0.36878
0.46884
0.54426
0.58393
0.58199
0.53874
0.46054
0.35893
0.24886
0.14655
0.00000
0.00000
0.00000
0.00000
0.00000
0.00000
0.00000
0.00000
0.00000
0.00000
0.02954
0.08769
0.18625
0.31070
0.44272
0.56285
0.65340
0.70101
0.69869
0.64676
0.55289
0.43090
0.29876
0.17594
0.00000
0.00000
0.00000
0.00000
0.00000
0.00000
0.00000
0.00000
0.00000
0.00000
0.01933
0.05738
0.12188
0.20333
0.28973
0.36835
0.42760
0.45876
0.45724
0.42326
0.36182
0.28199
0.19551
0.11514
0.00000
0.00000
0.00000
0.00000
0.00000
0.00000
0.00000
0.00000
0.00000
0.00000
0.02489
0.07388
0.15692
0.26178
0.37300
0.47422
0.55050
0.59062
0.58866
0.54491
0.46582
0.36304
0.25171
0.14823
0.00000
0.00000
0.00000
0.00000
0.00000
0.00000
0.00000
0.00000
0.00000
0.00000
0.02857
0.08479
0.18010
0.30045
0.42811
0.54427
0.63183
0.67787
0.67562
0.62541
0.53464
0.41667
0.28889
0.17013
0.00000
0.00000
0.00000
0.00000
0.00000
0.00000
0.00000
0.00000
0.00000
0.00000
0.01810
0.05374
0.11413
0.19040
0.27130
0.34492
0.40041
0.42959
0.42816
0.39634
0.33881
0.26406
0.18308
0.10782
0.00000
0.00000
0.00000
0.00000
0.00000
0.00000
0.00000
0.00000
0.00000
0.00000
0.01868
0.05545
0.11777
0.19646
0.27994
0.35590
0.41315
0.44326
0.44179
0.40896
0.34960
0.27246
0.18891
0.11125
0.00000
0.00000
0.00000
0.00000
0.00000
0.00000
0.00000
0.00000
0.00000
0.00000
0.02519
0.07476
0.15879
0.26489
0.37745
0.47986
0.55706
0.59765
0.59567
0.55140
0.47137
0.36736
0.25471
0.15000
0.00000
0.00000
0.00000
0.00000
0.00000
0.00000
0.00000
0.00000
0.00000
0.00000
0.02890
0.08576
0.18216
0.30389
0.43301
0.55050
0.63906
0.68563
0.68336
0.63257
0.54076
0.42144
0.29220
0.17208
0.00000
0.00000
0.00000
0.00000
0.00000
0.00000
0.00000
0.00000
0.00000
0.00000
0.01967
0.05837
0.12397
0.20682
0.29469
0.37466
0.43492
0.46662
0.46507
0.43051
0.36802
0.28682
0.19886
0.11711
0.00000
0.00000
0.00000
0.00000
0.00000
0.00000
0.00000
0.00000
0.00000
0.00000
0.03182
0.09443
0.20057
0.33460
0.47678
0.60614
0.70365
0.75493
0.75243
0.69651
0.59541
0.46404
0.32174
0.18947
0.00000
0.00000
0.00000
0.00000
0.00000
0.00000
0.00000
0.00000
0.00000
0.00000
0.01793
0.05323
0.11305
0.18860
0.26874
0.34166
0.39662
0.42552
0.42411
0.39259
0.33561
0.26156
0.18135
0.10680
0.00000
0.00000
0.00000
0.00000
0.00000
0.00000
0.00000
0.00000
0.00000
0.00000
0.01758
0.05219
0.11084
0.18491
0.26348
0.33498
0.38886
0.41720
0.41582
0.38491
0.32905
0.25644
0.17780
0.10471
0.00000
0.00000
0.00000
0.00000
0.00000
0.00000
0.00000
0.00000
0.00000
0.00000
0.02054
0.06097
0.12950
0.21603
0.30783
0.39135
0.45431
0.48742
0.48580
0.44970
0.38443
0.29960
0.20773
0.12233
0.00000
0.00000
0.00000
0.00000
0.00000
0.00000
0.00000
0.00000
0.00000
0.00000
0.02064
0.06127
0.13014
0.21711
0.30936
0.39330
0.45657
0.48985
0.48822
0.45194
0.38634
0.30110
0.20876
0.12294
0.00000
0.00000
0.00000
0.00000
0.00000
0.00000
0.00000
0.00000
0.00000
0.00000
0.02399
0.07122
0.15127
0.25235
0.35957
0.45714
0.53067
0.56934
0.56746
0.52528
0.44904
0.34996
0.24264
0.14289
0.00000
0.00000
0.00000
0.00000
0.00000
0.00000
0.00000
0.00000
0.00000
0.00000
0.02648
0.07860
0.16694
0.27850
0.39683
0.50451
0.58567
0.62835
0.62626
0.57972
0.49558
0.38623
0.26779
0.15770
0.00000
0.00000
0.00000
0.00000
0.00000
0.00000
0.00000
0.00000
0.00000
0.00000
0.02246
0.06666
0.14159
0.23620
0.33656
0.42788
0.49671
0.53291
0.53114
0.49167
0.42031
0.32757
0.22712
0.13375
0.00000
0.00000
0.00000
0.00000
0.00000
0.00000
0.00000
0.00000
0.00000
0.00000
0.01433
0.04253
0.09033
0.15068
0.21471
0.27297
0.31688
0.33997
0.33884
0.31366
0.26814
0.20897
0.14489
0.08533
0.00000
0.00000
0.00000
0.00000
0.00000
0.00000
0.00000
0.00000
0.00000
0.00000
0.02525
0.07494
0.15917
0.26554
0.37837
0.48103
0.55841
0.59911
0.59712
0.55274
0.47252
0.36826
0.25533
0.15036
0.00000
0.00000
0.00000
0.00000
0.00000
0.00000
0.00000
0.00000
0.00000
0.00000
0.02654
0.07876
0.16729
0.27907
0.39765
0.50555
0.58688
0.62965
0.62756
0.58092
0.49660
0.38703
0.26834
0.15803
0.00000
0.00000
0.00000
0.00000
0.00000
0.00000
0.00000
0.00000
0.00000
0.00000
0.03082
0.09148
0.19430
0.32414
0.46186
0.58719
0.68164
0.73132
0.72889
0.67472
0.57679
0.44952
0.31167
0.18355
0.00000
0.00000
0.00000
0.00000
0.00000
0.00000
0.00000
0.00000
0.00000
0.00000
0.02533
0.07517
0.15967
0.26637
0.37955
0.48254
0.56016
0.60098
0.59899
0.55447
0.47399
0.36941
0.25613
0.15083
0.00000
0.00000
0.00000
0.00000
0.00000
0.00000
0.00000
0.00000
0.00000
0.00000
0.01625
0.04822
0.10242
0.17086
0.24346
0.30952
0.35932
0.38550
0.38422
0.35567
0.30404
0.23696
0.16429
0.09675
0.00000
0.00000
0.00000
0.00000
0.00000
0.00000
0.00000
0.00000
0.00000
0.00000
0.02523
0.07489
0.15907
0.26537
0.37812
0.48072
0.55805
0.59872
0.59673
0.55239
0.47221
0.36802
0.25516
0.15027
0.00000
0.00000
0.00000
0.00000
0.00000
0.00000
0.00000
0.00000
0.00000
0.00000
0.02175
0.06457
0.13714
0.22879
0.32600
0.41446
0.48113
0.51620
0.51448
0.47625
0.40712
0.31729
0.21999
0.12955
0.00000
0.00000
0.00000
0.00000
0.00000
0.00000
0.00000
0.00000
0.00000
0.00000
0.01675
0.08001
0.18720
0.32243
0.46564
0.59561
0.69307
0.74356
0.73960
0.68177
0.57866
0.44554
0.30216
0.00000
0.00000
0.00000
0.00000
0.00000
0.00000
0.00000
0.00000
0.00000
0.00000
0.00000
0.01505
0.07191
0.16824
0.28977
0.41848
0.53528
0.62287
0.66824
0.66468
0.61271
0.52004
0.40041
0.27155
0.00000
0.00000
0.00000
0.00000
0.00000
0.00000
0.00000
0.00000
0.00000
0.00000
0.00000
0.01451
0.06930
0.16215
0.27928
0.40333
0.51590
0.60031
0.64405
0.64061
0.59053
0.50121
0.38591
0.26172
0.00000
0.00000
0.00000
0.00000
0.00000
0.00000
0.00000
0.00000
0.00000
0.00000
0.00000
0.01669
0.07973
0.18655
0.32131
0.46403
0.59355
0.69067
0.74098
0.73704
0.67941
0.57665
0.44400
0.30111
0.00000
0.00000
0.00000
0.00000
0.00000
0.00000
0.00000
0.00000
0.00000
0.00000
0.00000
0.01331
0.06357
0.14873
0.25616
0.36995
0.47321
0.55063
0.59075
0.58760
0.54166
0.45974
0.35398
0.24006
0.00000
0.00000
0.00000
0.00000
0.00000
0.00000
0.00000
0.00000
0.00000
0.00000
0.00000
0.01108
0.05295
0.12388
0.21337
0.30815
0.39416
0.45865
0.49206
0.48944
0.45117
0.38294
0.29484
0.19996
0.00000
0.00000
0.00000
0.00000
0.00000
0.00000
0.00000
0.00000
0.00000
0.00000
0.00000
0.01153
0.05510
0.12891
0.22204
0.32066
0.41017
0.47728
0.51205
0.50932
0.46950
0.39849
0.30682
0.20808
0.00000
0.00000
0.00000
0.00000
0.00000
0.00000
0.00000
0.00000
0.00000
0.00000
0.00000
0.01629
0.07784
0.18211
0.31367
0.45299
0.57943
0.67424
0.72336
0.71950
0.66325
0.56294
0.43344
0.29395
0.00000
0.00000
0.00000
0.00000
0.00000
0.00000
0.00000
0.00000
0.00000
0.00000
0.00000
0.01052
0.05025
0.11757
0.20250
0.29244
0.37407
0.43527
0.46698
0.46449
0.42818
0.36342
0.27982
0.18977
0.00000
0.00000
0.00000
0.00000
0.00000
0.00000
0.00000
0.00000
0.00000
0.00000
0.00000
0.01584
0.07565
0.17700
0.30487
0.44028
0.56317
0.65532
0.70306
0.69931
0.64464
0.54714
0.42127
0.28570
0.00000
0.00000
0.00000
0.00000
0.00000
0.00000
0.00000
0.00000
0.00000
0.00000
0.00000
0.00528
0.02522
0.05902
0.10165
0.14680
0.18778
0.21850
0.23442
0.23317
0.21494
0.18243
0.14047
0.09526
0.00000
0.00000
0.00000
0.00000
0.00000
0.00000
0.00000
0.00000
0.00000
0.00000
0.00000
0.01303
0.06225
0.14564
0.25084
0.36226
0.46337
0.53919
0.57847
0.57539
0.53040
0.45018
0.34662
0.23507
0.00000
0.00000
0.00000
0.00000
0.00000
0.00000
0.00000
0.00000
0.00000
0.00000
0.00000
0.01516
0.07244
0.16949
0.29192
0.42159
0.53926
0.62749
0.67321
0.66962
0.61727
0.52391
0.40339
0.27357
0.00000
0.00000
0.00000
0.00000
0.00000
0.00000
0.00000
0.00000
0.00000
0.00000
0.00000
0.01645
0.07858
0.18385
0.31665
0.45730
0.58494
0.68065
0.73024
0.72635
0.66956
0.56829
0.43756
0.29675
0.00000
0.00000
0.00000
0.00000
0.00000
0.00000
0.00000
0.00000
0.00000
0.00000
0.00000
0.01299
0.06207
0.14523
0.25013
0.36124
0.46206
0.53767
0.57683
0.57376
0.52890
0.44891
0.34564
0.23441
0.00000
0.00000
0.00000
0.00000
0.00000
0.00000
0.00000
0.00000
0.00000
0.00000
0.00000
0.01041
0.04974
0.11638
0.20045
0.28949
0.37029
0.43087
0.46226
0.45980
0.42385
0.35975
0.27699
0.18785
0.00000
0.00000
0.00000
0.00000
0.00000
0.00000
0.00000
0.00000
0.00000
0.00000
0.00000
0.00934
0.04460
0.10434
0.17971
0.25954
0.33198
0.38630
0.41444
0.41224
0.38001
0.32253
0.24834
0.16842
0.00000
0.00000
0.00000
0.00000
0.00000
0.00000
0.00000
0.00000
0.00000
0.00000
0.00000
0.01519
0.07257
0.16980
0.29247
0.42237
0.54026
0.62866
0.67446
0.67087
0.61842
0.52488
0.40414
0.27408
0.00000
0.00000
0.00000
0.00000
0.00000
0.00000
0.00000
0.00000
0.00000
0.00000
0.00000
0.01344
0.06418
0.15017
0.25865
0.37354
0.47780
0.55597
0.59648
0.59330
0.54691
0.46419
0.35741
0.24239
0.00000
0.00000
0.00000
0.00000
0.00000
0.00000
0.00000
0.00000
0.00000
0.00000
0.00000
0.01328
0.06346
0.14847
0.25572
0.36930
0.47238
0.54967
0.58971
0.58657
0.54071
0.45893
0.35336
0.23964
0.00000
0.00000
0.00000
0.00000
0.00000
0.00000
0.00000
0.00000
0.00000
0.00000
0.00000
0.01466
0.07004
0.16388
0.28226
0.40763
0.52140
0.60672
0.65091
0.64745
0.59683
0.50656
0.39003
0.26451
0.00000
0.00000
0.00000
0.00000
0.00000
0.00000
0.00000
0.00000
0.00000
0.00000
0.00000
0.00805
0.03843
0.08992
0.15488
0.22368
0.28611
0.33292
0.35717
0.35527
0.32750
0.27796
0.21402
0.14515
0.00000
0.00000
0.00000
0.00000
0.00000
0.00000
0.00000
0.00000
0.00000
0.00000
0.00000
0.01247
0.05955
0.13934
0.23999
0.34658
0.44332
0.51586
0.55344
0.55049
0.50745
0.43070
0.33162
0.22490
0.00000
0.00000
0.00000
0.00000
0.00000
0.00000
0.00000
0.00000
0.00000
0.00000
0.00000
0.01461
0.06978
0.16327
0.28120
0.40611
0.51946
0.60445
0.64849
0.64503
0.59460
0.50467
0.38858
0.26353
0.00000
0.00000
0.00000
0.00000
0.00000
0.00000
0.00000
0.00000
0.00000
0.00000
0.00000
0.01025
0.04896
0.11455
0.19730
0.28494
0.36447
0.42411
0.45500
0.45258
0.41719
0.35410
0.27264
0.18490
0.00000
0.00000
0.00000
0.00000
0.00000
0.00000
0.00000
0.00000
0.00000
0.00000
0.00000
0.01136
0.05424
0.12691
0.21859
0.31569
0.40380
0.46987
0.50410
0.50141
0.46221
0.39230
0.30206
0.20485
0.00000
0.00000
0.00000
0.00000
0.00000
0.00000
0.00000
0.00000
0.00000
0.00000
0.00000
0.01408
0.06728
0.15741
0.27112
0.39155
0.50083
0.58278
0.62524
0.62191
0.57328
0.48658
0.37464
0.25408
0.00000
0.00000
0.00000
0.00000
0.00000
0.00000
0.00000
0.00000
0.00000
0.00000
0.00000
0.01223
0.05841
0.13667
0.23540
0.33996
0.43485
0.50599
0.54286
0.53996
0.49775
0.42247
0.32528
0.22060
0.00000
0.00000
0.00000
0.00000
0.00000
0.00000
0.00000
0.00000
0.00000
0.00000
0.00000
0.01228
0.05868
0.13729
0.23647
0.34151
0.43683
0.50831
0.54533
0.54243
0.50002
0.42440
0.32677
0.22161
0.00000
0.00000
0.00000
0.00000
0.00000
0.00000
0.00000
0.00000
0.00000
0.00000
0.00000
0.01327
0.06338
0.14829
0.25541
0.36885
0.47180
0.54900
0.58900
0.58586
0.54005
0.45837
0.35293
0.23935
0.00000
0.00000
0.00000
0.00000
0.00000
0.00000
0.00000
0.00000
0.00000
0.00000
0.00000
0.01195
0.05710
0.13360
0.23010
0.33231
0.42507
0.49461
0.53065
0.52782
0.48655
0.41296
0.31796
0.21564
0.00000
0.00000
0.00000
0.00000
0.00000
0.00000
0.00000
0.00000
0.00000
0.00000
0.00000
0.01445
0.08785
0.20904
0.35968
0.51694
0.65702
0.75870
0.80659
0.79343
0.72123
0.60090
0.45068
0.29330
0.00000
0.00000
0.00000
0.00000
0.00000
0.00000
0.00000
0.00000
0.00000
0.00000
0.00000
0.01563
0.09506
0.22621
0.38920
0.55938
0.71096
0.82099
0.87281
0.85857
0.78044
0.65023
0.48768
0.31738
0.00000
0.00000
0.00000
0.00000
0.00000
0.00000
0.00000
0.00000
0.00000
0.00000
0.00000
0.00884
0.05373
0.12786
0.21999
0.31618
0.40186
0.46405
0.49334
0.48530
0.44113
0.36754
0.27565
0.17940
0.00000
0.00000
0.00000
0.00000
0.00000
0.00000
0.00000
0.00000
0.00000
0.00000
0.00000
0.01509
0.09175
0.21833
0.37566
0.53990
0.68621
0.79241
0.84242
0.82869
0.75327
0.62760
0.47070
0.30634
0.00000
0.00000
0.00000
0.00000
0.00000
0.00000
0.00000
0.00000
0.00000
0.00000
0.00000
0.00938
0.05706
0.13577
0.23360
0.33573
0.42671
0.49275
0.52385
0.51531
0.46841
0.39026
0.29270
0.19049
0.00000
0.00000
0.00000
0.00000
0.00000
0.00000
0.00000
0.00000
0.00000
0.00000
0.00000
0.01365
0.08303
0.19758
0.33995
0.48859
0.62099
0.71710
0.76236
0.74993
0.68168
0.56795
0.42597
0.27722
0.00000
0.00000
0.00000
0.00000
0.00000
0.00000
0.00000
0.00000
0.00000
0.00000
0.00000
0.01253
0.07620
0.18132
0.31197
0.44837
0.56987
0.65807
0.69960
0.68820
0.62557
0.52120
0.39090
0.25440
0.00000
0.00000
0.00000
0.00000
0.00000
0.00000
0.00000
0.00000
0.00000
0.00000
0.00000
0.01212
0.07372
0.17543
0.30185
0.43382
0.55138
0.63671
0.67690
0.66586
0.60527
0.50429
0.37822
0.24615
0.00000
0.00000
0.00000
0.00000
0.00000
0.00000
0.00000
0.00000
0.00000
0.00000
0.00000
0.00998
0.06067
0.14437
0.24840
0.35701
0.45375
0.52397
0.55704
0.54796
0.49809
0.41499
0.31125
0.20256
0.00000
0.00000
0.00000
0.00000
0.00000
0.00000
0.00000
0.00000
0.00000
0.00000
0.00000
0.01264
0.07687
0.18292
0.31473
0.45234
0.57492
0.66389
0.70580
0.69429
0.63111
0.52582
0.39436
0.25665
0.00000
0.00000
0.00000
0.00000
0.00000
0.00000
0.00000
0.00000
0.00000
0.00000
0.00000
0.00877
0.05330
0.12684
0.21824
0.31366
0.39865
0.46035
0.48940
0.48142
0.43761
0.36460
0.27345
0.17796
0.00000
0.00000
0.00000
0.00000
0.00000
0.00000
0.00000
0.00000
0.00000
0.00000
0.00000
0.01469
0.08933
0.21257
0.36575
0.52566
0.66811
0.77150
0.82020
0.80683
0.73340
0.61104
0.45829
0.29826
0.00000
0.00000
0.00000
0.00000
0.00000
0.00000
0.00000
0.00000
0.00000
0.00000
0.00000
0.01067
0.06490
0.15442
0.26570
0.38187
0.48535
0.56046
0.59584
0.58612
0.53278
0.44389
0.33292
0.21667
0.00000
0.00000
0.00000
0.00000
0.00000
0.00000
0.00000
0.00000
0.00000
0.00000
0.00000
0.00852
0.05179
0.12323
0.21202
0.30472
0.38729
0.44723
0.47546
0.46771
0.42514
0.35422
0.26566
0.17290
0.00000
0.00000
0.00000
0.00000
0.00000
0.00000
0.00000
0.00000
0.00000
0.00000
0.00000
0.01282
0.07799
0.18558
0.31930
0.45891
0.58327
0.67353
0.71605
0.70437
0.64027
0.53345
0.40009
0.26038
0.00000
0.00000
0.00000
0.00000
0.00000
0.00000
0.00000
0.00000
0.00000
0.00000
0.00000
0.00954
0.05801
0.13803
0.23750
0.34134
0.43383
0.50098
0.53260
0.52391
0.47623
0.39678
0.29759
0.19367
0.00000
0.00000
0.00000
0.00000
0.00000
0.00000
0.00000
0.00000
0.00000
0.00000
0.00000
0.01137
0.06912
0.16447
0.28298
0.40670
0.51691
0.59691
0.63458
0.62423
0.56743
0.47276
0.35457
0.23076
0.00000
0.00000
0.00000
0.00000
0.00000
0.00000
0.00000
0.00000
0.00000
0.00000
0.00000
0.01424
0.08657
0.20600
0.35444
0.50941
0.64744
0.74764
0.79484
0.78187
0.71072
0.59215
0.44411
0.28903
0.00000
0.00000
0.00000
0.00000
0.00000
0.00000
0.00000
0.00000
0.00000
0.00000
0.00000
0.01423
0.08655
0.20595
0.35435
0.50928
0.64728
0.74746
0.79464
0.78168
0.71054
0.59200
0.44400
0.28896
0.00000
0.00000
0.00000
0.00000
0.00000
0.00000
0.00000
0.00000
0.00000
0.00000
0.00000
0.01081
0.06571
0.15635
0.26902
0.38664
0.49141
0.56747
0.60329
0.59345
0.53944
0.44944
0.33708
0.21938
0.00000
0.00000
0.00000
0.00000
0.00000
0.00000
0.00000
0.00000
0.00000
0.00000
0.00000
0.00995
0.06049
0.14393
0.24765
0.35592
0.45237
0.52238
0.55536
0.54630
0.49658
0.41374
0.31030
0.20195
0.00000
0.00000
0.00000
0.00000
0.00000
0.00000
0.00000
0.00000
0.00000
0.00000
0.00000
0.01355
0.08242
0.19613
0.33745
0.48500
0.61642
0.71182
0.75675
0.74441
0.67666
0.56377
0.42283
0.27518
0.00000
0.00000
0.00000
0.00000
0.00000
0.00000
0.00000
0.00000
0.00000
0.00000
0.00000
0.01126
0.06848
0.16295
0.28037
0.40295
0.51214
0.59140
0.62873
0.61848
0.56219
0.46840
0.35130
0.22863
0.00000
0.00000
0.00000
0.00000
0.00000
0.00000
0.00000
0.00000
0.00000
0.00000
0.00000
0.01248
0.07588
0.18057
0.31069
0.44653
0.56753
0.65536
0.69673
0.68537
0.62299
0.51906
0.38929
0.25336
0.00000
0.00000
0.00000
0.00000
0.00000
0.00000
0.00000
0.00000
0.00000
0.00000
0.00000
0.00906
0.05507
0.13104
0.22547
0.32405
0.41186
0.47560
0.50562
0.49737
0.45211
0.37668
0.28251
0.18386
0.00000
0.00000
0.00000
0.00000
0.00000
0.00000
0.00000
0.00000
0.00000
0.00000
0.00000
0.01124
0.06838
0.16270
0.27994
0.40234
0.51137
0.59051
0.62779
0.61755
0.56135
0.46770
0.35077
0.22829
0.00000
0.00000
0.00000
0.00000
0.00000
0.00000
0.00000
0.00000
0.00000
0.00000
0.00000
0.01243
0.07559
0.17987
0.30949
0.44481
0.56534
0.65283
0.69404
0.68272
0.62059
0.51706
0.38779
0.25238
0.00000
0.00000
0.00000
0.00000
0.00000
0.00000
0.00000
0.00000
0.00000
0.00000
0.00000
0.01309
0.07958
0.18937
0.32583
0.46829
0.59519
0.68731
0.73069
0.71877
0.65336
0.54436
0.40827
0.26571
0.00000
0.00000
0.00000
0.00000
0.00000
0.00000
0.00000
0.00000
0.00000
0.00000
0.00000
0.01527
0.09286
0.22096
0.38018
0.54641
0.69447
0.80195
0.85257
0.83866
0.76234
0.63516
0.47637
0.31002
0.00000
0.00000
0.00000
0.00000
0.00000
0.00000
0.00000
0.00000
0.00000
0.00000
0.00000
0.01068
0.06497
0.15461
0.26601
0.38232
0.48592
0.56112
0.59654
0.58681
0.53341
0.44442
0.33332
0.21692
0.00000
0.00000
0.00000
0.00000
0.00000
0.00000
0.00000
0.00000
0.00000
0.00000
0.00000
0.01128
0.07857
0.19025
0.32835
0.47058
0.59404
0.67882
0.71126
0.68612
0.60747
0.48797
0.34689
0.20697
0.00000
0.00000
0.00000
0.00000
0.00000
0.00000
0.00000
0.00000
0.00000
0.00000
0.00000
0.01172
0.08162
0.19764
0.34109
0.48885
0.61710
0.70517
0.73887
0.71276
0.63105
0.50691
0.36035
0.21500
0.00000
0.00000
0.00000
0.00000
0.00000
0.00000
0.00000
0.00000
0.00000
0.00000
0.00000
0.01130
0.07867
0.19051
0.32878
0.47121
0.59484
0.67973
0.71221
0.68704
0.60828
0.48862
0.34735
0.20724
0.00000
0.00000
0.00000
0.00000
0.00000
0.00000
0.00000
0.00000
0.00000
0.00000
0.00000
0.00822
0.05722
0.13856
0.23913
0.34272
0.43263
0.49437
0.51800
0.49969
0.44241
0.35538
0.25263
0.15073
0.00000
0.00000
0.00000
0.00000
0.00000
0.00000
0.00000
0.00000
0.00000
0.00000
0.00000
0.01006
0.07004
0.16961
0.29272
0.41952
0.52959
0.60517
0.63408
0.61168
0.54156
0.43502
0.30925
0.18451
0.00000
0.00000
0.00000
0.00000
0.00000
0.00000
0.00000
0.00000
0.00000
0.00000
0.00000
0.01061
0.07388
0.17892
0.30878
0.44254
0.55865
0.63837
0.66888
0.64524
0.57127
0.45889
0.32622
0.19464
0.00000
0.00000
0.00000
0.00000
0.00000
0.00000
0.00000
0.00000
0.00000
0.00000
0.00000
0.00599
0.04168
0.10092
0.17418
0.24963
0.31512
0.36009
0.37730
0.36397
0.32224
0.25885
0.18401
0.10979
0.00000
0.00000
0.00000
0.00000
0.00000
0.00000
0.00000
0.00000
0.00000
0.00000
0.00000
0.01018
0.07086
0.17160
0.29615
0.42445
0.53580
0.61227
0.64153
0.61886
0.54791
0.44013
0.31288
0.18668
0.00000
0.00000
0.00000
0.00000
0.00000
0.00000
0.00000
0.00000
0.00000
0.00000
0.00000
0.00846
0.05893
0.14270
0.24628
0.35297
0.44557
0.50916
0.53349
0.51464
0.45564
0.36601
0.26019
0.15524
0.00000
0.00000
0.00000
0.00000
0.00000
0.00000
0.00000
0.00000
0.00000
0.00000
0.00000
0.01161
0.08083
0.19573
0.33780
0.48414
0.61115
0.69837
0.73174
0.70588
0.62496
0.50202
0.35688
0.21293
0.00000
0.00000
0.00000
0.00000
0.00000
0.00000
0.00000
0.00000
0.00000
0.00000
0.00000
0.00972
0.06765
0.16381
0.28271
0.40518
0.51148
0.58448
0.61241
0.59076
0.52304
0.42015
0.29868
0.17820
0.00000
0.00000
0.00000
0.00000
0.00000
0.00000
0.00000
0.00000
0.00000
0.00000
0.00000
0.01029
0.07166
0.17353
0.29948
0.42922
0.54182
0.61915
0.64873
0.62581
0.55407
0.44507
0.31640
0.18877
0.00000
0.00000
0.00000
0.00000
0.00000
0.00000
0.00000
0.00000
0.00000
0.00000
0.00000
0.00975
0.06791
0.16445
0.28382
0.40677
0.51349
0.58677
0.61481
0.59309
0.52510
0.42180
0.29985
0.17890
0.00000
0.00000
0.00000
0.00000
0.00000
0.00000
0.00000
0.00000
0.00000
0.00000
0.00000
0.00909
0.06328
0.15323
0.26444
0.37900
0.47843
0.54671
0.57284
0.55259
0.48925
0.39300
0.27938
0.16669
0.00000
0.00000
0.00000
0.00000
0.00000
0.00000
0.00000
0.00000
0.00000
0.00000
0.00000
0.00906
0.06311
0.15283
0.26376
0.37802
0.47720
0.54530
0.57136
0.55117
0.48798
0.39199
0.27866
0.16626
0.00000
0.00000
0.00000
0.00000
0.00000
0.00000
0.00000
0.00000
0.00000
0.00000
0.00000
0.00931
0.06481
0.15694
0.27084
0.38817
0.49001
0.55994
0.58670
0.56597
0.50109
0.40251
0.28614
0.17072
0.00000
0.00000
0.00000
0.00000
0.00000
0.00000
0.00000
0.00000
0.00000
0.00000
0.00000
0.01119
0.07793
0.18871
0.32567
0.46676
0.58921
0.67330
0.70547
0.68054
0.60253
0.48400
0.34407
0.20528
0.00000
0.00000
0.00000
0.00000
0.00000
0.00000
0.00000
0.00000
0.00000
0.00000
0.00000
0.01073
0.07470
0.18089
0.31219
0.44744
0.56482
0.64543
0.67627
0.65237
0.57759
0.46397
0.32983
0.19679
0.00000
0.00000
0.00000
0.00000
0.00000
0.00000
0.00000
0.00000
0.00000
0.00000
0.00000
0.00615
0.04284
0.10374
0.17904
0.25660
0.32392
0.37015
0.38783
0.37413
0.33124
0.26608
0.18915
0.11286
0.00000
0.00000
0.00000
0.00000
0.00000
0.00000
0.00000
0.00000
0.00000
0.00000
0.00000
0.01126
0.07842
0.18991
0.32775
0.46973
0.59296
0.67759
0.70997
0.68488
0.60636
0.48708
0.34626
0.20659
0.00000
0.00000
0.00000
0.00000
0.00000
0.00000
0.00000
0.00000
0.00000
0.00000
0.00000
0.01032
0.07187
0.17405
0.30037
0.43050
0.54344
0.62100
0.65067
0.62768
0.55572
0.44640
0.31734
0.18934
0.00000
0.00000
0.00000
0.00000
0.00000
0.00000
0.00000
0.00000
0.00000
0.00000
0.00000
0.00771
0.05370
0.13004
0.22443
0.32165
0.40603
0.46398
0.48615
0.46897
0.41521
0.33353
0.23710
0.14146
0.00000
0.00000
0.00000
0.00000
0.00000
0.00000
0.00000
0.00000
0.00000
0.00000
0.00000
0.00063
0.00436
0.01057
0.01824
0.02614
0.03300
0.03771
0.03952
0.03812
0.03375
0.02711
0.01927
0.01150
0.00000
0.00000
0.00000
0.00000
0.00000
0.00000
0.00000
0.00000
0.00000
0.00000
0.00000
0.00919
0.06401
0.15500
0.26750
0.38338
0.48397
0.55304
0.57946
0.55898
0.49490
0.39755
0.28261
0.16862
0.00000
0.00000
0.00000
0.00000
0.00000
0.00000
0.00000
0.00000
0.00000
0.00000
0.00000
0.00538
0.03743
0.09065
0.15645
0.22422
0.28304
0.32344
0.33889
0.32692
0.28944
0.23250
0.16528
0.09861
0.00000
0.00000
0.00000
0.00000
0.00000
0.00000
0.00000
0.00000
0.00000
0.00000
0.00000
0.00787
0.05480
0.13271
0.22903
0.32825
0.41436
0.47350
0.49612
0.47859
0.42373
0.34037
0.24197
0.14437
0.00000
0.00000
0.00000
0.00000
0.00000
0.00000
0.00000
0.00000
0.00000
0.00000
0.00000
0.01038
0.07225
0.17496
0.30195
0.43276
0.54629
0.62426
0.65409
0.63097
0.55864
0.44875
0.31901
0.19033
0.00000
0.00000
0.00000
0.00000
0.00000
0.00000
0.00000
0.00000
0.00000
0.00000
0.00000
0.01142
0.07950
0.19252
0.33225
0.47618
0.60111
0.68690
0.71972
0.69429
0.61470
0.49378
0.35102
0.20943
0.00000
0.00000
0.00000
0.00000
0.00000
0.00000
0.00000
0.00000
0.00000
0.00000
0.00000
0.00509
0.03546
0.08588
0.14821
0.21242
0.26815
0.30641
0.32106
0.30971
0.27421
0.22027
0.15658
0.09342
0.00000
0.00000
0.00000
0.00000
0.00000
0.00000
0.00000
0.00000
0.00000
0.00000
0.00000
0.01231
0.08569
0.20751
0.35813
0.51327
0.64793
0.74040
0.77578
0.74836
0.66257
0.53224
0.37836
0.22574
0.00000
0.00000
0.00000
0.00000
0.00000
0.00000
0.00000
0.00000
0.00000
0.00000
0.00000
0.01332
0.09273
0.22455
0.38753
0.55541
0.70112
0.80118
0.83947
0.80980
0.71697
0.57593
0.40942
0.24427
0.00000
0.00000
0.00000
0.00000
0.00000
0.00000
0.00000
0.00000
0.00000
0.00000
0.00000
0.00000
0.04524
0.15024
0.28055
0.41482
0.53103
0.61013
0.63916
0.61336
0.53696
0.42248
0.28868
0.15751
0.00000
0.00000
0.00000
0.00000
0.00000
0.00000
0.00000
0.00000
0.00000
0.00000
0.00000
0.00000
0.04439
0.14742
0.27529
0.40704
0.52108
0.59870
0.62719
0.60187
0.52690
0.41456
0.28327
0.15456
0.00000
0.00000
0.00000
0.00000
0.00000
0.00000
0.00000
0.00000
0.00000
0.00000
0.00000
0.00000
0.05218
0.17329
0.32360
0.47847
0.61251
0.70375
0.73724
0.70748
0.61935
0.48730
0.33298
0.18168
0.00000
0.00000
0.00000
0.00000
0.00000
0.00000
0.00000
0.00000
0.00000
0.00000
0.00000
0.00000
0.03888
0.12910
0.24109
0.35647
0.45633
0.52431
0.54925
0.52708
0.46142
0.36305
0.24807
0.13535
0.00000
0.00000
0.00000
0.00000
0.00000
0.00000
0.00000
0.00000
0.00000
0.00000
0.00000
0.00000
0.04363
0.14488
0.27055
0.40003
0.51210
0.58838
0.61638
0.59149
0.51781
0.40741
0.27839
0.15189
0.00000
0.00000
0.00000
0.00000
0.00000
0.00000
0.00000
0.00000
0.00000
0.00000
0.00000
0.00000
0.04647
0.15432
0.28818
0.42610
0.54547
0.62672
0.65654
0.63004
0.55156
0.43396
0.29653
0.16179
0.00000
0.00000
0.00000
0.00000
0.00000
0.00000
0.00000
0.00000
0.00000
0.00000
0.00000
0.00000
0.03879
0.12882
0.24056
0.35568
0.45532
0.52315
0.54804
0.52592
0.46041
0.36225
0.24753
0.13505
0.00000
0.00000
0.00000
0.00000
0.00000
0.00000
0.00000
0.00000
0.00000
0.00000
0.00000
0.00000
0.05882
0.19532
0.36474
0.53930
0.69039
0.79323
0.83097
0.79743
0.69810
0.54926
0.37531
0.20478
0.00000
0.00000
0.00000
0.00000
0.00000
0.00000
0.00000
0.00000
0.00000
0.00000
0.00000
0.00000
0.03227
0.10717
0.20012
0.29589
0.37878
0.43521
0.45592
0.43751
0.38301
0.30135
0.20592
0.11235
0.00000
0.00000
0.00000
0.00000
0.00000
0.00000
0.00000
0.00000
0.00000
0.00000
0.00000
0.00000
0.02987
0.09919
0.18523
0.27388
0.35061
0.40284
0.42201
0.40497
0.35452
0.27894
0.19060
0.10399
0.00000
0.00000
0.00000
0.00000
0.00000
0.00000
0.00000
0.00000
0.00000
0.00000
0.00000
0.00000
0.04275
0.14198
0.26514
0.39203
0.50186
0.57662
0.60405
0.57967
0.50746
0.39927
0.27282
0.14886
0.00000
0.00000
0.00000
0.00000
0.00000
0.00000
0.00000
0.00000
0.00000
0.00000
0.00000
0.00000
0.04136
0.13735
0.25649
0.37924
0.48549
0.55781
0.58435
0.56076
0.49091
0.38624
0.26392
0.14400
0.00000
0.00000
0.00000
0.00000
0.00000
0.00000
0.00000
0.00000
0.00000
0.00000
0.00000
0.00000
0.04361
0.14482
0.27042
0.39984
0.51186
0.58811
0.61609
0.59122
0.51758
0.40723
0.27826
0.15182
0.00000
0.00000
0.00000
0.00000
0.00000
0.00000
0.00000
0.00000
0.00000
0.00000
0.00000
0.00000
0.03425
0.11374
0.21240
0.31405
0.40203
0.46192
0.48390
0.46436
0.40652
0.31985
0.21856
0.11925
0.00000
0.00000
0.00000
0.00000
0.00000
0.00000
0.00000
0.00000
0.00000
0.00000
0.00000
0.00000
0.04516
0.14998
0.28007
0.41411
0.53012
0.60909
0.63807
0.61231
0.53604
0.42175
0.28819
0.15724
0.00000
0.00000
0.00000
0.00000
0.00000
0.00000
0.00000
0.00000
0.00000
0.00000
0.00000
0.00000
0.04021
0.13354
0.24937
0.36872
0.47201
0.54232
0.56813
0.54519
0.47728
0.37552
0.25660
0.14000
0.00000
0.00000
0.00000
0.00000
0.00000
0.00000
0.00000
0.00000
0.00000
0.00000
0.00000
0.00000
0.02511
0.08339
0.15572
0.23024
0.29474
0.33864
0.35476
0.34044
0.29803
0.23449
0.16023
0.08742
0.00000
0.00000
0.00000
0.00000
0.00000
0.00000
0.00000
0.00000
0.00000
0.00000
0.00000
0.00000
0.03936
0.13072
0.24411
0.36094
0.46205
0.53088
0.55614
0.53369
0.46721
0.36760
0.25119
0.13705
0.00000
0.00000
0.00000
0.00000
0.00000
0.00000
0.00000
0.00000
0.00000
0.00000
0.00000
0.00000
0.04579
0.15206
0.28396
0.41985
0.53748
0.61754
0.64692
0.62081
0.54348
0.42760
0.29219
0.15942
0.00000
0.00000
0.00000
0.00000
0.00000
0.00000
0.00000
0.00000
0.00000
0.00000
0.00000
0.00000
0.04939
0.16402
0.30629
0.45287
0.57974
0.66611
0.69780
0.66963
0.58622
0.46123
0.31516
0.17196
0.00000
0.00000
0.00000
0.00000
0.00000
0.00000
0.00000
0.00000
0.00000
0.00000
0.00000
0.00000
0.04465
0.14827
0.27688
0.40939
0.52408
0.60215
0.63080
0.60534
0.52993
0.41695
0.28491
0.15545
0.00000
0.00000
0.00000
0.00000
0.00000
0.00000
0.00000
0.00000
0.00000
0.00000
0.00000
0.00000
0.04196
0.13935
0.26021
0.38475
0.49253
0.56590
0.59283
0.56890
0.49803
0.39185
0.26775
0.14609
0.00000
0.00000
0.00000
0.00000
0.00000
0.00000
0.00000
0.00000
0.00000
0.00000
0.00000
0.00000
0.04258
0.14140
0.26404
0.39040
0.49977
0.57422
0.60154
0.57726
0.50535
0.39761
0.27169
0.14824
0.00000
0.00000
0.00000
0.00000
0.00000
0.00000
0.00000
0.00000
0.00000
0.00000
0.00000
0.00000
0.04580
0.15209
0.28401
0.41993
0.53757
0.61765
0.64704
0.62092
0.54358
0.42768
0.29224
0.15945
0.00000
0.00000
0.00000
0.00000
0.00000
0.00000
0.00000
0.00000
0.00000
0.00000
0.00000
0.00000
0.03438
0.11418
0.21321
0.31526
0.40357
0.46369
0.48575
0.46615
0.40808
0.32107
0.21939
0.11970
0.00000
0.00000
0.00000
0.00000
0.00000
0.00000
0.00000
0.00000
0.00000
0.00000
0.00000
0.00000
0.03598
0.11949
0.22313
0.32992
0.42234
0.48526
0.50834
0.48782
0.42706
0.33601
0.22960
0.12527
0.00000
0.00000
0.00000
0.00000
0.00000
0.00000
0.00000
0.00000
0.00000
0.00000
0.00000
0.00022
0.00114
0.00378
0.00705
0.01043
0.01335
0.01534
0.01607
0.01542
0.01350
0.01062
0.00726
0.00396
0.00000
0.00000
0.00000
0.00000
0.00000
0.00000
0.00000
0.00000
0.00000
0.00000
0.00000
0.00000
0.02338
0.07763
0.14497
0.21435
0.27440
0.31527
0.33027
0.31694
0.27746
0.21830
0.14917
0.08139
0.00000
0.00000
0.00000
0.00000
0.00000
0.00000
0.00000
0.00000
0.00000
0.00000
0.00000
0.00000
0.05365
0.17817
0.33272
0.49195
0.62976
0.72358
0.75800
0.72741
0.63680
0.50103
0.34236
0.18679
0.00000
0.00000
0.00000
0.00000
0.00000
0.00000
0.00000
0.00000
0.00000
0.00000
0.00000
0.00000
0.04561
0.15146
0.28283
0.41819
0.53534
0.61509
0.64436
0.61835
0.54132
0.42591
0.29103
0.15879
0.00000
0.00000
0.00000
0.00000
0.00000
0.00000
0.00000
0.00000
0.00000
0.00000
0.00000
0.00000
0.02561
0.09427
0.18271
0.27606
0.35861
0.41647
0.43990
0.42496
0.37417
0.29607
0.20380
0.11288
0.00000
0.00000
0.00000
0.00000
0.00000
0.00000
0.00000
0.00000
0.00000
0.00000
0.00000
0.00000
0.03006
0.11065
0.21446
0.32404
0.42094
0.48885
0.51636
0.49882
0.43920
0.34752
0.23922
0.13250
0.00000
0.00000
0.00000
0.00000
0.00000
0.00000
0.00000
0.00000
0.00000
0.00000
0.00000
0.00000
0.03287
0.12097
0.23448
0.35428
0.46022
0.53447
0.56454
0.54537
0.48019
0.37995
0.26154
0.14487
0.00000
0.00000
0.00000
0.00000
0.00000
0.00000
0.00000
0.00000
0.00000
0.00000
0.00000
0.00000
0.03461
0.12737
0.24687
0.37300
0.48454
0.56272
0.59438
0.57419
0.50556
0.40003
0.27536
0.15252
0.00000
0.00000
0.00000
0.00000
0.00000
0.00000
0.00000
0.00000
0.00000
0.00000
0.00000
0.00000
0.02743
0.10096
0.19568
0.29566
0.38407
0.44604
0.47114
0.45514
0.40074
0.31709
0.21827
0.12090
0.00000
0.00000
0.00000
0.00000
0.00000
0.00000
0.00000
0.00000
0.00000
0.00000
0.00000
0.00000
0.04159
0.15307
0.29668
0.44826
0.58230
0.67626
0.71430
0.69005
0.60757
0.48075
0.33092
0.18330
0.00000
0.00000
0.00000
0.00000
0.00000
0.00000
0.00000
0.00000
0.00000
0.00000
0.00000
0.00000
0.04124
0.15178
0.29418
0.44449
0.57740
0.67056
0.70829
0.68424
0.60245
0.47670
0.32813
0.18176
0.00000
0.00000
0.00000
0.00000
0.00000
0.00000
0.00000
0.00000
0.00000
0.00000
0.00000
0.00000
0.03342
0.12299
0.23838
0.36018
0.46788
0.54337
0.57395
0.55446
0.48818
0.38628
0.26589
0.14728
0.00000
0.00000
0.00000
0.00000
0.00000
0.00000
0.00000
0.00000
0.00000
0.00000
0.00000
0.00000
0.04125
0.15180
0.29423
0.44455
0.57749
0.67066
0.70840
0.68434
0.60255
0.47677
0.32818
0.18178
0.00000
0.00000
0.00000
0.00000
0.00000
0.00000
0.00000
0.00000
0.00000
0.00000
0.00000
0.00000
0.03209
0.11811
0.22893
0.34589
0.44932
0.52182
0.55118
0.53246
0.46882
0.37096
0.25535
0.14144
0.00000
0.00000
0.00000
0.00000
0.00000
0.00000
0.00000
0.00000
0.00000
0.00000
0.00000
0.00000
0.04401
0.16198
0.31395
0.47436
0.61621
0.71563
0.75590
0.73023
0.64295
0.50874
0.35019
0.19397
0.00000
0.00000
0.00000
0.00000
0.00000
0.00000
0.00000
0.00000
0.00000
0.00000
0.00000
0.00000
0.03631
0.13363
0.25900
0.39133
0.50835
0.59037
0.62359
0.60241
0.53041
0.41969
0.28889
0.16002
0.00000
0.00000
0.00000
0.00000
0.00000
0.00000
0.00000
0.00000
0.00000
0.00000
0.00000
0.00000
0.03206
0.11798
0.22868
0.34552
0.44884
0.52126
0.55059
0.53190
0.46832
0.37056
0.25507
0.14129
0.00000
0.00000
0.00000
0.00000
0.00000
0.00000
0.00000
0.00000
0.00000
0.00000
0.00000
0.00000
0.03762
0.13845
0.26836
0.40547
0.52671
0.61170
0.64611
0.62417
0.54957
0.43485
0.29933
0.16580
0.00000
0.00000
0.00000
0.00000
0.00000
0.00000
0.00000
0.00000
0.00000
0.00000
0.00000
0.00000
0.03591
0.13215
0.25614
0.38701
0.50274
0.58386
0.61671
0.59576
0.52455
0.41506
0.28570
0.15825
0.00000
0.00000
0.00000
0.00000
0.00000
0.00000
0.00000
0.00000
0.00000
0.00000
0.00000
0.00000
0.03727
0.13716
0.26585
0.40168
0.52180
0.60599
0.64009
0.61835
0.54444
0.43079
0.29653
0.16425
0.00000
0.00000
0.00000
0.00000
0.00000
0.00000
0.00000
0.00000
0.00000
0.00000
0.00000
0.00000
0.03826
0.14080
0.27290
0.41233
0.53563
0.62205
0.65705
0.63474
0.55887
0.44221
0.30439
0.16861
0.00000
0.00000
0.00000
0.00000
0.00000
0.00000
0.00000
0.00000
0.00000
0.00000
0.00000
0.00000
0.03764
0.13852
0.26848
0.40565
0.52695
0.61197
0.64640
0.62445
0.54981
0.43505
0.29946
0.16587
0.00000
0.00000
0.00000
0.00000
0.00000
0.00000
0.00000
0.00000
0.00000
0.00000
0.00000
0.00000
0.03798
0.13980
0.27096
0.40940
0.53182
0.61763
0.65238
0.63022
0.55489
0.43907
0.30223
0.16741
0.00000
0.00000
0.00000
0.00000
0.00000
0.00000
0.00000
0.00000
0.00000
0.00000
0.00000
0.00000
0.04275
0.15735
0.30498
0.46080
0.59860
0.69518
0.73429
0.70935
0.62457
0.49420
0.34018
0.18843
0.00000
0.00000
0.00000
0.00000
0.00000
0.00000
0.00000
0.00000
0.00000
0.00000
0.00000
0.00000
0.03965
0.14592
0.28282
0.42733
0.55511
0.64468
0.68095
0.65783
0.57920
0.45830
0.31547
0.17474
0.00000
0.00000
0.00000
0.00000
0.00000
0.00000
0.00000
0.00000
0.00000
0.00000
0.00000
0.00000
0.03619
0.13319
0.25814
0.39004
0.50667
0.58842
0.62153
0.60042
0.52865
0.41830
0.28794
0.15949
0.00000
0.00000
0.00000
0.00000
0.00000
0.00000
0.00000
0.00000
0.00000
0.00000
0.00000
0.00000
0.04187
0.15410
0.29869
0.45130
0.58625
0.68084
0.71915
0.69473
0.61169
0.48401
0.33316
0.18454
0.00000
0.00000
0.00000
0.00000
0.00000
0.00000
0.00000
0.00000
0.00000
0.00000
0.00000
0.00000
0.03931
0.14467
0.28041
0.42367
0.55037
0.63917
0.67513
0.65220
0.57425
0.45438
0.31277
0.17325
0.00000
0.00000
0.00000
0.00000
0.00000
0.00000
0.00000
0.00000
0.00000
0.00000
0.00000
0.00000
0.04250
0.15640
0.30315
0.45804
0.59500
0.69100
0.72988
0.70510
0.62082
0.49123
0.33814
0.18730
0.00000
0.00000
0.00000
0.00000
0.00000
0.00000
0.00000
0.00000
0.00000
0.00000
0.00000
0.00000
0.03815
0.14040
0.27212
0.41115
0.53410
0.62028
0.65518
0.63293
0.55728
0.44095
0.30353
0.16813
0.00000
0.00000
0.00000
0.00000
0.00000
0.00000
0.00000
0.00000
0.00000
0.00000
0.00000
0.00000
0.01151
0.04236
0.08209
0.12404
0.16113
0.18713
0.19766
0.19094
0.16812
0.13303
0.09157
0.05072
0.00000
0.00000
0.00000
0.00000
0.00000
0.00000
0.00000
0.00000
0.00000
0.00000
0.00000
0.00000
0.03322
0.12225
0.23695
0.35801
0.46506
0.54010
0.57049
0.55112
0.48524
0.38395
0.26429
0.14639
0.00000
0.00000
0.00000
0.00000
0.00000
0.00000
0.00000
0.00000
0.00000
0.00000
0.00000
0.00000
0.03098
0.11401
0.22098
0.33389
0.43373
0.50371
0.53205
0.51398
0.45255
0.35808
0.24648
0.13653
0.00000
0.00000
0.00000
0.00000
0.00000
0.00000
0.00000
0.00000
0.00000
0.00000
0.00000
0.00000
0.02383
0.08771
0.17000
0.25685
0.33366
0.38749
0.40930
0.39540
0.34814
0.27547
0.18962
0.10503
0.00000
0.00000
0.00000
0.00000
0.00000
0.00000
0.00000
0.00000
0.00000
0.00000
0.00000
0.00000
0.03585
0.13193
0.25570
0.38635
0.50188
0.58286
0.61565
0.59475
0.52366
0.41435
0.28522
0.15798
0.00000
0.00000
0.00000
0.00000
0.00000
