0.00000
0.00000
0.00000
0.00000
0.00000
0.00000
0.00000
0.03442
0.11927
0.23882
0.37202
0.49546
0.58740
0.63168
0.62051
0.55584
0.44907
0.31897
0.18843
0.00000
0.00000
0.00000
0.00000
0.00000
0.00000
0.00000
0.00000
0.00000
0.00000
0.00000
0.00000
0.03064
0.10617
0.21257
0.33113
0.44100
0.52284
0.56225
0.55231
0.49475
0.39971
0.28391
0.16772
0.00000
0.00000
0.00000
0.00000
0.00000
0.00000
0.00000
0.00000
0.00000
0.00000
0.00000
0.00000
0.04071
0.14107
0.28245
0.43999
0.58598
0.69472
0.74709
0.73388
0.65740
0.53112
0.37724
0.22285
0.00000
0.00000
0.00000
0.00000
0.00000
0.00000
0.00000
0.00000
0.00000
0.00000
0.00000
0.00000
0.04150
0.14377
0.28787
0.44843
0.59721
0.70804
0.76141
0.74794
0.67000
0.54130
0.38448
0.22713
0.00000
0.00000
0.00000
0.00000
0.00000
0.00000
0.00000
0.00000
0.00000
0.00000
0.00000
0.00000
0.03913
0.13559
0.27149
0.42292
0.56324
0.66776
0.71810
0.70540
0.63189
0.51051
0.36260
0.21421
0.00000
0.00000
0.00000
0.00000
0.00000
0.00000
0.00000
0.00000
0.00000
0.00000
0.00000
0.00000
0.03903
0.13523
0.27077
0.42180
0.56174
0.66599
0.71619
0.70352
0.63021
0.50915
0.36164
0.21364
0.00000
0.00000
0.00000
0.00000
0.00000
0.00000
0.00000
0.00000
0.00000
0.00000
0.00000
0.00000
0.04638
0.16070
0.32177
0.50124
0.66755
0.79143
0.85109
0.83604
0.74891
0.60505
0.42976
0.25388
0.00000
0.00000
0.00000
0.00000
0.00000
0.00000
0.00000
0.00000
0.00000
0.00000
0.00000
0.00000
0.04222
0.14628
0.29289
0.45626
0.60764
0.72041
0.77471
0.76101
0.68171
0.55075
0.39119
0.23109
0.00000
0.00000
0.00000
0.00000
0.00000
0.00000
0.00000
0.00000
0.00000
0.00000
0.00000
0.00000
0.04011
0.13897
0.27824
0.43344
0.57725
0.68437
0.73596
0.72294
0.64761
0.52321
0.37163
0.21953
0.00000
0.00000
0.00000
0.00000
0.00000
0.00000
0.00000
0.00000
0.00000
0.00000
0.00000
0.00000
0.04237
0.14679
0.29391
0.45784
0.60975
0.72290
0.77739
0.76364
0.68407
0.55266
0.39255
0.23189
0.00000
0.00000
0.00000
0.00000
0.00000
0.00000
0.00000
0.00000
0.00000
0.00000
0.00000
0.00000
0.03460
0.11989
0.24004
0.37393
0.49799
0.59040
0.63491
0.62368
0.55869
0.45137
0.32060
0.18939
0.00000
0.00000
0.00000
0.00000
0.00000
0.00000
0.00000
0.00000
0.00000
0.00000
0.00000
0.00000
0.03476
0.12045
0.24117
0.37569
0.50033
0.59318
0.63790
0.62662
0.56132
0.45349
0.32211
0.19028
0.00000
0.00000
0.00000
0.00000
0.00000
0.00000
0.00000
0.00000
0.00000
0.00000
0.00000
0.00000
0.04248
0.14718
0.29470
0.45907
0.61139
0.72485
0.77949
0.76570
0.68591
0.55415
0.39360
0.23252
0.00000
0.00000
0.00000
0.00000
0.00000
0.00000
0.00000
0.00000
0.00000
0.00000
0.00000
0.00000
0.03827
0.13261
0.26552
0.41362
0.55086
0.65308
0.70231
0.68989
0.61800
0.49928
0.35463
0.20950
0.00000
0.00000
0.00000
0.00000
0.00000
0.00000
0.00000
0.00000
0.00000
0.00000
0.00000
0.00000
0.04055
0.14051
0.28134
0.43827
0.58368
0.69200
0.74416
0.73100
0.65482
0.52903
0.37577
0.22198
0.00000
0.00000
0.00000
0.00000
0.00000
0.00000
0.00000
0.00000
0.00000
0.00000
0.00000
0.00000
0.04206
0.14573
0.29180
0.45455
0.60536
0.71770
0.77181
0.75815
0.67915
0.54869
0.38972
0.23023
0.00000
0.00000
0.00000
0.00000
0.00000
0.00000
0.00000
0.00000
0.00000
0.00000
0.00000
0.00000
0.04428
0.15341
0.30717
0.47850
0.63726
0.75552
0.81247
0.79810
0.71493
0.57760
0.41026
0.24236
0.00000
0.00000
0.00000
0.00000
0.00000
0.00000
0.00000
0.00000
0.00000
0.00000
0.00000
0.00000
0.04327
0.14993
0.30020
0.46765
0.62281
0.73839
0.79405
0.78000
0.69872
0.56450
0.40096
0.23686
0.00000
0.00000
0.00000
0.00000
0.00000
0.00000
0.00000
0.00000
0.00000
0.00000
0.00000
0.00000
0.03907
0.13537
0.27104
0.42222
0.56230
0.66665
0.71691
0.70422
0.63084
0.50966
0.36200
0.21385
0.00000
0.00000
0.00000
0.00000
0.00000
0.00000
0.00000
0.00000
0.00000
0.00000
0.00000
0.00000
0.03882
0.13450
0.26930
0.41951
0.55870
0.66239
0.71232
0.69972
0.62680
0.50640
0.35969
0.21248
0.00000
0.00000
0.00000
0.00000
0.00000
0.00000
0.00000
0.00000
0.00000
0.00000
0.00000
0.00000
0.04355
0.15088
0.30210
0.47061
0.62675
0.74306
0.79907
0.78494
0.70314
0.56807
0.40349
0.23836
0.00000
0.00000
0.00000
0.00000
0.00000
0.00000
0.00000
0.00000
0.00000
0.00000
0.00000
0.00000
0.03295
0.11415
0.22856
0.35605
0.47418
0.56217
0.60455
0.59386
0.53197
0.42978
0.30527
0.18033
0.00000
0.00000
0.00000
0.00000
0.00000
0.00000
0.00000
0.00000
0.00000
0.00000
0.00000
0.00000
0.03569
0.12366
0.24759
0.38569
0.51366
0.60898
0.65488
0.64330
0.57626
0.46557
0.33068
0.19535
0.00000
0.00000
0.00000
0.00000
0.00000
0.00000
0.00000
0.00000
0.00000
0.00000
0.00000
0.00000
0.03772
0.13068
0.26165
0.40758
0.54281
0.64355
0.69206
0.67982
0.60897
0.49199
0.34946
0.20644
0.00000
0.00000
0.00000
0.00000
0.00000
0.00000
0.00000
0.00000
0.00000
0.00000
0.00000
0.00000
0.03223
0.11165
0.22356
0.34825
0.46379
0.54986
0.59131
0.58085
0.52032
0.42037
0.29858
0.17639
0.00000
0.00000
0.00000
0.00000
0.00000
0.00000
0.00000
0.00000
0.00000
0.00000
0.00000
0.00000
0.03403
0.11792
0.23610
0.36779
0.48981
0.58071
0.62449
0.61344
0.54952
0.44396
0.31534
0.18628
0.00000
0.00000
0.00000
0.00000
0.00000
0.00000
0.00000
0.00000
0.00000
0.00000
0.00000
0.00000
0.03060
0.10601
0.21226
0.33065
0.44035
0.52207
0.56142
0.55149
0.49402
0.39912
0.28349
0.16747
0.00000
0.00000
0.00000
0.00000
0.00000
0.00000
0.00000
0.00000
0.00000
0.00000
0.00000
0.00000
0.04198
0.14544
0.29120
0.45363
0.60414
0.71625
0.77024
0.75662
0.67777
0.54758
0.38894
0.22976
0.00000
0.00000
0.00000
0.00000
0.00000
0.00000
0.00000
0.00000
0.00000
0.00000
0.00000
0.00000
0.04215
0.14604
0.29240
0.45550
0.60662
0.71920
0.77341
0.75973
0.68056
0.54983
0.39054
0.23071
0.00000
0.00000
0.00000
0.00000
0.00000
0.00000
0.00000
0.00000
0.00000
0.00000
0.00000
0.00000
0.04110
0.14240
0.28513
0.44416
0.59153
0.70130
0.75417
0.74083
0.66363
0.53615
0.38082
0.22497
0.00000
0.00000
0.00000
0.00000
0.00000
0.00000
0.00000
0.00000
0.00000
0.00000
0.00000
0.00000
0.04130
0.14310
0.28653
0.44634
0.59443
0.70475
0.75787
0.74447
0.66689
0.53878
0.38269
0.22607
0.00000
0.00000
0.00000
0.00000
0.00000
0.00000
0.00000
0.00000
0.00000
0.00000
0.00000
0.00000
0.00784
0.15853
0.33544
0.51456
0.67156
0.78511
0.83981
0.82822
0.75191
0.62125
0.45398
0.27282
0.10236
0.00000
0.00000
0.00000
0.00000
0.00000
0.00000
0.00000
0.00000
0.00000
0.00000
0.00000
0.00646
0.13060
0.27635
0.42391
0.55325
0.64681
0.69187
0.68231
0.61945
0.51181
0.37401
0.22476
0.08433
0.00000
0.00000
0.00000
0.00000
0.00000
0.00000
0.00000
0.00000
0.00000
0.00000
0.00000
0.00705
0.14258
0.30169
0.46279
0.60399
0.70612
0.75531
0.74488
0.67625
0.55874
0.40830
0.24537
0.09206
0.00000
0.00000
0.00000
0.00000
0.00000
0.00000
0.00000
0.00000
0.00000
0.00000
0.00000
0.00770
0.15571
0.32948
0.50541
0.65961
0.77115
0.82487
0.81349
0.73853
0.61020
0.44591
0.26797
0.10054
0.00000
0.00000
0.00000
0.00000
0.00000
0.00000
0.00000
0.00000
0.00000
0.00000
0.00000
0.00748
0.15119
0.31991
0.49074
0.64047
0.74877
0.80093
0.78987
0.71710
0.59249
0.43296
0.26019
0.09762
0.00000
0.00000
0.00000
0.00000
0.00000
0.00000
0.00000
0.00000
0.00000
0.00000
0.00000
0.00639
0.12921
0.27340
0.41939
0.54736
0.63991
0.68449
0.67504
0.61285
0.50635
0.37002
0.22236
0.08343
0.00000
0.00000
0.00000
0.00000
0.00000
0.00000
0.00000
0.00000
0.00000
0.00000
0.00000
0.00627
0.12677
0.26825
0.41149
0.53704
0.62785
0.67159
0.66232
0.60129
0.49681
0.36304
0.21817
0.08186
0.00000
0.00000
0.00000
0.00000
0.00000
0.00000
0.00000
0.00000
0.00000
0.00000
0.00000
0.00691
0.13965
0.29550
0.45329
0.59159
0.69163
0.73981
0.72960
0.66238
0.54728
0.39992
0.24033
0.09017
0.00000
0.00000
0.00000
0.00000
0.00000
0.00000
0.00000
0.00000
0.00000
0.00000
0.00000
0.00766
0.15486
0.32769
0.50267
0.65603
0.76697
0.82040
0.80907
0.73453
0.60689
0.44349
0.26651
0.10000
0.00000
0.00000
0.00000
0.00000
0.00000
0.00000
0.00000
0.00000
0.00000
0.00000
0.00000
0.00742
0.14992
0.31723
0.48663
0.63511
0.74250
0.79423
0.78326
0.71110
0.58753
0.42934
0.25801
0.09681
0.00000
0.00000
0.00000
0.00000
0.00000
0.00000
0.00000
0.00000
0.00000
0.00000
0.00000
0.00759
0.15343
0.32466
0.49803
0.64998
0.75989
0.81283
0.80161
0.72775
0.60129
0.43939
0.26405
0.09907
0.00000
0.00000
0.00000
0.00000
0.00000
0.00000
0.00000
0.00000
0.00000
0.00000
0.00000
0.00514
0.10388
0.21981
0.33718
0.44006
0.51447
0.55032
0.54272
0.49272
0.40710
0.29749
0.17877
0.06708
0.00000
0.00000
0.00000
0.00000
0.00000
0.00000
0.00000
0.00000
0.00000
0.00000
0.00000
0.00644
0.13029
0.27569
0.42290
0.55193
0.64526
0.69021
0.68069
0.61797
0.51059
0.37311
0.22422
0.08413
0.00000
0.00000
0.00000
0.00000
0.00000
0.00000
0.00000
0.00000
0.00000
0.00000
0.00000
0.00629
0.12719
0.26912
0.41283
0.53879
0.62990
0.67378
0.66448
0.60325
0.49843
0.36423
0.21888
0.08213
0.00000
0.00000
0.00000
0.00000
0.00000
0.00000
0.00000
0.00000
0.00000
0.00000
0.00000
0.00722
0.14589
0.30871
0.47355
0.61804
0.72255
0.77289
0.76222
0.69199
0.57174
0.41780
0.25108
0.09421
0.00000
0.00000
0.00000
0.00000
0.00000
0.00000
0.00000
0.00000
0.00000
0.00000
0.00000
0.00590
0.11933
0.25251
0.38734
0.50552
0.59100
0.63217
0.62345
0.56601
0.46765
0.34174
0.20537
0.07705
0.00000
0.00000
0.00000
0.00000
0.00000
0.00000
0.00000
0.00000
0.00000
0.00000
0.00000
0.00768
0.15527
0.32856
0.50400
0.65777
0.76900
0.82257
0.81121
0.73647
0.60849
0.44466
0.26722
0.10026
0.00000
0.00000
0.00000
0.00000
0.00000
0.00000
0.00000
0.00000
0.00000
0.00000
0.00000
0.00764
0.15437
0.32664
0.50105
0.65393
0.76451
0.81777
0.80648
0.73217
0.60494
0.44206
0.26566
0.09968
0.00000
0.00000
0.00000
0.00000
0.00000
0.00000
0.00000
0.00000
0.00000
0.00000
0.00000
0.00676
0.13676
0.28937
0.44389
0.57933
0.67729
0.72447
0.71447
0.64864
0.53593
0.39163
0.23535
0.08830
0.00000
0.00000
0.00000
0.00000
0.00000
0.00000
0.00000
0.00000
0.00000
0.00000
0.00000
0.00753
0.15214
0.32193
0.49383
0.64450
0.75348
0.80598
0.79485
0.72162
0.59622
0.43569
0.26183
0.09824
0.00000
0.00000
0.00000
0.00000
0.00000
0.00000
0.00000
0.00000
0.00000
0.00000
0.00000
0.00633
0.12794
0.27072
0.41528
0.54199
0.63363
0.67778
0.66842
0.60683
0.50138
0.36639
0.22018
0.08261
0.00000
0.00000
0.00000
0.00000
0.00000
0.00000
0.00000
0.00000
0.00000
0.00000
0.00000
0.00514
0.10398
0.22003
0.33751
0.44049
0.51498
0.55086
0.54325
0.49320
0.40750
0.29778
0.17895
0.06714
0.00000
0.00000
0.00000
0.00000
0.00000
0.00000
0.00000
0.00000
0.00000
0.00000
0.00000
0.00656
0.13255
0.28047
0.43023
0.56150
0.65645
0.70218
0.69249
0.62868
0.51944
0.37958
0.22811
0.08559
0.00000
0.00000
0.00000
0.00000
0.00000
0.00000
0.00000
0.00000
0.00000
0.00000
0.00000
0.00636
0.12856
0.27203
0.41728
0.54460
0.63669
0.68105
0.67165
0.60976
0.50380
0.36816
0.22124
0.08301
0.00000
0.00000
0.00000
0.00000
0.00000
0.00000
0.00000
0.00000
0.00000
0.00000
0.00000
0.00625
0.12637
0.26739
0.41017
0.53532
0.62584
0.66944
0.66020
0.59937
0.49522
0.36188
0.21747
0.08160
0.00000
0.00000
0.00000
0.00000
0.00000
0.00000
0.00000
0.00000
0.00000
0.00000
0.00000
0.00757
0.15297
0.32369
0.49653
0.64802
0.75760
0.81038
0.79919
0.72556
0.59948
0.43807
0.26326
0.09878
0.00000
0.00000
0.00000
0.00000
0.00000
0.00000
0.00000
0.00000
0.00000
0.00000
0.00000
0.00674
0.13629
0.28840
0.44239
0.57737
0.67500
0.72203
0.71206
0.64646
0.53412
0.39031
0.23456
0.08801
0.00000
0.00000
0.00000
0.00000
0.00000
0.00000
0.00000
0.00000
0.00000
0.00000
0.00000
0.00553
0.11188
0.23674
0.36315
0.47395
0.55409
0.59269
0.58451
0.53066
0.43844
0.32039
0.19254
0.07224
0.00000
0.00000
0.00000
0.00000
0.00000
0.00000
0.00000
0.00000
0.00000
0.00000
0.00478
0.04571
0.13995
0.27104
0.41607
0.54972
0.64865
0.69557
0.68228
0.61112
0.49451
0.35281
0.21078
0.09322
0.00000
0.00000
0.00000
0.00000
0.00000
0.00000
0.00000
0.00000
0.00000
0.00000
0.00513
0.04904
0.15015
0.29079
0.44639
0.58978
0.69591
0.74625
0.73200
0.65565
0.53054
0.37852
0.22614
0.10002
0.00000
0.00000
0.00000
0.00000
0.00000
0.00000
0.00000
0.00000
0.00000
0.00000
0.00436
0.04168
0.12761
0.24714
0.37939
0.50126
0.59146
0.63424
0.62213
0.55724
0.45091
0.32171
0.19220
0.08500
0.00000
0.00000
0.00000
0.00000
0.00000
0.00000
0.00000
0.00000
0.00000
0.00000
0.00540
0.05162
0.15804
0.30606
0.46984
0.62077
0.73247
0.78546
0.77046
0.69010
0.55841
0.39841
0.23802
0.10527
0.00000
0.00000
0.00000
0.00000
0.00000
0.00000
0.00000
0.00000
0.00000
0.00000
0.00622
0.05947
0.18208
0.35262
0.54131
0.71519
0.84389
0.90494
0.88766
0.79507
0.64336
0.45901
0.27423
0.12128
0.00000
0.00000
0.00000
0.00000
0.00000
0.00000
0.00000
0.00000
0.00000
0.00000
0.00500
0.04784
0.14645
0.28363
0.43540
0.57526
0.67877
0.72787
0.71397
0.63951
0.51748
0.36920
0.22057
0.09755
0.00000
0.00000
0.00000
0.00000
0.00000
0.00000
0.00000
0.00000
0.00000
0.00000
0.00517
0.04941
0.15127
0.29296
0.44973
0.59420
0.70112
0.75184
0.73748
0.66056
0.53451
0.38135
0.22783
0.10077
0.00000
0.00000
0.00000
0.00000
0.00000
0.00000
0.00000
0.00000
0.00000
0.00000
0.00477
0.04566
0.13978
0.27071
0.41557
0.54906
0.64787
0.69473
0.68146
0.61038
0.49391
0.35238
0.21053
0.09311
0.00000
0.00000
0.00000
0.00000
0.00000
0.00000
0.00000
0.00000
0.00000
0.00000
0.00439
0.04203
0.12868
0.24921
0.38257
0.50546
0.59642
0.63956
0.62735
0.56192
0.45469
0.32440
0.19381
0.08572
0.00000
0.00000
0.00000
0.00000
0.00000
0.00000
0.00000
0.00000
0.00000
0.00000
0.00370
0.03540
0.10837
0.20988
0.32219
0.42569
0.50229
0.53862
0.52834
0.47323
0.38293
0.27320
0.16322
0.07219
0.00000
0.00000
0.00000
0.00000
0.00000
0.00000
0.00000
0.00000
0.00000
0.00000
0.00478
0.04570
0.13992
0.27097
0.41597
0.54958
0.64848
0.69539
0.68211
0.61097
0.49438
0.35272
0.21073
0.09320
0.00000
0.00000
0.00000
0.00000
0.00000
0.00000
0.00000
0.00000
0.00000
0.00000
0.00331
0.03165
0.09689
0.18764
0.28805
0.38058
0.44907
0.48155
0.47236
0.42309
0.34236
0.24426
0.14593
0.06454
0.00000
0.00000
0.00000
0.00000
0.00000
0.00000
0.00000
0.00000
0.00000
0.00000
0.00442
0.04225
0.12934
0.25049
0.38453
0.50806
0.59948
0.64284
0.63057
0.56480
0.45703
0.32607
0.19480
0.08616
0.00000
0.00000
0.00000
0.00000
0.00000
0.00000
0.00000
0.00000
0.00000
0.00000
0.00542
0.05183
0.15870
0.30734
0.47179
0.62335
0.73552
0.78872
0.77366
0.69297
0.56074
0.40006
0.23901
0.10571
0.00000
0.00000
0.00000
0.00000
0.00000
0.00000
0.00000
0.00000
0.00000
0.00000
0.00500
0.04782
0.14640
0.28352
0.43524
0.57505
0.67853
0.72761
0.71372
0.63927
0.51729
0.36906
0.22049
0.09752
0.00000
0.00000
0.00000
0.00000
0.00000
0.00000
0.00000
0.00000
0.00000
0.00000
0.00574
0.05492
0.16814
0.32563
0.49988
0.66045
0.77930
0.83567
0.81971
0.73421
0.59411
0.42387
0.25324
0.11200
0.00000
0.00000
0.00000
0.00000
0.00000
0.00000
0.00000
0.00000
0.00000
0.00000
0.00465
0.04445
0.13610
0.26358
0.40462
0.53460
0.63080
0.67643
0.66351
0.59431
0.48090
0.34310
0.20498
0.09066
0.00000
0.00000
0.00000
0.00000
0.00000
0.00000
0.00000
0.00000
0.00000
0.00000
0.00380
0.03636
0.11131
0.21556
0.33092
0.43721
0.51589
0.55321
0.54264
0.48605
0.39330
0.28060
0.16764
0.07414
0.00000
0.00000
0.00000
0.00000
0.00000
0.00000
0.00000
0.00000
0.00000
0.00000
0.00332
0.03175
0.09720
0.18824
0.28897
0.38179
0.45049
0.48308
0.47385
0.42443
0.34344
0.24503
0.14639
0.06475
0.00000
0.00000
0.00000
0.00000
0.00000
0.00000
0.00000
0.00000
0.00000
0.00000
0.00511
0.04889
0.14968
0.28987
0.44499
0.58793
0.69373
0.74391
0.72970
0.65359
0.52887
0.37733
0.22543
0.09970
0.00000
0.00000
0.00000
0.00000
0.00000
0.00000
0.00000
0.00000
0.00000
0.00000
0.00351
0.03360
0.10287
0.19922
0.30582
0.40406
0.47677
0.51125
0.50149
0.44919
0.36347
0.25932
0.15493
0.06852
0.00000
0.00000
0.00000
0.00000
0.00000
0.00000
0.00000
0.00000
0.00000
0.00000
0.00385
0.03681
0.11268
0.21823
0.33501
0.44262
0.52227
0.56005
0.54935
0.49205
0.39816
0.28407
0.16971
0.07506
0.00000
0.00000
0.00000
0.00000
0.00000
0.00000
0.00000
0.00000
0.00000
0.00000
0.00442
0.04229
0.12947
0.25073
0.38490
0.50854
0.60006
0.64346
0.63117
0.56534
0.45746
0.32638
0.19499
0.08624
0.00000
0.00000
0.00000
0.00000
0.00000
0.00000
0.00000
0.00000
0.00000
0.00000
0.00550
0.05256
0.16092
0.31165
0.47841
0.63209
0.74583
0.79978
0.78451
0.70268
0.56860
0.40567
0.24236
0.10719
0.00000
0.00000
0.00000
0.00000
0.00000
0.00000
0.00000
0.00000
0.00000
0.00000
0.00478
0.04573
0.14001
0.27116
0.41626
0.54997
0.64894
0.69588
0.68259
0.61139
0.49473
0.35297
0.21087
0.09327
0.00000
0.00000
0.00000
0.00000
0.00000
0.00000
0.00000
0.00000
0.00000
0.00000
0.00342
0.03270
0.10010
0.19385
0.29759
0.39318
0.46394
0.49749
0.48799
0.43710
0.35369
0.25234
0.15076
0.06668
0.00000
0.00000
0.00000
0.00000
0.00000
0.00000
0.00000
0.00000
0.00000
0.00000
0.00447
0.04273
0.13081
0.25333
0.38888
0.51380
0.60626
0.65012
0.63770
0.57119
0.46219
0.32976
0.19701
0.08713
0.00000
0.00000
0.00000
0.00000
0.00000
0.00000
0.00000
0.00000
0.00000
0.00000
0.00524
0.05013
0.15348
0.29725
0.45630
0.60288
0.71137
0.76283
0.74826
0.67022
0.54232
0.38693
0.23116
0.10224
0.00000
0.00000
0.00000
0.00000
0.00000
0.00000
0.00000
0.00000
0.00000
0.00000
0.00516
0.04939
0.15122
0.29286
0.44957
0.59399
0.70088
0.75157
0.73722
0.66033
0.53432
0.38122
0.22775
0.10073
0.00000
0.00000
0.00000
0.00000
0.00000
0.00000
0.00000
0.00000
0.00000
0.00000
0.00555
0.05311
0.16259
0.31487
0.48337
0.63863
0.75356
0.80807
0.79264
0.70996
0.57449
0.40987
0.24487
0.10830
0.00000
0.00000
0.00000
0.00000
0.00000
0.00000
0.00000
0.00000
0.00000
0.00000
0.00359
0.03436
0.10519
0.20372
0.31273
0.41319
0.48755
0.52281
0.51283
0.45934
0.37169
0.26518
0.15843
0.07007
0.00000
0.00000
0.00000
0.00000
0.00000
0.00000
0.00000
0.00000
0.00000
0.00000
0.00000
0.04603
0.14675
0.28306
0.43205
0.56871
0.67008
0.71914
0.70765
0.63754
0.52058
0.37641
0.22926
0.00000
0.00000
0.00000
0.00000
0.00000
0.00000
0.00000
0.00000
0.00000
0.00000
0.00000
0.00000
0.03857
0.12296
0.23716
0.36199
0.47649
0.56143
0.60253
0.59290
0.53416
0.43616
0.31538
0.19208
0.00000
0.00000
0.00000
0.00000
0.00000
0.00000
0.00000
0.00000
0.00000
0.00000
0.00000
0.00000
0.03692
0.11769
0.22700
0.34649
0.45609
0.53739
0.57674
0.56752
0.51129
0.41749
0.30187
0.18386
0.00000
0.00000
0.00000
0.00000
0.00000
0.00000
0.00000
0.00000
0.00000
0.00000
0.00000
0.00000
0.03750
0.11956
0.23060
0.35199
0.46332
0.54591
0.58587
0.57651
0.51939
0.42410
0.30666
0.18677
0.00000
0.00000
0.00000
0.00000
0.00000
0.00000
0.00000
0.00000
0.00000
0.00000
0.00000
0.00000
0.03328
0.10611
0.20467
0.31240
0.41121
0.48451
0.51999
0.51168
0.46098
0.37641
0.27217
0.16577
0.00000
0.00000
0.00000
0.00000
0.00000
0.00000
0.00000
0.00000
0.00000
0.00000
0.00000
0.00000
0.03709
0.11826
0.22810
0.34817
0.45829
0.53998
0.57952
0.57026
0.51376
0.41950
0.30333
0.18475
0.00000
0.00000
0.00000
0.00000
0.00000
0.00000
0.00000
0.00000
0.00000
0.00000
0.00000
0.00000
0.04840
0.15432
0.29765
0.45432
0.59802
0.70462
0.75621
0.74413
0.67040
0.54741
0.39581
0.24108
0.00000
0.00000
0.00000
0.00000
0.00000
0.00000
0.00000
0.00000
0.00000
0.00000
0.00000
0.00000
0.02641
0.08420
0.16240
0.24789
0.32630
0.38446
0.41261
0.40601
0.36578
0.29868
0.21597
0.13154
0.00000
0.00000
0.00000
0.00000
0.00000
0.00000
0.00000
0.00000
0.00000
0.00000
0.00000
0.00000
0.03317
0.10574
0.20395
0.31130
0.40977
0.48281
0.51816
0.50988
0.45936
0.37509
0.27121
0.16519
0.00000
0.00000
0.00000
0.00000
0.00000
0.00000
0.00000
0.00000
0.00000
0.00000
0.00000
0.00000
0.04711
0.15019
0.28969
0.44218
0.58204
0.68579
0.73600
0.72423
0.65248
0.53278
0.38523
0.23463
0.00000
0.00000
0.00000
0.00000
0.00000
0.00000
0.00000
0.00000
0.00000
0.00000
0.00000
0.00000
0.03910
0.12465
0.24042
0.36697
0.48304
0.56915
0.61082
0.60106
0.54150
0.44216
0.31971
0.19473
0.00000
0.00000
0.00000
0.00000
0.00000
0.00000
0.00000
0.00000
0.00000
0.00000
0.00000
0.00000
0.04217
0.13444
0.25931
0.39580
0.52100
0.61387
0.65881
0.64828
0.58405
0.47690
0.34483
0.21003
0.00000
0.00000
0.00000
0.00000
0.00000
0.00000
0.00000
0.00000
0.00000
0.00000
0.00000
0.00000
0.05040
0.16069
0.30994
0.47308
0.62271
0.73371
0.78743
0.77485
0.69807
0.57001
0.41216
0.25103
0.00000
0.00000
0.00000
0.00000
0.00000
0.00000
0.00000
0.00000
0.00000
0.00000
0.00000
0.00000
0.04163
0.13273
0.25602
0.39078
0.51438
0.60607
0.65044
0.64005
0.57663
0.47084
0.34045
0.20736
0.00000
0.00000
0.00000
0.00000
0.00000
0.00000
0.00000
0.00000
0.00000
0.00000
0.00000
0.00000
0.04269
0.13610
0.26251
0.40068
0.52742
0.62144
0.66694
0.65628
0.59125
0.48278
0.34909
0.21262
0.00000
0.00000
0.00000
0.00000
0.00000
0.00000
0.00000
0.00000
0.00000
0.00000
0.00000
0.00000
0.03369
0.10740
0.20715
0.31619
0.41621
0.49039
0.52630
0.51789
0.46658
0.38098
0.27547
0.16778
0.00000
0.00000
0.00000
0.00000
0.00000
0.00000
0.00000
0.00000
0.00000
0.00000
0.00000
0.00000
0.03776
0.12038
0.23218
0.35440
0.46650
0.54965
0.58990
0.58047
0.52296
0.42702
0.30876
0.18806
0.00000
0.00000
0.00000
0.00000
0.00000
0.00000
0.00000
0.00000
0.00000
0.00000
0.00000
0.00000
0.01572
0.05011
0.09666
0.14753
0.19420
0.22881
0.24557
0.24164
0.21770
0.17776
0.12853
0.07829
0.00000
0.00000
0.00000
0.00000
0.00000
0.00000
0.00000
0.00000
0.00000
0.00000
0.00000
0.00000
0.03659
0.11666
0.22501
0.34345
0.45208
0.53266
0.57166
0.56252
0.50679
0.41382
0.29922
0.18224
0.00000
0.00000
0.00000
0.00000
0.00000
0.00000
0.00000
0.00000
0.00000
0.00000
0.00000
0.00000
0.02691
0.08578
0.16546
0.25255
0.33244
0.39170
0.42037
0.41366
0.37267
0.30430
0.22003
0.13401
0.00000
0.00000
0.00000
0.00000
0.00000
0.00000
0.00000
0.00000
0.00000
0.00000
0.00000
0.00000
0.04200
0.13390
0.25827
0.39421
0.51890
0.61139
0.65616
0.64567
0.58170
0.47498
0.34344
0.20918
0.00000
0.00000
0.00000
0.00000
0.00000
0.00000
0.00000
0.00000
0.00000
0.00000
0.00000
0.00000
0.04222
0.13459
0.25960
0.39625
0.52159
0.61456
0.65956
0.64902
0.58471
0.47744
0.34523
0.21026
0.00000
0.00000
0.00000
0.00000
0.00000
0.00000
0.00000
0.00000
0.00000
0.00000
0.00000
0.00000
0.03253
0.10370
0.20002
0.30530
0.40187
0.47350
0.50817
0.50005
0.45051
0.36786
0.26599
0.16200
0.00000
0.00000
0.00000
0.00000
0.00000
0.00000
0.00000
0.00000
0.00000
0.00000
0.00000
0.00000
0.03488
0.11120
0.21448
0.32738
0.43093
0.50774
0.54492
0.53621
0.48308
0.39446
0.28522
0.17372
0.00000
0.00000
0.00000
0.00000
0.00000
0.00000
0.00000
0.00000
0.00000
0.00000
0.00000
0.00000
0.03059
0.09752
0.18809
0.28710
0.37791
0.44527
0.47787
0.47024
0.42365
0.34592
0.25013
0.15234
0.00000
0.00000
0.00000
0.00000
0.00000
0.00000
0.00000
0.00000
0.00000
0.00000
0.00000
0.00000
0.02231
0.07113
0.13720
0.20942
0.27566
0.32479
0.34857
0.34300
0.30902
0.25233
0.18245
0.11112
0.00000
0.00000
0.00000
0.00000
0.00000
0.00000
0.00000
0.00000
0.00000
0.00000
0.00000
0.00000
0.04151
0.13235
0.25527
0.38964
0.51289
0.60431
0.64856
0.63819
0.57496
0.46948
0.33947
0.20676
0.00000
0.00000
0.00000
0.00000
0.00000
0.00000
0.00000
0.00000
0.00000
0.00000
0.00000
0.00000
0.04701
0.14987
0.28906
0.44121
0.58077
0.68429
0.73439
0.72266
0.65106
0.53161
0.38439
0.23412
0.00000
0.00000
0.00000
0.00000
0.00000
0.00000
0.00000
0.00000
0.00000
0.00000
0.00000
0.00000
0.04406
0.14047
0.27094
0.41355
0.54436
0.64139
0.68835
0.67735
0.61024
0.49828
0.36029
0.21944
0.00000
0.00000
0.00000
0.00000
0.00000
0.00000
0.00000
0.00000
0.00000
0.00000
0.00000
0.00000
0.02739
0.08732
0.16841
0.25706
0.33837
0.39869
0.42788
0.42104
0.37932
0.30973
0.22396
0.13641
0.00000
0.00000
0.00000
0.00000
0.00000
0.00000
0.00000
0.00000
0.00000
0.00000
0.00000
0.00239
0.05396
0.14227
0.25382
0.37154
0.47744
0.55533
0.59329
0.58553
0.53322
0.44437
0.33256
0.21490
0.00000
0.00000
0.00000
0.00000
0.00000
0.00000
0.00000
0.00000
0.00000
0.00000
0.00000
0.00256
0.05792
0.15272
0.27245
0.39881
0.51249
0.59609
0.63684
0.62851
0.57236
0.47699
0.35698
0.23067
0.00000
0.00000
0.00000
0.00000
0.00000
0.00000
0.00000
0.00000
0.00000
0.00000
0.00000
0.00288
0.06498
0.17133
0.30566
0.44742
0.57495
0.66875
0.71446
0.70511
0.64212
0.53513
0.40049
0.25879
0.00000
0.00000
0.00000
0.00000
0.00000
0.00000
0.00000
0.00000
0.00000
0.00000
0.00000
0.00270
0.06098
0.16077
0.28681
0.41984
0.53950
0.62751
0.67041
0.66164
0.60253
0.50213
0.37579
0.24283
0.00000
0.00000
0.00000
0.00000
0.00000
0.00000
0.00000
0.00000
0.00000
0.00000
0.00000
0.00238
0.05365
0.14146
0.25236
0.36941
0.47471
0.55215
0.58990
0.58218
0.53017
0.44183
0.33066
0.21367
0.00000
0.00000
0.00000
0.00000
0.00000
0.00000
0.00000
0.00000
0.00000
0.00000
0.00000
0.00301
0.06794
0.17913
0.31958
0.46780
0.60114
0.69921
0.74701
0.73723
0.67138
0.55951
0.41873
0.27057
0.00000
0.00000
0.00000
0.00000
0.00000
0.00000
0.00000
0.00000
0.00000
0.00000
0.00000
0.00284
0.06406
0.16889
0.30129
0.44104
0.56675
0.65920
0.70427
0.69505
0.63296
0.52749
0.39477
0.25509
0.00000
0.00000
0.00000
0.00000
0.00000
0.00000
0.00000
0.00000
0.00000
0.00000
0.00000
0.00237
0.05348
0.14099
0.25154
0.36820
0.47315
0.55034
0.58796
0.58027
0.52843
0.44038
0.32958
0.21297
0.00000
0.00000
0.00000
0.00000
0.00000
0.00000
0.00000
0.00000
0.00000
0.00000
0.00000
0.00269
0.06066
0.15992
0.28530
0.41762
0.53666
0.62420
0.66688
0.65815
0.59936
0.49949
0.37381
0.24155
0.00000
0.00000
0.00000
0.00000
0.00000
0.00000
0.00000
0.00000
0.00000
0.00000
0.00000
0.00283
0.06384
0.16830
0.30025
0.43952
0.56479
0.65693
0.70184
0.69265
0.63078
0.52567
0.39341
0.25421
0.00000
0.00000
0.00000
0.00000
0.00000
0.00000
0.00000
0.00000
0.00000
0.00000
0.00000
0.00227
0.05128
0.13519
0.24118
0.35304
0.45367
0.52768
0.56375
0.55638
0.50667
0.42225
0.31601
0.20420
0.00000
0.00000
0.00000
0.00000
0.00000
0.00000
0.00000
0.00000
0.00000
0.00000
0.00000
0.00248
0.05600
0.14765
0.26341
0.38558
0.49549
0.57632
0.61572
0.60766
0.55338
0.46117
0.34514
0.22302
0.00000
0.00000
0.00000
0.00000
0.00000
0.00000
0.00000
0.00000
0.00000
0.00000
0.00000
0.00257
0.05794
0.15277
0.27254
0.39894
0.51265
0.59628
0.63704
0.62871
0.57254
0.47714
0.35709
0.23074
0.00000
0.00000
0.00000
0.00000
0.00000
0.00000
0.00000
0.00000
0.00000
0.00000
0.00000
0.00244
0.05506
0.14516
0.25897
0.37908
0.48713
0.56660
0.60533
0.59741
0.54404
0.45339
0.33931
0.21926
0.00000
0.00000
0.00000
0.00000
0.00000
0.00000
0.00000
0.00000
0.00000
0.00000
0.00000
0.00275
0.06215
0.16386
0.29233
0.42792
0.54989
0.63960
0.68332
0.67438
0.61414
0.51181
0.38303
0.24751
0.00000
0.00000
0.00000
0.00000
0.00000
0.00000
0.00000
0.00000
0.00000
0.00000
0.00000
0.00176
0.03982
0.10498
0.18729
0.27416
0.35231
0.40978
0.43779
0.43206
0.39347
0.32791
0.24540
0.15857
0.00000
0.00000
0.00000
0.00000
0.00000
0.00000
0.00000
0.00000
0.00000
0.00000
0.00000
0.00290
0.06540
0.17244
0.30763
0.45031
0.57867
0.67307
0.71908
0.70967
0.64627
0.53859
0.40308
0.26046
0.00000
0.00000
0.00000
0.00000
0.00000
0.00000
0.00000
0.00000
0.00000
0.00000
0.00000
0.00191
0.04305
0.11349
0.20247
0.29638
0.38086
0.44299
0.47328
0.46708
0.42536
0.35448
0.26529
0.17143
0.00000
0.00000
0.00000
0.00000
0.00000
0.00000
0.00000
0.00000
0.00000
0.00000
0.00000
0.00078
0.01770
0.04666
0.08325
0.12186
0.15659
0.18214
0.19459
0.19204
0.17489
0.14574
0.10907
0.07048
0.00000
0.00000
0.00000
0.00000
0.00000
0.00000
0.00000
0.00000
0.00000
0.00000
0.00000
0.00292
0.06584
0.17360
0.30970
0.45334
0.58255
0.67759
0.72391
0.71443
0.65061
0.54220
0.40578
0.26221
0.00000
0.00000
0.00000
0.00000
0.00000
0.00000
0.00000
0.00000
0.00000
0.00000
0.00000
0.00266
0.06019
0.15868
0.28310
0.41440
0.53252
0.61939
0.66173
0.65307
0.59473
0.49563
0.37093
0.23969
0.00000
0.00000
0.00000
0.00000
0.00000
0.00000
0.00000
0.00000
0.00000
0.00000
0.00000
0.00214
0.04830
0.12734
0.22717
0.33254
0.42732
0.49703
0.53101
0.52406
0.47724
0.39772
0.29765
0.19234
0.00000
0.00000
0.00000
0.00000
0.00000
0.00000
0.00000
0.00000
0.00000
0.00000
0.00000
0.00288
0.06504
0.17148
0.30592
0.44780
0.57544
0.66932
0.71507
0.70572
0.64267
0.53559
0.40083
0.25901
0.00000
0.00000
0.00000
0.00000
0.00000
0.00000
0.00000
0.00000
0.00000
0.00000
0.00000
0.00315
0.07108
0.18739
0.33432
0.48937
0.62886
0.73145
0.78145
0.77123
0.70233
0.58530
0.43804
0.28305
0.00000
0.00000
0.00000
0.00000
0.00000
0.00000
0.00000
0.00000
0.00000
0.00000
0.00000
0.00246
0.05552
0.14638
0.26115
0.38227
0.49123
0.57136
0.61042
0.60243
0.54862
0.45720
0.34217
0.22110
0.00000
0.00000
0.00000
0.00000
0.00000
0.00000
0.00000
0.00000
0.00000
0.00000
0.00000
0.00165
0.03725
0.09821
0.17520
0.25646
0.32956
0.38333
0.40953
0.40417
0.36807
0.30674
0.22956
0.14834
0.00000
0.00000
0.00000
0.00000
0.00000
0.00000
0.00000
0.00000
0.00000
0.00000
0.00000
0.00218
0.04913
0.12953
0.23108
0.33826
0.43467
0.50558
0.54015
0.53308
0.48546
0.40457
0.30278
0.19565
0.00000
0.00000
0.00000
0.00000
0.00000
0.00000
0.00000
0.00000
0.00000
0.00000
0.00000
0.00279
0.06299
0.16608
0.29629
0.43371
0.55733
0.64825
0.69256
0.68350
0.62244
0.51873
0.38821
0.25085
0.00000
0.00000
0.00000
0.00000
0.00000
0.00000
0.00000
0.00000
0.00000
0.00000
0.00000
0.00193
0.04351
0.11471
0.20465
0.29957
0.38496
0.44776
0.47837
0.47211
0.42993
0.35829
0.26814
0.17327
0.00000
0.00000
0.00000
0.00000
0.00000
0.00000
0.00000
0.00000
0.00000
0.00000
0.00000
0.00149
0.03361
0.08862
0.15810
0.23143
0.29740
0.34591
0.36956
0.36472
0.33214
0.27680
0.20715
0.13386
0.00000
0.00000
0.00000
0.00000
0.00000
0.00000
0.00000
0.00000
0.00000
0.00000
0.00000
0.00185
0.04190
0.11046
0.19706
0.28846
0.37069
0.43116
0.46063
0.45460
0.41399
0.34501
0.25820
0.16685
0.00000
0.00000
0.00000
0.00000
0.00000
0.00000
0.00000
0.00000
0.00000
0.00000
0.00000
0.01088
0.06722
0.15622
0.26510
0.37819
0.47924
0.55373
0.59094
0.58554
0.53829
0.45599
0.35046
0.23689
0.00000
0.00000
0.00000
0.00000
0.00000
0.00000
0.00000
0.00000
0.00000
0.00000
0.00000
0.01034
0.06390
0.14852
0.25202
0.35954
0.45560
0.52642
0.56180
0.55666
0.51174
0.43350
0.33318
0.22520
0.00000
0.00000
0.00000
0.00000
0.00000
0.00000
0.00000
0.00000
0.00000
0.00000
0.00000
0.01273
0.07868
0.18286
0.31030
0.44268
0.56096
0.64815
0.69172
0.68539
0.63008
0.53375
0.41023
0.27728
0.00000
0.00000
0.00000
0.00000
0.00000
0.00000
0.00000
0.00000
0.00000
0.00000
0.00000
0.00562
0.03472
0.08069
0.13692
0.19533
0.24753
0.28600
0.30522
0.30243
0.27802
0.23552
0.18101
0.12235
0.00000
0.00000
0.00000
0.00000
0.00000
0.00000
0.00000
0.00000
0.00000
0.00000
0.00000
0.01081
0.06679
0.15522
0.26339
0.37576
0.47616
0.55017
0.58714
0.58177
0.53483
0.45306
0.34821
0.23536
0.00000
0.00000
0.00000
0.00000
0.00000
0.00000
0.00000
0.00000
0.00000
0.00000
0.00000
0.00807
0.04990
0.11598
0.19680
0.28076
0.35578
0.41108
0.43870
0.43469
0.39961
0.33852
0.26018
0.17586
0.00000
0.00000
0.00000
0.00000
0.00000
0.00000
0.00000
0.00000
0.00000
0.00000
0.00000
0.01225
0.07574
0.17603
0.29871
0.42614
0.54000
0.62393
0.66587
0.65978
0.60654
0.51380
0.39490
0.26692
0.00000
0.00000
0.00000
0.00000
0.00000
0.00000
0.00000
0.00000
0.00000
0.00000
0.00000
0.00932
0.05759
0.13385
0.22714
0.32403
0.41061
0.47444
0.50632
0.50169
0.46121
0.39069
0.30028
0.20296
0.00000
0.00000
0.00000
0.00000
0.00000
0.00000
0.00000
0.00000
0.00000
0.00000
0.00000
0.01099
0.06795
0.15792
0.26797
0.38228
0.48443
0.55973
0.59735
0.59188
0.54412
0.46093
0.35426
0.23945
0.00000
0.00000
0.00000
0.00000
0.00000
0.00000
0.00000
0.00000
0.00000
0.00000
0.00000
0.01049
0.06481
0.15061
0.25558
0.36461
0.46203
0.53385
0.56973
0.56452
0.51896
0.43962
0.33788
0.22838
0.00000
0.00000
0.00000
0.00000
0.00000
0.00000
0.00000
0.00000
0.00000
0.00000
0.00000
0.00853
0.05271
0.12250
0.20787
0.29655
0.37579
0.43420
0.46339
0.45915
0.42210
0.35756
0.27481
0.18575
0.00000
0.00000
0.00000
0.00000
0.00000
0.00000
0.00000
0.00000
0.00000
0.00000
0.00000
0.01060
0.06554
0.15233
0.25850
0.36877
0.46731
0.53994
0.57623
0.57096
0.52489
0.44464
0.34174
0.23099
0.00000
0.00000
0.00000
0.00000
0.00000
0.00000
0.00000
0.00000
0.00000
0.00000
0.00000
0.01094
0.06762
0.15715
0.26666
0.38042
0.48207
0.55700
0.59443
0.58900
0.54147
0.45868
0.35253
0.23828
0.00000
0.00000
0.00000
0.00000
0.00000
0.00000
0.00000
0.00000
0.00000
0.00000
0.00000
0.01094
0.06759
0.15710
0.26658
0.38030
0.48192
0.55682
0.59424
0.58881
0.54130
0.45853
0.35242
0.23821
0.00000
0.00000
0.00000
0.00000
0.00000
0.00000
0.00000
0.00000
0.00000
0.00000
0.00000
0.01123
0.06940
0.16130
0.27372
0.39049
0.49483
0.57174
0.61017
0.60459
0.55580
0.47082
0.36186
0.24459
0.00000
0.00000
0.00000
0.00000
0.00000
0.00000
0.00000
0.00000
0.00000
0.00000
0.00000
0.01215
0.07509
0.17451
0.29612
0.42245
0.53533
0.61853
0.66010
0.65407
0.60129
0.50935
0.39148
0.26461
0.00000
0.00000
0.00000
0.00000
0.00000
0.00000
0.00000
0.00000
0.00000
0.00000
0.00000
0.01027
0.06345
0.14746
0.25023
0.35698
0.45236
0.52267
0.55780
0.55270
0.50810
0.43042
0.33081
0.22360
0.00000
0.00000
0.00000
0.00000
0.00000
0.00000
0.00000
0.00000
0.00000
0.00000
0.00000
0.01349
0.08340
0.19382
0.32889
0.46920
0.59457
0.68699
0.73316
0.72646
0.66783
0.56573
0.43481
0.29390
0.00000
0.00000
0.00000
0.00000
0.00000
0.00000
0.00000
0.00000
0.00000
0.00000
0.00000
0.00888
0.05488
0.12755
0.21644
0.30878
0.39128
0.45210
0.48249
0.47807
0.43949
0.37230
0.28614
0.19341
0.00000
0.00000
0.00000
0.00000
0.00000
0.00000
0.00000
0.00000
0.00000
0.00000
0.00000
0.01239
0.07656
0.17794
0.30195
0.43076
0.54586
0.63071
0.67310
0.66694
0.61312
0.51938
0.39918
0.26982
0.00000
0.00000
0.00000
0.00000
0.00000
0.00000
0.00000
0.00000
0.00000
0.00000
0.00000
0.01207
0.07459
0.17334
0.29415
0.41964
0.53176
0.61441
0.65571
0.64971
0.59728
0.50596
0.38887
0.26285
0.00000
0.00000
0.00000
0.00000
0.00000
0.00000
0.00000
0.00000
0.00000
0.00000
0.00000
0.01076
0.06650
0.15456
0.26227
0.37416
0.47413
0.54783
0.58465
0.57930
0.53255
0.45113
0.34673
0.23436
0.00000
0.00000
0.00000
0.00000
0.00000
0.00000
0.00000
0.00000
0.00000
0.00000
0.00000
0.01223
0.07560
0.17570
0.29815
0.42535
0.53900
0.62278
0.66464
0.65856
0.60541
0.51285
0.39417
0.26643
0.00000
0.00000
0.00000
0.00000
0.00000
0.00000
0.00000
0.00000
0.00000
0.00000
0.00000
0.01072
0.06629
0.15406
0.26142
0.37295
0.47260
0.54605
0.58275
0.57742
0.53083
0.44967
0.34561
0.23360
0.00000
0.00000
0.00000
0.00000
0.00000
0.00000
0.00000
0.00000
0.00000
0.00000
0.00000
0.01163
0.07186
0.16700
0.28339
0.40428
0.51231
0.59194
0.63172
0.62594
0.57543
0.48745
0.37465
0.25323
0.00000
0.00000
0.00000
0.00000
0.00000
0.00000
0.00000
0.00000
0.00000
0.00000
0.00000
0.00894
0.05525
0.12840
0.21789
0.31084
0.39389
0.45512
0.48570
0.48126
0.44243
0.37478
0.28805
0.19470
0.00000
0.00000
0.00000
0.00000
0.00000
0.00000
0.00000
0.00000
0.00000
0.00000
0.00000
0.01163
0.07187
0.16704
0.28345
0.40438
0.51243
0.59207
0.63187
0.62609
0.57557
0.48756
0.37473
0.25329
0.00000
0.00000
0.00000
0.00000
0.00000
0.00000
0.00000
0.00000
0.00000
0.00000
0.00000
0.01230
0.07599
0.17662
0.29971
0.42756
0.54181
0.62602
0.66810
0.66199
0.60857
0.51552
0.39622
0.26781
0.00000
0.00000
0.00000
0.00000
0.00000
0.00000
0.00000
0.00000
0.00000
0.00000
0.00000
0.01040
0.06431
0.14946
0.25362
0.36181
0.45849
0.52975
0.56536
0.56019
0.51498
0.43625
0.33529
0.22663
0.00000
0.00000
0.00000
0.00000
0.00000
0.00000
0.00000
0.00000
0.00000
0.00000
0.00000
0.00839
0.05183
0.12046
0.20440
0.29160
0.36952
0.42695
0.45564
0.45148
0.41505
0.35159
0.27022
0.18265
0.00000
0.00000
0.00000
0.00000
0.00000
0.00000
0.00000
0.00000
0.00000
0.00000
0.00000
0.02513
0.07459
0.15843
0.26430
0.37659
0.47878
0.55580
0.59630
0.59432
0.55016
0.47030
0.36653
0.25413
0.14966
0.00000
0.00000
0.00000
0.00000
0.00000
0.00000
0.00000
0.00000
0.00000
0.00000
0.02980
0.08844
0.18785
0.31337
0.44653
0.56769
0.65901
0.70703
0.70469
0.65232
0.55764
0.43460
0.30132
0.17745
0.00000
0.00000
0.00000
0.00000
0.00000
0.00000
0.00000
0.00000
0.00000
0.00000
0.02142
0.06357
0.13502
0.22525
0.32096
0.40805
0.47370
0.50822
0.50653
0.46889
0.40083
0.31239
0.21659
0.12755
0.00000
0.00000
0.00000
0.00000
0.00000
0.00000
0.00000
0.00000
0.00000
0.00000
0.02320
0.06887
0.14628
0.24403
0.34772
0.44207
0.51318
0.55058
0.54875
0.50797
0.43424
0.33843
0.23465
0.13818
0.00000
0.00000
0.00000
0.00000
0.00000
0.00000
0.00000
0.00000
0.00000
0.00000
0.02169
0.06437
0.13671
0.22807
0.32498
0.41316
0.47962
0.51457
0.51287
0.47475
0.40584
0.31630
0.21930
0.12915
0.00000
0.00000
0.00000
0.00000
0.00000
0.00000
0.00000
0.00000
0.00000
0.00000
0.03353
0.09950
0.21135
0.35258
0.50239
0.63870
0.74145
0.79548
0.79284
0.73392
0.62740
0.48896
0.33902
0.19965
0.00000
0.00000
0.00000
0.00000
0.00000
0.00000
0.00000
0.00000
0.00000
0.00000
0.01804
0.05355
0.11374
0.18974
0.27037
0.34373
0.39902
0.42810
0.42668
0.39497
0.33764
0.26314
0.18245
0.10744
0.00000
0.00000
0.00000
0.00000
0.00000
0.00000
0.00000
0.00000
0.00000
0.00000
0.01564
0.04643
0.09861
0.16451
0.23441
0.29802
0.34596
0.37117
0.36994
0.34245
0.29274
0.22815
0.15819
0.09316
0.00000
0.00000
0.00000
0.00000
0.00000
0.00000
0.00000
0.00000
0.00000
0.00000
0.02320
0.06887
0.14627
0.24402
0.34770
0.44205
0.51316
0.55055
0.54873
0.50795
0.43422
0.33841
0.23463
0.13818
0.00000
0.00000
0.00000
0.00000
0.00000
0.00000
0.00000
0.00000
0.00000
0.00000
0.02258
0.06702
0.14234
0.23746
0.33835
0.43017
0.49936
0.53575
0.53398
0.49429
0.42255
0.32932
0.22833
0.13446
0.00000
0.00000
0.00000
0.00000
0.00000
0.00000
0.00000
0.00000
0.00000
0.00000
0.02504
0.07433
0.15787
0.26337
0.37528
0.47710
0.55385
0.59421
0.59224
0.54823
0.46866
0.36525
0.25324
0.14914
0.00000
0.00000
0.00000
0.00000
0.00000
0.00000
0.00000
0.00000
0.00000
0.00000
0.02560
0.07599
0.16139
0.26924
0.38365
0.48775
0.56621
0.60747
0.60545
0.56046
0.47911
0.37340
0.25889
0.15246
0.00000
0.00000
0.00000
0.00000
0.00000
0.00000
0.00000
0.00000
0.00000
0.00000
0.01960
0.05817
0.12355
0.20611
0.29369
0.37338
0.43344
0.46503
0.46349
0.42904
0.36677
0.28584
0.19819
0.11671
0.00000
0.00000
0.00000
0.00000
0.00000
0.00000
0.00000
0.00000
0.00000
0.00000
0.02685
0.07970
0.16928
0.28240
0.40239
0.51157
0.59387
0.63715
0.63503
0.58784
0.50252
0.39164
0.27154
0.15991
0.00000
0.00000
0.00000
0.00000
0.00000
0.00000
0.00000
0.00000
0.00000
0.00000
0.03121
0.09262
0.19673
0.32820
0.46765
0.59455
0.69019
0.74048
0.73803
0.68318
0.58402
0.45516
0.31558
0.18585
0.00000
0.00000
0.00000
0.00000
0.00000
0.00000
0.00000
0.00000
0.00000
0.00000
0.02948
0.08750
0.18586
0.31006
0.44180
0.56168
0.65204
0.69955
0.69723
0.64542
0.55174
0.43000
0.29814
0.17557
0.00000
0.00000
0.00000
0.00000
0.00000
0.00000
0.00000
0.00000
0.00000
0.00000
0.01924
0.05712
0.12132
0.20239
0.28838
0.36663
0.42561
0.45663
0.45511
0.42129
0.36014
0.28068
0.19460
0.11460
0.00000
0.00000
0.00000
0.00000
0.00000
0.00000
0.00000
0.00000
0.00000
0.00000
0.02636
0.07823
0.16617
0.27721
0.39500
0.50218
0.58296
0.62545
0.62337
0.57704
0.49329
0.38445
0.26655
0.15697
0.00000
0.00000
0.00000
0.00000
0.00000
0.00000
0.00000
0.00000
0.00000
0.00000
0.02537
0.07531
0.15996
0.26685
0.38023
0.48340
0.56117
0.60206
0.60007
0.55547
0.47485
0.37007
0.25659
0.15110
0.00000
0.00000
0.00000
0.00000
0.00000
0.00000
0.00000
0.00000
0.00000
0.00000
0.02039
0.06051
0.12852
0.21440
0.30550
0.38840
0.45088
0.48374
0.48213
0.44630
0.38152
0.29734
0.20616
0.12141
0.00000
0.00000
0.00000
0.00000
0.00000
0.00000
0.00000
0.00000
0.00000
0.00000
0.02465
0.07316
0.15539
0.25923
0.36937
0.46960
0.54514
0.58487
0.58293
0.53961
0.46129
0.35951
0.24926
0.14679
0.00000
0.00000
0.00000
0.00000
0.00000
0.00000
0.00000
0.00000
0.00000
0.00000
0.02493
0.07399
0.15715
0.26216
0.37355
0.47491
0.55130
0.59148
0.58952
0.54571
0.46650
0.36357
0.25208
0.14845
0.00000
0.00000
0.00000
0.00000
0.00000
0.00000
0.00000
0.00000
0.00000
0.00000
0.01439
0.04271
0.09071
0.15133
0.21563
0.27414
0.31824
0.34143
0.34030
0.31501
0.26929
0.20987
0.14551
0.08569
0.00000
0.00000
0.00000
0.00000
0.00000
0.00000
0.00000
0.00000
0.00000
0.00000
0.03017
0.08956
0.19022
0.31733
0.45216
0.57485
0.66732
0.71595
0.71357
0.66054
0.56467
0.44008
0.30512
0.17969
0.00000
0.00000
0.00000
0.00000
0.00000
0.00000
0.00000
0.00000
0.00000
0.00000
0.01866
0.05538
0.11764
0.19625
0.27963
0.35551
0.41269
0.44277
0.44130
0.40850
0.34921
0.27216
0.18870
0.11113
0.00000
0.00000
0.00000
0.00000
0.00000
0.00000
0.00000
0.00000
0.00000
0.00000
0.02425
0.07198
0.15288
0.25504
0.36341
0.46202
0.53634
0.57542
0.57351
0.53089
0.45384
0.35370
0.24523
0.14442
0.00000
0.00000
0.00000
0.00000
0.00000
0.00000
0.00000
0.00000
0.00000
0.00000
0.02616
0.07764
0.16491
0.27511
0.39200
0.49837
0.57854
0.62070
0.61864
0.57266
0.48955
0.38153
0.26453
0.15578
0.00000
0.00000
0.00000
0.00000
0.00000
0.00000
0.00000
0.00000
0.00000
0.00000
0.02610
0.07746
0.16452
0.27446
0.39107
0.49719
0.57717
0.61923
0.61717
0.57131
0.48838
0.38062
0.26390
0.15541
0.00000
0.00000
0.00000
0.00000
0.00000
0.00000
0.00000
0.00000
0.00000
0.00000
0.02700
0.08013
0.17019
0.28391
0.40455
0.51432
0.59705
0.64056
0.63844
0.59099
0.50521
0.39374
0.27299
0.16077
0.00000
0.00000
0.00000
0.00000
0.00000
0.00000
0.00000
0.00000
0.00000
0.00000
0.02251
0.06682
0.14192
0.23675
0.33735
0.42889
0.49788
0.53416
0.53239
0.49283
0.42130
0.32834
0.22765
0.13406
0.00000
0.00000
0.00000
0.00000
0.00000
0.00000
0.00000
0.00000
0.00000
0.00000
0.02532
0.07514
0.15960
0.26626
0.37939
0.48233
0.55992
0.60073
0.59874
0.55424
0.47380
0.36925
0.25602
0.15077
0.00000
0.00000
0.00000
0.00000
0.00000
0.00000
0.00000
0.00000
0.00000
0.00000
0.01479
0.07064
0.16527
0.28466
0.41111
0.52585
0.61189
0.65647
0.65297
0.60192
0.51088
0.39336
0.26677
0.00000
0.00000
0.00000
0.00000
0.00000
0.00000
0.00000
0.00000
0.00000
0.00000
0.00000
0.01132
0.05409
0.12655
0.21796
0.31477
0.40263
0.46851
0.50264
0.49996
0.46087
0.39117
0.30118
0.20426
0.00000
0.00000
0.00000
0.00000
0.00000
0.00000
0.00000
0.00000
0.00000
0.00000
0.00000
0.01362
0.06506
0.15222
0.26217
0.37862
0.48431
0.56355
0.60460
0.60138
0.55436
0.47052
0.36228
0.24569
0.00000
0.00000
0.00000
0.00000
0.00000
0.00000
0.00000
0.00000
0.00000
0.00000
0.00000
0.00965
0.04608
0.10780
0.18568
0.26815
0.34300
0.39912
0.42820
0.42592
0.39262
0.33324
0.25658
0.17401
0.00000
0.00000
0.00000
0.00000
0.00000
0.00000
0.00000
0.00000
0.00000
0.00000
0.00000
0.01134
0.05416
0.12671
0.21825
0.31519
0.40317
0.46913
0.50331
0.50063
0.46149
0.39169
0.30158
0.20453
0.00000
0.00000
0.00000
0.00000
0.00000
0.00000
0.00000
0.00000
0.00000
0.00000
0.00000
0.01240
0.05922
0.13856
0.23865
0.34465
0.44085
0.51299
0.55036
0.54742
0.50462
0.42830
0.32977
0.22365
0.00000
0.00000
0.00000
0.00000
0.00000
0.00000
0.00000
0.00000
0.00000
0.00000
0.00000
0.01304
0.06228
0.14572
0.25099
0.36247
0.46364
0.53951
0.57881
0.57573
0.53071
0.45045
0.34682
0.23521
0.00000
0.00000
0.00000
0.00000
0.00000
0.00000
0.00000
0.00000
0.00000
0.00000
0.00000
0.01241
0.05926
0.13866
0.23882
0.34490
0.44117
0.51335
0.55075
0.54782
0.50499
0.42861
0.33001
0.22381
0.00000
0.00000
0.00000
0.00000
0.00000
0.00000
0.00000
0.00000
0.00000
0.00000
0.00000
0.01283
0.06127
0.14334
0.24689
0.35655
0.45608
0.53070
0.56936
0.56633
0.52205
0.44309
0.34116
0.23137
0.00000
0.00000
0.00000
0.00000
0.00000
0.00000
0.00000
0.00000
0.00000
0.00000
0.00000
0.01496
0.07148
0.16724
0.28804
0.41599
0.53210
0.61916
0.66426
0.66072
0.60907
0.51695
0.39803
0.26994
0.00000
0.00000
0.00000
0.00000
0.00000
0.00000
0.00000
0.00000
0.00000
0.00000
0.00000
0.00690
0.03298
0.07717
0.13292
0.19196
0.24554
0.28571
0.30653
0.30489
0.28106
0.23855
0.18367
0.12456
0.00000
0.00000
0.00000
0.00000
0.00000
0.00000
0.00000
0.00000
0.00000
0.00000
0.00000
0.01491
0.07120
0.16659
0.28694
0.41439
0.53005
0.61678
0.66171
0.65819
0.60673
0.51496
0.39650
0.26890
0.00000
0.00000
0.00000
0.00000
0.00000
0.00000
0.00000
0.00000
0.00000
0.00000
0.00000
0.01142
0.05456
0.12765
0.21987
0.31753
0.40616
0.47262
0.50705
0.50434
0.46491
0.39460
0.30382
0.20605
0.00000
0.00000
0.00000
0.00000
0.00000
0.00000
0.00000
0.00000
0.00000
0.00000
0.00000
0.00894
0.04268
0.09986
0.17200
0.24840
0.31774
0.36972
0.39666
0.39455
0.36370
0.30869
0.23768
0.16119
0.00000
0.00000
0.00000
0.00000
0.00000
0.00000
0.00000
0.00000
0.00000
0.00000
0.00000
0.01478
0.07059
0.16516
0.28446
0.41081
0.52548
0.61146
0.65600
0.65251
0.60149
0.51052
0.39308
0.26658
0.00000
0.00000
0.00000
0.00000
0.00000
0.00000
0.00000
0.00000
0.00000
0.00000
0.00000
0.01560
0.07451
0.17433
0.30027
0.43364
0.55467
0.64543
0.69245
0.68876
0.63491
0.53888
0.41492
0.28139
0.00000
0.00000
0.00000
0.00000
0.00000
0.00000
0.00000
0.00000
0.00000
0.00000
0.00000
0.01517
0.07246
0.16954
0.29201
0.42172
0.53943
0.62769
0.67342
0.66983
0.61746
0.52407
0.40351
0.27366
0.00000
0.00000
0.00000
0.00000
0.00000
0.00000
0.00000
0.00000
0.00000
0.00000
0.00000
0.01720
0.08218
0.19228
0.33117
0.47827
0.61176
0.71186
0.76372
0.75965
0.70026
0.59435
0.45762
0.31035
0.00000
0.00000
0.00000
0.00000
0.00000
0.00000
0.00000
0.00000
0.00000
0.00000
0.00000
0.00738
0.03524
0.08244
0.14200
0.20507
0.26231
0.30523
0.32746
0.32572
0.30025
0.25484
0.19622
0.13307
0.00000
0.00000
0.00000
0.00000
0.00000
0.00000
0.00000
0.00000
0.00000
0.00000
0.00000
0.01634
0.07804
0.18260
0.31450
0.45420
0.58097
0.67603
0.72528
0.72142
0.66501
0.56443
0.43459
0.29473
0.00000
0.00000
0.00000
0.00000
0.00000
0.00000
0.00000
0.00000
0.00000
0.00000
0.00000
0.01029
0.04915
0.11500
0.19807
0.28605
0.36589
0.42576
0.45677
0.45434
0.41882
0.35547
0.27370
0.18562
0.00000
0.00000
0.00000
0.00000
0.00000
0.00000
0.00000
0.00000
0.00000
0.00000
0.00000
0.01238
0.05912
0.13832
0.23823
0.34405
0.44008
0.51208
0.54939
0.54646
0.50374
0.42755
0.32920
0.22326
0.00000
0.00000
0.00000
0.00000
0.00000
0.00000
0.00000
0.00000
0.00000
0.00000
0.00000
0.01452
0.06934
0.16223
0.27942
0.40353
0.51617
0.60062
0.64438
0.64094
0.59083
0.50147
0.38611
0.26186
0.00000
0.00000
0.00000
0.00000
0.00000
0.00000
0.00000
0.00000
0.00000
0.00000
0.00000
0.00767
0.03662
0.08568
0.14757
0.21312
0.27260
0.31720
0.34031
0.33850
0.31203
0.26484
0.20391
0.13829
0.00000
0.00000
0.00000
0.00000
0.00000
0.00000
0.00000
0.00000
0.00000
0.00000
0.00000
0.00991
0.04736
0.11080
0.19084
0.27561
0.35254
0.41022
0.44011
0.43776
0.40354
0.34250
0.26371
0.17885
0.00000
0.00000
0.00000
0.00000
0.00000
0.00000
0.00000
0.00000
0.00000
0.00000
0.00000
0.01303
0.06223
0.14560
0.25077
0.36216
0.46324
0.53904
0.57831
0.57523
0.53025
0.45005
0.34652
0.23501
0.00000
0.00000
0.00000
0.00000
0.00000
0.00000
0.00000
0.00000
0.00000
0.00000
0.00000
0.00861
0.04111
0.09619
0.16567
0.23925
0.30603
0.35611
0.38205
0.38002
0.35030
0.29732
0.22893
0.15525
0.00000
0.00000
0.00000
0.00000
0.00000
0.00000
0.00000
0.00000
0.00000
0.00000
0.00000
0.01100
0.05252
0.12289
0.21167
0.30569
0.39101
0.45499
0.48813
0.48553
0.44757
0.37988
0.29249
0.19836
0.00000
0.00000
0.00000
0.00000
0.00000
0.00000
0.00000
0.00000
0.00000
0.00000
0.00000
0.00861
0.04112
0.09622
0.16572
0.23934
0.30614
0.35623
0.38218
0.38014
0.35042
0.29742
0.22900
0.15531
0.00000
0.00000
0.00000
0.00000
0.00000
0.00000
0.00000
0.00000
0.00000
0.00000
0.00000
0.01822
0.08702
0.20360
0.35068
0.50644
0.64780
0.75380
0.80871
0.80440
0.74151
0.62936
0.48458
0.32864
0.00000
0.00000
0.00000
0.00000
0.00000
0.00000
0.00000
0.00000
0.00000
0.00000
0.00000
0.01572
0.07509
0.17569
0.30260
0.43701
0.55899
0.65045
0.69784
0.69412
0.63985
0.54308
0.41814
0.28358
0.00000
0.00000
0.00000
0.00000
0.00000
0.00000
0.00000
0.00000
0.00000
0.00000
0.00000
0.01077
0.06550
0.15587
0.26819
0.38545
0.48990
0.56572
0.60143
0.59162
0.53778
0.44806
0.33605
0.21870
0.00000
0.00000
0.00000
0.00000
0.00000
0.00000
0.00000
0.00000
0.00000
0.00000
0.00000
0.01312
0.07976
0.18979
0.32655
0.46932
0.59650
0.68881
0.73229
0.72035
0.65479
0.54555
0.40917
0.26629
0.00000
0.00000
0.00000
0.00000
0.00000
0.00000
0.00000
0.00000
0.00000
0.00000
0.00000
0.01043
0.06343
0.15094
0.25971
0.37326
0.47441
0.54783
0.58241
0.57291
0.52077
0.43389
0.32542
0.21178
0.00000
0.00000
0.00000
0.00000
0.00000
0.00000
0.00000
0.00000
0.00000
0.00000
0.00000
0.01250
0.07601
0.18086
0.31118
0.44724
0.56844
0.65641
0.69784
0.68646
0.62399
0.51989
0.38992
0.25376
0.00000
0.00000
0.00000
0.00000
0.00000
0.00000
0.00000
0.00000
0.00000
0.00000
0.00000
0.01223
0.07436
0.17694
0.30444
0.43755
0.55611
0.64218
0.68271
0.67158
0.61046
0.50862
0.38146
0.24826
0.00000
0.00000
0.00000
0.00000
0.00000
0.00000
0.00000
0.00000
0.00000
0.00000
0.00000
0.01134
0.06898
0.16415
0.28244
0.40593
0.51593
0.59578
0.63338
0.62305
0.56635
0.47187
0.35390
0.23032
0.00000
0.00000
0.00000
0.00000
0.00000
0.00000
0.00000
0.00000
0.00000
0.00000
0.00000
0.01325
0.08059
0.19177
0.32996
0.47423
0.60273
0.69602
0.73995
0.72788
0.66164
0.55126
0.41345
0.26907
0.00000
0.00000
0.00000
0.00000
0.00000
0.00000
0.00000
0.00000
0.00000
0.00000
0.00000
0.00936
0.05692
0.13544
0.23304
0.33493
0.42568
0.49156
0.52259
0.51407
0.46729
0.38933
0.29200
0.19003
0.00000
0.00000
0.00000
0.00000
0.00000
0.00000
0.00000
0.00000
0.00000
0.00000
0.00000
0.01068
0.06497
0.15461
0.26602
0.38233
0.48594
0.56114
0.59656
0.58683
0.53343
0.44443
0.33333
0.21693
0.00000
0.00000
0.00000
0.00000
0.00000
0.00000
0.00000
0.00000
0.00000
0.00000
0.00000
0.00880
0.05352
0.12736
0.21913
0.31495
0.40029
0.46224
0.49142
0.48340
0.43941
0.36610
0.27458
0.17870
0.00000
0.00000
0.00000
0.00000
0.00000
0.00000
0.00000
0.00000
0.00000
0.00000
0.00000
0.01342
0.08160
0.19417
0.33409
0.48016
0.61027
0.70472
0.74920
0.73698
0.66992
0.55815
0.41861
0.27244
0.00000
0.00000
0.00000
0.00000
0.00000
0.00000
0.00000
0.00000
0.00000
0.00000
0.00000
0.01231
0.07485
0.17812
0.30647
0.44047
0.55983
0.64647
0.68727
0.67606
0.61454
0.51201
0.38401
0.24992
0.00000
0.00000
0.00000
0.00000
0.00000
0.00000
0.00000
0.00000
0.00000
0.00000
0.00000
0.01120
0.06808
0.16200
0.27873
0.40060
0.50916
0.58795
0.62507
0.61487
0.55892
0.46567
0.34925
0.22730
0.00000
0.00000
0.00000
0.00000
0.00000
0.00000
0.00000
0.00000
0.00000
0.00000
0.00000
0.01250
0.07600
0.18085
0.31116
0.44721
0.56840
0.65637
0.69780
0.68642
0.62395
0.51985
0.38989
0.25374
0.00000
0.00000
0.00000
0.00000
0.00000
0.00000
0.00000
0.00000
0.00000
0.00000
0.00000
0.01035
0.06296
0.14981
0.25775
0.37045
0.47084
0.54371
0.57803
0.56860
0.51685
0.43062
0.32297
0.21019
0.00000
0.00000
0.00000
0.00000
0.00000
0.00000
0.00000
0.00000
0.00000
0.00000
0.00000
0.01107
0.06729
0.16013
0.27552
0.39598
0.50328
0.58117
0.61786
0.60778
0.55247
0.46030
0.34523
0.22468
0.00000
0.00000
0.00000
0.00000
0.00000
0.00000
0.00000
0.00000
0.00000
0.00000
0.00000
0.01397
0.08494
0.20213
0.34778
0.49983
0.63528
0.73359
0.77990
0.76718
0.69736
0.58102
0.43577
0.28360
0.00000
0.00000
0.00000
0.00000
0.00000
0.00000
0.00000
0.00000
0.00000
0.00000
0.00000
0.01178
0.07162
0.17042
0.29322
0.42143
0.53563
0.61853
0.65757
0.64684
0.58798
0.48988
0.36741
0.23912
0.00000
0.00000
0.00000
0.00000
0.00000
0.00000
0.00000
0.00000
0.00000
0.00000
0.00000
0.01399
0.08508
0.20245
0.34834
0.50064
0.63631
0.73478
0.78117
0.76843
0.69850
0.58196
0.43647
0.28406
0.00000
0.00000
0.00000
0.00000
0.00000
0.00000
0.00000
0.00000
0.00000
0.00000
0.00000
0.00848
0.05157
0.12271
0.21113
0.30344
0.38566
0.44535
0.47346
0.46574
0.42335
0.35272
0.26454
0.17217
0.00000
0.00000
0.00000
0.00000
0.00000
0.00000
0.00000
0.00000
0.00000
0.00000
0.00000
0.01302
0.07915
0.18834
0.32405
0.46574
0.59194
0.68355
0.72670
0.71485
0.64979
0.54139
0.40604
0.26425
0.00000
0.00000
0.00000
0.00000
0.00000
0.00000
0.00000
0.00000
0.00000
0.00000
0.00000
0.01053
0.06406
0.15243
0.26227
0.37695
0.47909
0.55324
0.58816
0.57857
0.52592
0.43818
0.32863
0.21388
0.00000
0.00000
0.00000
0.00000
0.00000
0.00000
0.00000
0.00000
0.00000
0.00000
0.00000
0.01113
0.06767
0.16103
0.27706
0.39820
0.50610
0.58443
0.62132
0.61119
0.55557
0.46288
0.34716
0.22593
0.00000
0.00000
0.00000
0.00000
0.00000
0.00000
0.00000
0.00000
0.00000
0.00000
0.00000
0.01018
0.06191
0.14732
0.25347
0.36430
0.46301
0.53467
0.56842
0.55915
0.50826
0.42347
0.31760
0.20670
0.00000
0.00000
0.00000
0.00000
0.00000
0.00000
0.00000
0.00000
0.00000
0.00000
0.00000
0.01038
0.06311
0.15018
0.25839
0.37137
0.47200
0.54505
0.57945
0.57000
0.51813
0.43169
0.32377
0.21071
0.00000
0.00000
0.00000
0.00000
0.00000
0.00000
0.00000
0.00000
0.00000
0.00000
0.00000
0.01194
0.07259
0.17273
0.29720
0.42714
0.54289
0.62691
0.66648
0.65561
0.59595
0.49652
0.37239
0.24236
0.00000
0.00000
0.00000
0.00000
0.00000
0.00000
0.00000
0.00000
0.00000
0.00000
0.00000
0.00967
0.05880
0.13991
0.24073
0.34599
0.43974
0.50780
0.53985
0.53104
0.48272
0.40218
0.30164
0.19631
0.00000
0.00000
0.00000
0.00000
0.00000
0.00000
0.00000
0.00000
0.00000
0.00000
0.00000
0.01189
0.07229
0.17201
0.29596
0.42536
0.54063
0.62429
0.66370
0.65288
0.59346
0.49445
0.37084
0.24135
0.00000
0.00000
0.00000
0.00000
0.00000
0.00000
0.00000
0.00000
0.00000
0.00000
0.00000
0.01009
0.06136
0.14600
0.25121
0.36105
0.45889
0.52991
0.56335
0.55417
0.50373
0.41969
0.31477
0.20486
0.00000
0.00000
0.00000
0.00000
0.00000
0.00000
0.00000
0.00000
0.00000
0.00000
0.00000
0.01369
0.08325
0.19810
0.34084
0.48987
0.62261
0.71897
0.76436
0.75189
0.68346
0.56944
0.42708
0.27795
0.00000
0.00000
0.00000
0.00000
0.00000
0.00000
0.00000
0.00000
0.00000
0.00000
0.00000
0.00854
0.05949
0.14405
0.24861
0.35630
0.44978
0.51397
0.53853
0.51950
0.45995
0.36947
0.26265
0.15671
0.00000
0.00000
0.00000
0.00000
0.00000
0.00000
0.00000
0.00000
0.00000
0.00000
0.00000
0.01091
0.07598
0.18400
0.31754
0.45510
0.57450
0.65649
0.68786
0.66356
0.58749
0.47192
0.33548
0.20016
0.00000
0.00000
0.00000
0.00000
0.00000
0.00000
0.00000
0.00000
0.00000
0.00000
0.00000
0.01017
0.07081
0.17148
0.29594
0.42415
0.53542
0.61183
0.64107
0.61842
0.54752
0.43982
0.31266
0.18654
0.00000
0.00000
0.00000
0.00000
0.00000
0.00000
0.00000
0.00000
0.00000
0.00000
0.00000
0.01216
0.08468
0.20505
0.35389
0.50719
0.64026
0.73163
0.76659
0.73950
0.65473
0.52593
0.37388
0.22307
0.00000
0.00000
0.00000
0.00000
0.00000
0.00000
0.00000
0.00000
0.00000
0.00000
0.00000
0.00968
0.06742
0.16325
0.28175
0.40380
0.50974
0.58249
0.61033
0.58876
0.52126
0.41872
0.29766
0.17760
0.00000
0.00000
0.00000
0.00000
0.00000
0.00000
0.00000
0.00000
0.00000
0.00000
0.00000
0.00925
0.06439
0.15592
0.26909
0.38566
0.48684
0.55632
0.58290
0.56230
0.49784
0.39991
0.28429
0.16962
0.00000
0.00000
0.00000
0.00000
0.00000
0.00000
0.00000
0.00000
0.00000
0.00000
0.00000
0.01115
0.07761
0.18794
0.32435
0.46486
0.58682
0.67056
0.70261
0.67778
0.60008
0.48203
0.34267
0.20445
0.00000
0.00000
0.00000
0.00000
0.00000
0.00000
0.00000
0.00000
0.00000
0.00000
0.00000
0.00966
0.06727
0.16290
0.28113
0.40292
0.50862
0.58121
0.60899
0.58747
0.52012
0.41780
0.29701
0.17721
0.00000
0.00000
0.00000
0.00000
0.00000
0.00000
0.00000
0.00000
0.00000
0.00000
0.00000
0.00735
0.05118
0.12393
0.21388
0.30653
0.38695
0.44217
0.46330
0.44693
0.39569
0.31786
0.22596
0.13481
0.00000
0.00000
0.00000
0.00000
0.00000
0.00000
0.00000
0.00000
0.00000
0.00000
0.00000
0.01093
0.07613
0.18436
0.31817
0.45600
0.57563
0.65778
0.68921
0.66486
0.58864
0.47285
0.33614
0.20055
0.00000
0.00000
0.00000
0.00000
0.00000
0.00000
0.00000
0.00000
0.00000
0.00000
0.00000
0.00967
0.06730
0.16298
0.28128
0.40312
0.50889
0.58151
0.60930
0.58777
0.52039
0.41802
0.29716
0.17730
0.00000
0.00000
0.00000
0.00000
0.00000
0.00000
0.00000
0.00000
0.00000
0.00000
0.00000
0.00662
0.04610
0.11165
0.19268
0.27615
0.34860
0.39835
0.41738
0.40263
0.35648
0.28635
0.20356
0.12145
0.00000
0.00000
0.00000
0.00000
0.00000
0.00000
0.00000
0.00000
0.00000
0.00000
0.00000
0.01174
0.08175
0.19796
0.34164
0.48964
0.61809
0.70631
0.74006
0.71390
0.63206
0.50773
0.36094
0.21535
0.00000
0.00000
0.00000
0.00000
0.00000
0.00000
0.00000
0.00000
0.00000
0.00000
0.00000
0.00575
0.04003
0.09695
0.16731
0.23979
0.30270
0.34590
0.36243
0.34962
0.30954
0.24865
0.17676
0.10546
0.00000
0.00000
0.00000
0.00000
0.00000
0.00000
0.00000
0.00000
0.00000
0.00000
0.00000
0.01084
0.07549
0.18282
0.31551
0.45219
0.57082
0.65229
0.68346
0.65931
0.58373
0.46890
0.33333
0.19888
0.00000
0.00000
0.00000
0.00000
0.00000
0.00000
0.00000
0.00000
0.00000
0.00000
0.00000
0.01158
0.08065
0.19531
0.33707
0.48308
0.60982
0.69685
0.73015
0.70435
0.62360
0.50093
0.35610
0.21246
0.00000
0.00000
0.00000
0.00000
0.00000
0.00000
0.00000
0.00000
0.00000
0.00000
0.00000
0.00591
0.04116
0.09966
0.17200
0.24651
0.31118
0.35560
0.37259
0.35942
0.31822
0.25562
0.18172
0.10842
0.00000
0.00000
0.00000
0.00000
0.00000
0.00000
0.00000
0.00000
0.00000
0.00000
0.00000
0.00794
0.05528
0.13387
0.23103
0.33111
0.41798
0.47763
0.50045
0.48277
0.42743
0.34334
0.24408
0.14563
0.00000
0.00000
0.00000
0.00000
0.00000
0.00000
0.00000
0.00000
0.00000
0.00000
0.00000
0.01148
0.07996
0.19364
0.33419
0.47896
0.60462
0.69091
0.72392
0.69834
0.61828
0.49666
0.35307
0.21065
0.00000
0.00000
0.00000
0.00000
0.00000
0.00000
0.00000
0.00000
0.00000
0.00000
0.00000
0.00381
0.02655
0.06429
0.11096
0.15903
0.20075
0.22940
0.24036
0.23186
0.20528
0.16490
0.11723
0.06994
0.00000
0.00000
0.00000
0.00000
0.00000
0.00000
0.00000
0.00000
0.00000
0.00000
0.00000
0.00420
0.02924
0.07080
0.12219
0.17512
0.22106
0.25261
0.26468
0.25533
0.22606
0.18159
0.12909
0.07702
0.00000
0.00000
0.00000
0.00000
0.00000
0.00000
0.00000
0.00000
0.00000
0.00000
0.00000
0.01034
0.07198
0.17431
0.30083
0.43115
0.54426
0.62193
0.65165
0.62862
0.55656
0.44708
0.31782
0.18962
0.00000
0.00000
0.00000
0.00000
0.00000
0.00000
0.00000
0.00000
0.00000
0.00000
0.00000
0.01254
0.08733
0.21147
0.36496
0.52306
0.66029
0.75452
0.79057
0.76264
0.67521
0.54239
0.38557
0.23005
0.00000
0.00000
0.00000
0.00000
0.00000
0.00000
0.00000
0.00000
0.00000
0.00000
0.00000
0.01015
0.07066
0.17110
0.29529
0.42321
0.53424
0.61048
0.63965
0.61705
0.54631
0.43884
0.31197
0.18613
0.00000
0.00000
0.00000
0.00000
0.00000
0.00000
0.00000
0.00000
0.00000
0.00000
0.00000
0.00668
0.04648
0.11255
0.19424
0.27838
0.35141
0.40157
0.42075
0.40589
0.35936
0.28867
0.20521
0.12243
0.00000
0.00000
0.00000
0.00000
0.00000
0.00000
0.00000
0.00000
0.00000
0.00000
0.00000
0.01174
0.08175
0.19796
0.34164
0.48964
0.61810
0.70631
0.74006
0.71391
0.63207
0.50773
0.36094
0.21535
0.00000
0.00000
0.00000
0.00000
0.00000
0.00000
0.00000
0.00000
0.00000
0.00000
0.00000
0.01057
0.07359
0.17821
0.30755
0.44078
0.55642
0.63583
0.66622
0.64267
0.56900
0.45707
0.32492
0.19386
0.00000
0.00000
0.00000
0.00000
0.00000
0.00000
0.00000
0.00000
0.00000
0.00000
0.00000
0.01173
0.08165
0.19772
0.34123
0.48905
0.61735
0.70546
0.73917
0.71305
0.63131
0.50712
0.36050
0.21509
0.00000
0.00000
0.00000
0.00000
0.00000
0.00000
0.00000
0.00000
0.00000
0.00000
0.00000
0.00872
0.06074
0.14708
0.25384
0.36381
0.45925
0.52479
0.54987
0.53044
0.46963
0.37725
0.26818
0.16001
0.00000
0.00000
0.00000
0.00000
0.00000
0.00000
0.00000
0.00000
0.00000
0.00000
0.00000
0.00946
0.06584
0.15944
0.27516
0.39436
0.49782
0.56887
0.59606
0.57499
0.50908
0.40893
0.29070
0.17344
0.00000
0.00000
0.00000
0.00000
0.00000
0.00000
0.00000
0.00000
0.00000
0.00000
0.00000
0.01015
0.07065
0.17109
0.29528
0.42319
0.53422
0.61046
0.63963
0.61703
0.54629
0.43883
0.31196
0.18612
0.00000
0.00000
0.00000
0.00000
0.00000
0.00000
0.00000
0.00000
0.00000
0.00000
0.00000
0.00000
0.03384
0.11237
0.20984
0.31027
0.39719
0.45635
0.47807
0.45877
0.40162
0.31599
0.21592
0.11781
0.00000
0.00000
0.00000
0.00000
0.00000
0.00000
0.00000
0.00000
0.00000
0.00000
0.00000
0.00000
0.03464
0.11504
0.21483
0.31764
0.40662
0.46720
0.48942
0.46967
0.41116
0.32350
0.22105
0.12061
0.00000
0.00000
0.00000
0.00000
0.00000
0.00000
0.00000
0.00000
0.00000
0.00000
0.00000
0.00000
0.03757
0.12477
0.23300
0.34451
0.44103
0.50672
0.53083
0.50941
0.44595
0.35087
0.23975
0.13081
0.00000
0.00000
0.00000
0.00000
0.00000
0.00000
0.00000
0.00000
0.00000
0.00000
0.00000
0.00000
0.05097
0.16928
0.31611
0.46740
0.59834
0.68747
0.72018
0.69111
0.60502
0.47603
0.32527
0.17747
0.00000
0.00000
0.00000
0.00000
0.00000
0.00000
0.00000
0.00000
0.00000
0.00000
0.00000
0.00000
0.03846
0.12773
0.23851
0.35266
0.45146
0.51871
0.54339
0.52146
0.45650
0.35917
0.24543
0.13391
0.00000
0.00000
0.00000
0.00000
0.00000
0.00000
0.00000
0.00000
0.00000
0.00000
0.00000
0.00000
0.05149
0.17098
0.31928
0.47209
0.60434
0.69437
0.72741
0.69804
0.61109
0.48080
0.32854
0.17925
0.00000
0.00000
0.00000
0.00000
0.00000
0.00000
0.00000
0.00000
0.00000
0.00000
0.00000
0.00000
0.04266
0.14167
0.26456
0.39117
0.50076
0.57535
0.60273
0.57840
0.50635
0.39839
0.27223
0.14853
0.00000
0.00000
0.00000
0.00000
0.00000
0.00000
0.00000
0.00000
0.00000
0.00000
0.00000
0.00000
0.03074
0.10209
0.19065
0.28189
0.36085
0.41461
0.43434
0.41680
0.36488
0.28709
0.19617
0.10703
0.00000
0.00000
0.00000
0.00000
0.00000
0.00000
0.00000
0.00000
0.00000
0.00000
0.00000
0.00000
0.03797
0.12609
0.23546
0.34814
0.44568
0.51207
0.53643
0.51478
0.45065
0.35457
0.24228
0.13219
0.00000
0.00000
0.00000
0.00000
0.00000
0.00000
0.00000
0.00000
0.00000
0.00000
0.00000
0.00000
0.04035
0.13400
0.25024
0.37000
0.47365
0.54421
0.57010
0.54709
0.47894
0.37683
0.25749
0.14049
0.00000
0.00000
0.00000
0.00000
0.00000
0.00000
0.00000
0.00000
0.00000
0.00000
0.00000
0.00000
0.05012
0.16645
0.31083
0.45959
0.58834
0.67598
0.70815
0.67956
0.59491
0.46807
0.31984
0.17451
0.00000
0.00000
0.00000
0.00000
0.00000
0.00000
0.00000
0.00000
0.00000
0.00000
0.00000
0.00000
0.02721
0.09035
0.16871
0.24945
0.31933
0.36690
0.38436
0.36885
0.32290
0.25406
0.17360
0.09472
0.00000
0.00000
0.00000
0.00000
0.00000
0.00000
0.00000
0.00000
0.00000
0.00000
0.00000
0.00000
0.05313
0.17645
0.32950
0.48720
0.62369
0.71659
0.75069
0.72039
0.63065
0.49619
0.33905
0.18499
0.00000
0.00000
0.00000
0.00000
0.00000
0.00000
0.00000
0.00000
0.00000
0.00000
0.00000
0.00000
0.04064
0.13498
0.25205
0.37268
0.47709
0.54815
0.57424
0.55106
0.48241
0.37956
0.25936
0.14151
0.00000
0.00000
0.00000
0.00000
0.00000
0.00000
0.00000
0.00000
0.00000
0.00000
0.00000
0.00000
0.03980
0.13216
0.24679
0.36490
0.46713
0.53671
0.56225
0.53955
0.47234
0.37164
0.25394
0.13855
0.00000
0.00000
0.00000
0.00000
0.00000
0.00000
0.00000
0.00000
0.00000
0.00000
0.00000
0.00000
0.03386
0.11243
0.20995
0.31043
0.39740
0.45660
0.47833
0.45902
0.40184
0.31617
0.21604
0.11787
0.00000
0.00000
0.00000
0.00000
0.00000
0.00000
0.00000
0.00000
0.00000
0.00000
0.00000
0.00000
0.03369
0.11187
0.20891
0.30889
0.39542
0.45432
0.47594
0.45673
0.39983
0.31459
0.21496
0.11729
0.00000
0.00000
0.00000
0.00000
0.00000
0.00000
0.00000
0.00000
0.00000
0.00000
0.00000
0.00000
0.04530
0.15045
0.28094
0.41539
0.53176
0.61097
0.64004
0.61421
0.53770
0.42306
0.28908
0.15773
0.00000
0.00000
0.00000
0.00000
0.00000
0.00000
0.00000
0.00000
0.00000
0.00000
0.00000
0.00000
0.04638
0.15403
0.28764
0.42529
0.54444
0.62554
0.65531
0.62885
0.55052
0.43314
0.29597
0.16149
0.00000
0.00000
0.00000
0.00000
0.00000
0.00000
0.00000
0.00000
0.00000
0.00000
0.00000
0.00000
0.04036
0.13404
0.25031
0.37011
0.47379
0.54437
0.57027
0.54725
0.47908
0.37694
0.25757
0.14053
0.00000
0.00000
0.00000
0.00000
0.00000
0.00000
0.00000
0.00000
0.00000
0.00000
0.00000
0.00000
0.04532
0.15051
0.28105
0.41556
0.53198
0.61122
0.64030
0.61446
0.53792
0.42323
0.28920
0.15779
0.00000
0.00000
0.00000
0.00000
0.00000
0.00000
0.00000
0.00000
0.00000
0.00000
0.00000
0.00000
0.05967
0.19816
0.37005
0.54714
0.70042
0.80476
0.84305
0.80902
0.70824
0.55724
0.38077
0.20775
0.00000
0.00000
0.00000
0.00000
0.00000
0.00000
0.00000
0.00000
0.00000
0.00000
0.00000
0.00000
0.03402
0.11299
0.21100
0.31198
0.39938
0.45887
0.48070
0.46130
0.40384
0.31774
0.21711
0.11846
0.00000
0.00000
0.00000
0.00000
0.00000
0.00000
0.00000
0.00000
0.00000
0.00000
0.00000
0.00000
0.02499
0.08298
0.15495
0.22911
0.29330
0.33699
0.35302
0.33877
0.29657
0.23334
0.15944
0.08699
0.00000
0.00000
0.00000
0.00000
0.00000
0.00000
0.00000
0.00000
0.00000
0.00000
0.00000
0.00000
0.03963
0.13160
0.24574
0.36335
0.46514
0.53443
0.55985
0.53725
0.47033
0.37005
0.25286
0.13796
0.00000
0.00000
0.00000
0.00000
0.00000
0.00000
0.00000
0.00000
0.00000
0.00000
0.00000
0.00000
0.04884
0.16220
0.30288
0.44784
0.57330
0.65870
0.69004
0.66219
0.57970
0.45611
0.31166
0.17005
0.00000
0.00000
0.00000
0.00000
0.00000
0.00000
0.00000
0.00000
0.00000
0.00000
0.00000
0.00000
0.02326
0.07726
0.14428
0.21332
0.27309
0.31376
0.32869
0.31543
0.27613
0.21726
0.14846
0.08100
0.00000
0.00000
0.00000
0.00000
0.00000
0.00000
0.00000
0.00000
0.00000
0.00000
0.00000
0.00000
0.03329
0.11056
0.20645
0.30526
0.39077
0.44898
0.47035
0.45136
0.39514
0.31089
0.21243
0.11591
0.00000
0.00000
0.00000
0.00000
0.00000
0.00000
0.00000
0.00000
0.00000
0.00000
0.00000
0.00000
0.04345
0.14429
0.26944
0.39839
0.51000
0.58597
0.61385
0.58907
0.51569
0.40575
0.27725
0.15127
0.00000
0.00000
0.00000
0.00000
0.00000
0.00000
0.00000
0.00000
0.00000
0.00000
0.00000
0.00000
0.02793
0.09277
0.17324
0.25614
0.32790
0.37675
0.39467
0.37874
0.33156
0.26087
0.17826
0.09726
0.00000
0.00000
0.00000
0.00000
0.00000
0.00000
0.00000
0.00000
0.00000
0.00000
0.00000
0.00000
0.03501
0.12886
0.24976
0.37737
0.49021
0.56930
0.60133
0.58091
0.51148
0.40471
0.27858
0.15431
0.00000
0.00000
0.00000
0.00000
0.00000
0.00000
0.00000
0.00000
0.00000
0.00000
0.00000
0.00000
0.02839
0.10447
0.20248
0.30594
0.39742
0.46154
0.48751
0.47096
0.41466
0.32811
0.22585
0.12510
0.00000
0.00000
0.00000
0.00000
0.00000
0.00000
0.00000
0.00000
0.00000
0.00000
0.00000
0.00000
0.04131
0.15203
0.29468
0.44524
0.57838
0.67170
0.70949
0.68540
0.60348
0.47751
0.32869
0.18206
0.00000
0.00000
0.00000
0.00000
0.00000
0.00000
0.00000
0.00000
0.00000
0.00000
0.00000
0.00000
0.04405
0.16212
0.31423
0.47478
0.61676
0.71627
0.75657
0.73088
0.64352
0.50919
0.35050
0.19415
0.00000
0.00000
0.00000
0.00000
0.00000
0.00000
0.00000
0.00000
0.00000
0.00000
0.00000
0.00000
0.02596
0.09553
0.18516
0.27976
0.36341
0.42205
0.44580
0.43066
0.37918
0.30003
0.20653
0.11440
0.00000
0.00000
0.00000
0.00000
0.00000
0.00000
0.00000
0.00000
0.00000
0.00000
0.00000
0.00000
0.04036
0.14855
0.28793
0.43504
0.56513
0.65631
0.69324
0.66970
0.58965
0.46657
0.32116
0.17789
0.00000
0.00000
0.00000
0.00000
0.00000
0.00000
0.00000
0.00000
0.00000
0.00000
0.00000
0.00000
0.04037
0.14856
0.28795
0.43507
0.56517
0.65635
0.69328
0.66974
0.58969
0.46660
0.32118
0.17790
0.00000
0.00000
0.00000
0.00000
0.00000
0.00000
0.00000
0.00000
0.00000
0.00000
0.00000
0.00000
0.03140
0.11556
0.22399
0.33843
0.43963
0.51056
0.53929
0.52097
0.45870
0.36295
0.24984
0.13839
0.00000
0.00000
0.00000
0.00000
0.00000
0.00000
0.00000
0.00000
0.00000
0.00000
0.00000
0.00000
0.03699
0.13613
0.26385
0.39866
0.51788
0.60143
0.63527
0.61370
0.54035
0.42756
0.29431
0.16302
0.00000
0.00000
0.00000
0.00000
0.00000
0.00000
0.00000
0.00000
0.00000
0.00000
0.00000
0.00000
0.03345
0.12311
0.23863
0.36055
0.46836
0.54393
0.57453
0.55502
0.48868
0.38668
0.26617
0.14743
0.00000
0.00000
0.00000
0.00000
0.00000
0.00000
0.00000
0.00000
0.00000
0.00000
0.00000
0.00000
0.03857
0.14196
0.27515
0.41574
0.54005
0.62719
0.66248
0.63998
0.56349
0.44587
0.30691
0.17000
0.00000
0.00000
0.00000
0.00000
0.00000
0.00000
0.00000
0.00000
0.00000
0.00000
0.00000
0.00000
0.03587
0.13201
0.25587
0.38660
0.50220
0.58323
0.61605
0.59513
0.52399
0.41462
0.28540
0.15809
0.00000
0.00000
0.00000
0.00000
0.00000
0.00000
0.00000
0.00000
0.00000
0.00000
0.00000
0.00000
0.04008
0.14753
0.28594
0.43203
0.56122
0.65177
0.68844
0.66507
0.58557
0.46334
0.31894
0.17666
0.00000
0.00000
0.00000
0.00000
0.00000
0.00000
0.00000
0.00000
0.00000
0.00000
0.00000
0.00000
0.03055
0.11245
0.21795
0.32931
0.42779
0.49681
0.52476
0.50694
0.44635
0.35318
0.24311
0.13466
0.00000
0.00000
0.00000
0.00000
0.00000
0.00000
0.00000
0.00000
0.00000
0.00000
0.00000
0.00000
0.03867
0.14231
0.27584
0.41677
0.54140
0.62875
0.66412
0.64157
0.56489
0.44697
0.30767
0.17042
0.00000
0.00000
0.00000
0.00000
0.00000
0.00000
0.00000
0.00000
0.00000
0.00000
0.00000
0.00000
0.03233
0.11898
0.23062
0.34845
0.45265
0.52568
0.55526
0.53640
0.47229
0.37370
0.25724
0.14249
0.00000
0.00000
0.00000
0.00000
0.00000
0.00000
0.00000
0.00000
0.00000
0.00000
0.00000
0.00000
0.03915
0.14409
0.27927
0.42196
0.54814
0.63658
0.67240
0.64957
0.57193
0.45254
0.31151
0.17255
0.00000
0.00000
0.00000
0.00000
0.00000
0.00000
0.00000
0.00000
0.00000
0.00000
0.00000
0.00000
0.04078
0.15009
0.29091
0.43954
0.57098
0.66310
0.70041
0.67662
0.59575
0.47139
0.32448
0.17973
0.00000
0.00000
0.00000
0.00000
0.00000
0.00000
0.00000
0.00000
0.00000
0.00000
0.00000
0.00000
0.03394
0.12489
0.24207
0.36575
0.47512
0.55178
0.58283
0.56304
0.49574
0.39226
0.27001
0.14956
0.00000
0.00000
0.00000
0.00000
0.00000
0.00000
0.00000
0.00000
0.00000
0.00000
0.00000
0.00000
0.02572
0.09467
0.18349
0.27724
0.36015
0.41825
0.44179
0.42679
0.37577
0.29733
0.20467
0.11337
0.00000
0.00000
0.00000
0.00000
0.00000
0.00000
0.00000
0.00000
0.00000
0.00000
0.00000
0.00000
0.03088
0.11367
0.22031
0.33287
0.43241
0.50218
0.53044
0.51243
0.45118
0.35700
0.24574
0.13612
0.00000
0.00000
0.00000
0.00000
0.00000
0.00000
0.00000
0.00000
0.00000
0.00000
0.00000
0.00000
0.03658
0.13462
0.26092
0.39423
0.51212
0.59474
0.62821
0.60687
0.53434
0.42280
0.29103
0.16121
0.00000
0.00000
0.00000
0.00000
0.00000
0.00000
0.00000
0.00000
0.00000
0.00000
0.00000
0.00000
0.03047
0.11216
0.21739
0.32846
0.42667
0.49552
0.52340
0.50562
0.44519
0.35226
0.24248
0.13431
0.00000
0.00000
0.00000
0.00000
0.00000
0.00000
0.00000
0.00000
0.00000
0.00000
0.00000
0.00000
0.04573
0.16829
0.32618
0.49284
0.64021
0.74350
0.78534
0.75867
0.66799
0.52855
0.36383
0.20153
0.00000
0.00000
0.00000
0.00000
0.00000
0.00000
0.00000
0.00000
0.00000
0.00000
0.00000
0.00000
0.04241
0.15607
0.30249
0.45704
0.59371
0.68951
0.72830
0.70357
0.61947
0.49017
0.33740
0.18689
0.00000
0.00000
0.00000
0.00000
0.00000
0.00000
0.00000
0.00000
0.00000
0.00000
0.00000
0.00000
0.03451
0.12700
0.24615
0.37192
0.48313
0.56108
0.59265
0.57253
0.50409
0.39887
0.27456
0.15208
0.00000
0.00000
0.00000
0.00000
0.00000
0.00000
0.00000
0.00000
0.00000
0.00000
0.00000
0.00000
0.03901
0.14357
0.27827
0.42045
0.54618
0.63430
0.66999
0.64724
0.56988
0.45092
0.31039
0.17193
0.00000
0.00000
0.00000
0.00000
0.00000
0.00000
0.00000
0.00000
0.00000
0.00000
0.00000
0.00000
0.04109
0.15124
0.29314
0.44291
0.57536
0.66819
0.70579
0.68182
0.60032
0.47501
0.32697
0.18111
0.00000
0.00000
0.00000
0.00000
0.00000
0.00000
0.00000
0.00000
0.00000
0.00000
0.00000
0.00000
0.03713
0.13665
0.26486
0.40019
0.51986
0.60373
0.63770
0.61605
0.54241
0.42919
0.29543
0.16364
0.00000
0.00000
0.00000
0.00000
0.00000
0.00000
0.00000
0.00000
0.00000
0.00000
0.00000
0.00000
0.03383
0.12451
0.24133
0.36463
0.47367
0.55009
0.58104
0.56131
0.49422
0.39106
0.26918
0.14910
0.00000
0.00000
0.00000
0.00000
0.00000
0.00000
0.00000
0.00000
0.00000
0.00000
0.00000
0.00000
0.03414
0.12566
0.24356
0.36801
0.47805
0.55518
0.58642
0.56651
0.49879
0.39468
0.27167
0.15048
0.00000
0.00000
0.00000
0.00000
0.00000
