0.00000
0.00000
0.00000
0.00000
0.00000
0.00000
0.00000
0.03458
0.11981
0.23989
0.37370
0.49769
0.59004
0.63452
0.62330
0.55835
0.45109
0.32040
0.18928
0.00000
0.00000
0.00000
0.00000
0.00000
0.00000
0.00000
0.00000
0.00000
0.00000
0.00000
0.00000
0.03080
0.10670
0.21365
0.33281
0.44323
0.52548
0.56510
0.55510
0.49725
0.40173
0.28535
0.16857
0.00000
0.00000
0.00000
0.00000
0.00000
0.00000
0.00000
0.00000
0.00000
0.00000
0.00000
0.00000
0.04087
0.14160
0.28353
0.44167
0.58821
0.69737
0.74994
0.73667
0.65990
0.53314
0.37868
0.22370
0.00000
0.00000
0.00000
0.00000
0.00000
0.00000
0.00000
0.00000
0.00000
0.00000
0.00000
0.00000
0.04165
0.14431
0.28894
0.45010
0.59944
0.71068
0.76426
0.75074
0.67250
0.54332
0.38591
0.22797
0.00000
0.00000
0.00000
0.00000
0.00000
0.00000
0.00000
0.00000
0.00000
0.00000
0.00000
0.00000
0.03929
0.13613
0.27257
0.42459
0.56547
0.67041
0.72094
0.70819
0.63439
0.51253
0.36404
0.21505
0.00000
0.00000
0.00000
0.00000
0.00000
0.00000
0.00000
0.00000
0.00000
0.00000
0.00000
0.00000
0.03919
0.13577
0.27184
0.42347
0.56397
0.66863
0.71903
0.70632
0.63271
0.51117
0.36308
0.21448
0.00000
0.00000
0.00000
0.00000
0.00000
0.00000
0.00000
0.00000
0.00000
0.00000
0.00000
0.00000
0.04654
0.16124
0.32285
0.50292
0.66978
0.79407
0.85393
0.83883
0.75142
0.60707
0.43120
0.25472
0.00000
0.00000
0.00000
0.00000
0.00000
0.00000
0.00000
0.00000
0.00000
0.00000
0.00000
0.00000
0.04237
0.14682
0.29397
0.45794
0.60987
0.72305
0.77756
0.76380
0.68421
0.55278
0.39263
0.23194
0.00000
0.00000
0.00000
0.00000
0.00000
0.00000
0.00000
0.00000
0.00000
0.00000
0.00000
0.00000
0.04026
0.13950
0.27932
0.43511
0.57948
0.68702
0.73881
0.72574
0.65011
0.52523
0.37306
0.22038
0.00000
0.00000
0.00000
0.00000
0.00000
0.00000
0.00000
0.00000
0.00000
0.00000
0.00000
0.00000
0.04252
0.14733
0.29498
0.45952
0.61198
0.72554
0.78024
0.76644
0.68657
0.55468
0.39398
0.23274
0.00000
0.00000
0.00000
0.00000
0.00000
0.00000
0.00000
0.00000
0.00000
0.00000
0.00000
0.00000
0.03476
0.12042
0.24111
0.37560
0.50022
0.59305
0.63775
0.62647
0.56119
0.45339
0.32204
0.19024
0.00000
0.00000
0.00000
0.00000
0.00000
0.00000
0.00000
0.00000
0.00000
0.00000
0.00000
0.00000
0.03492
0.12099
0.24225
0.37736
0.50257
0.59583
0.64074
0.62941
0.56382
0.45551
0.32355
0.19113
0.00000
0.00000
0.00000
0.00000
0.00000
0.00000
0.00000
0.00000
0.00000
0.00000
0.00000
0.00000
0.04264
0.14772
0.29578
0.46075
0.61362
0.72749
0.78233
0.76849
0.68841
0.55617
0.39504
0.23337
0.00000
0.00000
0.00000
0.00000
0.00000
0.00000
0.00000
0.00000
0.00000
0.00000
0.00000
0.00000
0.03843
0.13315
0.26660
0.41530
0.55309
0.65573
0.70516
0.69268
0.62050
0.50131
0.35607
0.21035
0.00000
0.00000
0.00000
0.00000
0.00000
0.00000
0.00000
0.00000
0.00000
0.00000
0.00000
0.00000
0.04071
0.14105
0.28242
0.43994
0.58591
0.69464
0.74701
0.73379
0.65732
0.53106
0.37720
0.22283
0.00000
0.00000
0.00000
0.00000
0.00000
0.00000
0.00000
0.00000
0.00000
0.00000
0.00000
0.00000
0.04222
0.14627
0.29287
0.45623
0.60759
0.72035
0.77465
0.76095
0.68165
0.55071
0.39116
0.23107
0.00000
0.00000
0.00000
0.00000
0.00000
0.00000
0.00000
0.00000
0.00000
0.00000
0.00000
0.00000
0.04443
0.15395
0.30824
0.48017
0.63949
0.75816
0.81532
0.80089
0.71743
0.57962
0.41169
0.24320
0.00000
0.00000
0.00000
0.00000
0.00000
0.00000
0.00000
0.00000
0.00000
0.00000
0.00000
0.00000
0.04343
0.15047
0.30128
0.46932
0.62504
0.74103
0.79689
0.78280
0.70122
0.56652
0.40239
0.23771
0.00000
0.00000
0.00000
0.00000
0.00000
0.00000
0.00000
0.00000
0.00000
0.00000
0.00000
0.00000
0.03922
0.13590
0.27211
0.42389
0.56453
0.66930
0.71975
0.70702
0.63334
0.51168
0.36344
0.21470
0.00000
0.00000
0.00000
0.00000
0.00000
0.00000
0.00000
0.00000
0.00000
0.00000
0.00000
0.00000
0.03897
0.13504
0.27038
0.42119
0.56093
0.66503
0.71516
0.70251
0.62930
0.50842
0.36112
0.21333
0.00000
0.00000
0.00000
0.00000
0.00000
0.00000
0.00000
0.00000
0.00000
0.00000
0.00000
0.00000
0.04370
0.15142
0.30318
0.47228
0.62898
0.74570
0.80192
0.78773
0.70564
0.57009
0.40493
0.23921
0.00000
0.00000
0.00000
0.00000
0.00000
0.00000
0.00000
0.00000
0.00000
0.00000
0.00000
0.00000
0.03310
0.11469
0.22964
0.35772
0.47641
0.56482
0.60740
0.59665
0.53448
0.43181
0.30671
0.18118
0.00000
0.00000
0.00000
0.00000
0.00000
0.00000
0.00000
0.00000
0.00000
0.00000
0.00000
0.00000
0.03584
0.12419
0.24867
0.38736
0.51589
0.61162
0.65773
0.64609
0.57876
0.46759
0.33212
0.19620
0.00000
0.00000
0.00000
0.00000
0.00000
0.00000
0.00000
0.00000
0.00000
0.00000
0.00000
0.00000
0.03787
0.13121
0.26272
0.40926
0.54504
0.64619
0.69490
0.68261
0.61148
0.49402
0.35089
0.20729
0.00000
0.00000
0.00000
0.00000
0.00000
0.00000
0.00000
0.00000
0.00000
0.00000
0.00000
0.00000
0.03238
0.11219
0.22463
0.34992
0.46603
0.55251
0.59416
0.58365
0.52283
0.42239
0.30002
0.17723
0.00000
0.00000
0.00000
0.00000
0.00000
0.00000
0.00000
0.00000
0.00000
0.00000
0.00000
0.00000
0.03419
0.11845
0.23717
0.36946
0.49205
0.58336
0.62733
0.61624
0.55202
0.44598
0.31677
0.18713
0.00000
0.00000
0.00000
0.00000
0.00000
0.00000
0.00000
0.00000
0.00000
0.00000
0.00000
0.00000
0.03075
0.10655
0.21333
0.33232
0.44258
0.52471
0.56427
0.55428
0.49652
0.40114
0.28493
0.16832
0.00000
0.00000
0.00000
0.00000
0.00000
0.00000
0.00000
0.00000
0.00000
0.00000
0.00000
0.00000
0.04213
0.14598
0.29228
0.45530
0.60637
0.71890
0.77309
0.75941
0.68028
0.54960
0.39037
0.23061
0.00000
0.00000
0.00000
0.00000
0.00000
0.00000
0.00000
0.00000
0.00000
0.00000
0.00000
0.00000
0.04230
0.14657
0.29348
0.45717
0.60886
0.72184
0.77626
0.76253
0.68307
0.55185
0.39197
0.23155
0.00000
0.00000
0.00000
0.00000
0.00000
0.00000
0.00000
0.00000
0.00000
0.00000
0.00000
0.00000
0.04126
0.14294
0.28620
0.44584
0.59376
0.70395
0.75702
0.74362
0.66613
0.53817
0.38226
0.22581
0.00000
0.00000
0.00000
0.00000
0.00000
0.00000
0.00000
0.00000
0.00000
0.00000
0.00000
0.00000
0.04146
0.14364
0.28760
0.44802
0.59667
0.70739
0.76072
0.74726
0.66939
0.54080
0.38413
0.22692
0.00000
0.00000
0.00000
0.00000
0.00000
0.00000
0.00000
0.00000
0.00000
0.00000
0.00000
0.00000
0.00787
0.15910
0.33665
0.51642
0.67398
0.78795
0.84284
0.83121
0.75462
0.62349
0.45562
0.27380
0.10273
0.00000
0.00000
0.00000
0.00000
0.00000
0.00000
0.00000
0.00000
0.00000
0.00000
0.00000
0.00649
0.13117
0.27756
0.42577
0.55568
0.64964
0.69490
0.68530
0.62216
0.51405
0.37564
0.22574
0.08470
0.00000
0.00000
0.00000
0.00000
0.00000
0.00000
0.00000
0.00000
0.00000
0.00000
0.00000
0.00708
0.14315
0.30290
0.46464
0.60641
0.70895
0.75834
0.74787
0.67897
0.56098
0.40994
0.24635
0.09243
0.00000
0.00000
0.00000
0.00000
0.00000
0.00000
0.00000
0.00000
0.00000
0.00000
0.00000
0.00773
0.15628
0.33069
0.50726
0.66204
0.77398
0.82790
0.81647
0.74125
0.61244
0.44754
0.26895
0.10091
0.00000
0.00000
0.00000
0.00000
0.00000
0.00000
0.00000
0.00000
0.00000
0.00000
0.00000
0.00751
0.15176
0.32112
0.49260
0.64289
0.75160
0.80396
0.79286
0.71981
0.59473
0.43460
0.26117
0.09799
0.00000
0.00000
0.00000
0.00000
0.00000
0.00000
0.00000
0.00000
0.00000
0.00000
0.00000
0.00642
0.12978
0.27461
0.42125
0.54978
0.64274
0.68752
0.67803
0.61556
0.50859
0.37166
0.22335
0.08380
0.00000
0.00000
0.00000
0.00000
0.00000
0.00000
0.00000
0.00000
0.00000
0.00000
0.00000
0.00630
0.12734
0.26946
0.41335
0.53946
0.63068
0.67462
0.66531
0.60401
0.49905
0.36468
0.21915
0.08223
0.00000
0.00000
0.00000
0.00000
0.00000
0.00000
0.00000
0.00000
0.00000
0.00000
0.00000
0.00694
0.14022
0.29671
0.45515
0.59402
0.69446
0.74284
0.73259
0.66509
0.54952
0.40156
0.24132
0.09054
0.00000
0.00000
0.00000
0.00000
0.00000
0.00000
0.00000
0.00000
0.00000
0.00000
0.00000
0.00769
0.15544
0.32890
0.50452
0.65846
0.76980
0.82343
0.81206
0.73724
0.60913
0.44513
0.26750
0.10037
0.00000
0.00000
0.00000
0.00000
0.00000
0.00000
0.00000
0.00000
0.00000
0.00000
0.00000
0.00744
0.15049
0.31844
0.48849
0.63753
0.74533
0.79726
0.78625
0.71381
0.58977
0.43098
0.25899
0.09718
0.00000
0.00000
0.00000
0.00000
0.00000
0.00000
0.00000
0.00000
0.00000
0.00000
0.00000
0.00762
0.15401
0.32587
0.49988
0.65240
0.76272
0.81586
0.80460
0.73046
0.60353
0.44103
0.26504
0.09944
0.00000
0.00000
0.00000
0.00000
0.00000
0.00000
0.00000
0.00000
0.00000
0.00000
0.00000
0.00517
0.10445
0.22102
0.33904
0.44249
0.51731
0.55335
0.54571
0.49543
0.40934
0.29913
0.17976
0.06745
0.00000
0.00000
0.00000
0.00000
0.00000
0.00000
0.00000
0.00000
0.00000
0.00000
0.00000
0.00647
0.13086
0.27690
0.42476
0.55436
0.64810
0.69325
0.68368
0.62069
0.51283
0.37475
0.22521
0.08450
0.00000
0.00000
0.00000
0.00000
0.00000
0.00000
0.00000
0.00000
0.00000
0.00000
0.00000
0.00632
0.12776
0.27033
0.41469
0.54121
0.63273
0.67681
0.66747
0.60597
0.50067
0.36587
0.21987
0.08250
0.00000
0.00000
0.00000
0.00000
0.00000
0.00000
0.00000
0.00000
0.00000
0.00000
0.00000
0.00724
0.14647
0.30992
0.47541
0.62047
0.72538
0.77592
0.76521
0.69470
0.57398
0.41944
0.25206
0.09458
0.00000
0.00000
0.00000
0.00000
0.00000
0.00000
0.00000
0.00000
0.00000
0.00000
0.00000
0.00593
0.11990
0.25372
0.38920
0.50794
0.59384
0.63521
0.62644
0.56872
0.46989
0.34338
0.20635
0.07742
0.00000
0.00000
0.00000
0.00000
0.00000
0.00000
0.00000
0.00000
0.00000
0.00000
0.00000
0.00771
0.15584
0.32977
0.50585
0.66019
0.77183
0.82560
0.81420
0.73919
0.61074
0.44630
0.26820
0.10063
0.00000
0.00000
0.00000
0.00000
0.00000
0.00000
0.00000
0.00000
0.00000
0.00000
0.00000
0.00766
0.15494
0.32785
0.50291
0.65635
0.76734
0.82080
0.80947
0.73489
0.60718
0.44370
0.26664
0.10005
0.00000
0.00000
0.00000
0.00000
0.00000
0.00000
0.00000
0.00000
0.00000
0.00000
0.00000
0.00679
0.13733
0.29058
0.44575
0.58175
0.68012
0.72750
0.71746
0.65136
0.53817
0.39327
0.23633
0.08867
0.00000
0.00000
0.00000
0.00000
0.00000
0.00000
0.00000
0.00000
0.00000
0.00000
0.00000
0.00755
0.15271
0.32314
0.49569
0.64693
0.75632
0.80901
0.79784
0.72433
0.59846
0.43733
0.26281
0.09861
0.00000
0.00000
0.00000
0.00000
0.00000
0.00000
0.00000
0.00000
0.00000
0.00000
0.00000
0.00636
0.12851
0.27193
0.41714
0.54441
0.63647
0.68081
0.67141
0.60955
0.50363
0.36803
0.22116
0.08298
0.00000
0.00000
0.00000
0.00000
0.00000
0.00000
0.00000
0.00000
0.00000
0.00000
0.00000
0.00517
0.10455
0.22124
0.33937
0.44292
0.51781
0.55389
0.54624
0.49591
0.40974
0.29942
0.17993
0.06751
0.00000
0.00000
0.00000
0.00000
0.00000
0.00000
0.00000
0.00000
0.00000
0.00000
0.00000
0.00658
0.13312
0.28168
0.43209
0.56392
0.65928
0.70521
0.69548
0.63140
0.52168
0.38122
0.22909
0.08596
0.00000
0.00000
0.00000
0.00000
0.00000
0.00000
0.00000
0.00000
0.00000
0.00000
0.00000
0.00639
0.12913
0.27324
0.41914
0.54703
0.63953
0.68408
0.67464
0.61248
0.50605
0.36980
0.22223
0.08338
0.00000
0.00000
0.00000
0.00000
0.00000
0.00000
0.00000
0.00000
0.00000
0.00000
0.00000
0.00628
0.12694
0.26860
0.41203
0.53774
0.62867
0.67247
0.66318
0.60208
0.49746
0.36352
0.21846
0.08197
0.00000
0.00000
0.00000
0.00000
0.00000
0.00000
0.00000
0.00000
0.00000
0.00000
0.00000
0.00759
0.15354
0.32490
0.49838
0.65045
0.76043
0.81341
0.80218
0.72827
0.60172
0.43971
0.26424
0.09915
0.00000
0.00000
0.00000
0.00000
0.00000
0.00000
0.00000
0.00000
0.00000
0.00000
0.00000
0.00677
0.13687
0.28961
0.44425
0.57980
0.67784
0.72506
0.71505
0.64917
0.53636
0.39195
0.23554
0.08838
0.00000
0.00000
0.00000
0.00000
0.00000
0.00000
0.00000
0.00000
0.00000
0.00000
0.00000
0.00556
0.11245
0.23795
0.36501
0.47637
0.55692
0.59572
0.58750
0.53337
0.44069
0.32203
0.19352
0.07261
0.00000
0.00000
0.00000
0.00000
0.00000
0.00000
0.00000
0.00000
0.00000
0.00000
0.00480
0.04590
0.14053
0.27216
0.41779
0.55199
0.65133
0.69844
0.68510
0.61365
0.49655
0.35427
0.21165
0.09361
0.00000
0.00000
0.00000
0.00000
0.00000
0.00000
0.00000
0.00000
0.00000
0.00000
0.00515
0.04923
0.15073
0.29191
0.44811
0.59205
0.69859
0.74912
0.73482
0.65818
0.53258
0.37998
0.22701
0.10040
0.00000
0.00000
0.00000
0.00000
0.00000
0.00000
0.00000
0.00000
0.00000
0.00000
0.00438
0.04187
0.12819
0.24826
0.38111
0.50353
0.59414
0.63712
0.62495
0.55977
0.45295
0.32316
0.19307
0.08539
0.00000
0.00000
0.00000
0.00000
0.00000
0.00000
0.00000
0.00000
0.00000
0.00000
0.00542
0.05181
0.15862
0.30718
0.47156
0.62304
0.73516
0.78833
0.77328
0.69262
0.56046
0.39986
0.23889
0.10566
0.00000
0.00000
0.00000
0.00000
0.00000
0.00000
0.00000
0.00000
0.00000
0.00000
0.00624
0.05966
0.18266
0.35374
0.54303
0.71746
0.84657
0.90781
0.89048
0.79760
0.64540
0.46047
0.27510
0.12167
0.00000
0.00000
0.00000
0.00000
0.00000
0.00000
0.00000
0.00000
0.00000
0.00000
0.00502
0.04802
0.14703
0.28475
0.43712
0.57753
0.68146
0.73075
0.71679
0.64203
0.51952
0.37066
0.22144
0.09794
0.00000
0.00000
0.00000
0.00000
0.00000
0.00000
0.00000
0.00000
0.00000
0.00000
0.00519
0.04960
0.15185
0.29408
0.45145
0.59647
0.70381
0.75471
0.74030
0.66309
0.53656
0.38281
0.22870
0.10115
0.00000
0.00000
0.00000
0.00000
0.00000
0.00000
0.00000
0.00000
0.00000
0.00000
0.00479
0.04585
0.14036
0.27183
0.41729
0.55133
0.65055
0.69760
0.68428
0.61291
0.49595
0.35384
0.21140
0.09350
0.00000
0.00000
0.00000
0.00000
0.00000
0.00000
0.00000
0.00000
0.00000
0.00000
0.00441
0.04222
0.12926
0.25033
0.38429
0.50773
0.59910
0.64244
0.63017
0.56444
0.45674
0.32586
0.19468
0.08610
0.00000
0.00000
0.00000
0.00000
0.00000
0.00000
0.00000
0.00000
0.00000
0.00000
0.00372
0.03559
0.10895
0.21100
0.32391
0.42796
0.50497
0.54150
0.53116
0.47576
0.38497
0.27466
0.16409
0.07257
0.00000
0.00000
0.00000
0.00000
0.00000
0.00000
0.00000
0.00000
0.00000
0.00000
0.00480
0.04589
0.14050
0.27209
0.41769
0.55186
0.65117
0.69827
0.68493
0.61349
0.49643
0.35418
0.21160
0.09359
0.00000
0.00000
0.00000
0.00000
0.00000
0.00000
0.00000
0.00000
0.00000
0.00000
0.00333
0.03184
0.09747
0.18876
0.28977
0.38286
0.45175
0.48443
0.47518
0.42562
0.34440
0.24572
0.14680
0.06493
0.00000
0.00000
0.00000
0.00000
0.00000
0.00000
0.00000
0.00000
0.00000
0.00000
0.00444
0.04244
0.12992
0.25161
0.38625
0.51033
0.60216
0.64572
0.63339
0.56733
0.45907
0.32753
0.19567
0.08654
0.00000
0.00000
0.00000
0.00000
0.00000
0.00000
0.00000
0.00000
0.00000
0.00000
0.00544
0.05202
0.15927
0.30846
0.47351
0.62562
0.73820
0.79160
0.77648
0.69549
0.56278
0.40152
0.23988
0.10609
0.00000
0.00000
0.00000
0.00000
0.00000
0.00000
0.00000
0.00000
0.00000
0.00000
0.00502
0.04801
0.14698
0.28464
0.43696
0.57732
0.68121
0.73048
0.71654
0.64180
0.51933
0.37052
0.22136
0.09790
0.00000
0.00000
0.00000
0.00000
0.00000
0.00000
0.00000
0.00000
0.00000
0.00000
0.00576
0.05511
0.16872
0.32675
0.50160
0.66272
0.78198
0.83854
0.82253
0.73674
0.59616
0.42533
0.25411
0.11239
0.00000
0.00000
0.00000
0.00000
0.00000
0.00000
0.00000
0.00000
0.00000
0.00000
0.00467
0.04464
0.13668
0.26470
0.40634
0.53687
0.63348
0.67930
0.66633
0.59683
0.48294
0.34456
0.20585
0.09104
0.00000
0.00000
0.00000
0.00000
0.00000
0.00000
0.00000
0.00000
0.00000
0.00000
0.00382
0.03655
0.11189
0.21669
0.33264
0.43949
0.51857
0.55608
0.54546
0.48857
0.39534
0.28206
0.16851
0.07453
0.00000
0.00000
0.00000
0.00000
0.00000
0.00000
0.00000
0.00000
0.00000
0.00000
0.00334
0.03194
0.09778
0.18936
0.29069
0.38406
0.45317
0.48595
0.47667
0.42696
0.34549
0.24649
0.14726
0.06513
0.00000
0.00000
0.00000
0.00000
0.00000
0.00000
0.00000
0.00000
0.00000
0.00000
0.00513
0.04908
0.15026
0.29099
0.44671
0.59020
0.69641
0.74678
0.73252
0.65612
0.53092
0.37879
0.22630
0.10009
0.00000
0.00000
0.00000
0.00000
0.00000
0.00000
0.00000
0.00000
0.00000
0.00000
0.00353
0.03379
0.10345
0.20034
0.30754
0.40633
0.47945
0.51413
0.50431
0.45171
0.36552
0.26078
0.15580
0.06891
0.00000
0.00000
0.00000
0.00000
0.00000
0.00000
0.00000
0.00000
0.00000
0.00000
0.00387
0.03700
0.11326
0.21935
0.33673
0.44489
0.52495
0.56292
0.55217
0.49458
0.40020
0.28553
0.17058
0.07545
0.00000
0.00000
0.00000
0.00000
0.00000
0.00000
0.00000
0.00000
0.00000
0.00000
0.00444
0.04248
0.13005
0.25185
0.38662
0.51081
0.60274
0.64634
0.63399
0.56787
0.45951
0.32784
0.19586
0.08663
0.00000
0.00000
0.00000
0.00000
0.00000
0.00000
0.00000
0.00000
0.00000
0.00000
0.00551
0.05275
0.16150
0.31277
0.48013
0.63436
0.74851
0.80266
0.78733
0.70521
0.57064
0.40713
0.24323
0.10758
0.00000
0.00000
0.00000
0.00000
0.00000
0.00000
0.00000
0.00000
0.00000
0.00000
0.00480
0.04592
0.14059
0.27228
0.41798
0.55224
0.65162
0.69875
0.68541
0.61392
0.49677
0.35443
0.21174
0.09365
0.00000
0.00000
0.00000
0.00000
0.00000
0.00000
0.00000
0.00000
0.00000
0.00000
0.00344
0.03288
0.10068
0.19498
0.29931
0.39545
0.46662
0.50037
0.49081
0.43962
0.35573
0.25380
0.15163
0.06706
0.00000
0.00000
0.00000
0.00000
0.00000
0.00000
0.00000
0.00000
0.00000
0.00000
0.00449
0.04291
0.13139
0.25445
0.39060
0.51607
0.60894
0.65299
0.64052
0.57372
0.46424
0.33122
0.19788
0.08752
0.00000
0.00000
0.00000
0.00000
0.00000
0.00000
0.00000
0.00000
0.00000
0.00000
0.00526
0.05032
0.15406
0.29837
0.45802
0.60515
0.71405
0.76570
0.75108
0.67274
0.54437
0.38838
0.23203
0.10262
0.00000
0.00000
0.00000
0.00000
0.00000
0.00000
0.00000
0.00000
0.00000
0.00000
0.00518
0.04958
0.15180
0.29398
0.45129
0.59626
0.70356
0.75445
0.74004
0.66285
0.53637
0.38268
0.22862
0.10112
0.00000
0.00000
0.00000
0.00000
0.00000
0.00000
0.00000
0.00000
0.00000
0.00000
0.00557
0.05329
0.16317
0.31599
0.48509
0.64091
0.75624
0.81094
0.79546
0.71249
0.57653
0.41133
0.24574
0.10869
0.00000
0.00000
0.00000
0.00000
0.00000
0.00000
0.00000
0.00000
0.00000
0.00000
0.00361
0.03455
0.10577
0.20484
0.31445
0.41546
0.49023
0.52569
0.51565
0.46187
0.37373
0.26664
0.15930
0.07046
0.00000
0.00000
0.00000
0.00000
0.00000
0.00000
0.00000
0.00000
0.00000
0.00000
0.00000
0.04618
0.14722
0.28396
0.43343
0.57052
0.67222
0.72144
0.70991
0.63957
0.52223
0.37761
0.22999
0.00000
0.00000
0.00000
0.00000
0.00000
0.00000
0.00000
0.00000
0.00000
0.00000
0.00000
0.00000
0.03871
0.12342
0.23806
0.36337
0.47830
0.56356
0.60482
0.59516
0.53619
0.43782
0.31658
0.19281
0.00000
0.00000
0.00000
0.00000
0.00000
0.00000
0.00000
0.00000
0.00000
0.00000
0.00000
0.00000
0.03706
0.11816
0.22791
0.34787
0.45790
0.53953
0.57903
0.56977
0.51332
0.41915
0.30307
0.18459
0.00000
0.00000
0.00000
0.00000
0.00000
0.00000
0.00000
0.00000
0.00000
0.00000
0.00000
0.00000
0.03765
0.12003
0.23150
0.35336
0.46513
0.54804
0.58817
0.57877
0.52142
0.42576
0.30786
0.18750
0.00000
0.00000
0.00000
0.00000
0.00000
0.00000
0.00000
0.00000
0.00000
0.00000
0.00000
0.00000
0.03343
0.10658
0.20557
0.31378
0.41303
0.48665
0.52228
0.51393
0.46301
0.37807
0.27337
0.16650
0.00000
0.00000
0.00000
0.00000
0.00000
0.00000
0.00000
0.00000
0.00000
0.00000
0.00000
0.00000
0.03724
0.11873
0.22900
0.34954
0.46011
0.54212
0.58181
0.57251
0.51579
0.42116
0.30453
0.18548
0.00000
0.00000
0.00000
0.00000
0.00000
0.00000
0.00000
0.00000
0.00000
0.00000
0.00000
0.00000
0.04855
0.15478
0.29855
0.45570
0.59984
0.70676
0.75850
0.74638
0.67243
0.54907
0.39701
0.24181
0.00000
0.00000
0.00000
0.00000
0.00000
0.00000
0.00000
0.00000
0.00000
0.00000
0.00000
0.00000
0.02656
0.08467
0.16331
0.24926
0.32811
0.38659
0.41490
0.40827
0.36782
0.30034
0.21716
0.13227
0.00000
0.00000
0.00000
0.00000
0.00000
0.00000
0.00000
0.00000
0.00000
0.00000
0.00000
0.00000
0.03331
0.10621
0.20485
0.31268
0.41158
0.48495
0.52045
0.51213
0.46139
0.37675
0.27241
0.16592
0.00000
0.00000
0.00000
0.00000
0.00000
0.00000
0.00000
0.00000
0.00000
0.00000
0.00000
0.00000
0.04726
0.15066
0.29059
0.44355
0.58385
0.68792
0.73829
0.72649
0.65451
0.53443
0.38643
0.23536
0.00000
0.00000
0.00000
0.00000
0.00000
0.00000
0.00000
0.00000
0.00000
0.00000
0.00000
0.00000
0.03924
0.12512
0.24132
0.36835
0.48486
0.57128
0.61311
0.60331
0.54354
0.44382
0.32091
0.19546
0.00000
0.00000
0.00000
0.00000
0.00000
0.00000
0.00000
0.00000
0.00000
0.00000
0.00000
0.00000
0.04232
0.13491
0.26021
0.39718
0.52281
0.61600
0.66110
0.65054
0.58608
0.47856
0.34603
0.21076
0.00000
0.00000
0.00000
0.00000
0.00000
0.00000
0.00000
0.00000
0.00000
0.00000
0.00000
0.00000
0.05055
0.16116
0.31084
0.47445
0.62453
0.73585
0.78972
0.77710
0.70011
0.57167
0.41335
0.25176
0.00000
0.00000
0.00000
0.00000
0.00000
0.00000
0.00000
0.00000
0.00000
0.00000
0.00000
0.00000
0.04178
0.13320
0.25692
0.39215
0.51619
0.60820
0.65273
0.64230
0.57866
0.47250
0.34165
0.20809
0.00000
0.00000
0.00000
0.00000
0.00000
0.00000
0.00000
0.00000
0.00000
0.00000
0.00000
0.00000
0.04284
0.13657
0.26341
0.40206
0.52924
0.62357
0.66923
0.65853
0.59328
0.48444
0.35029
0.21335
0.00000
0.00000
0.00000
0.00000
0.00000
0.00000
0.00000
0.00000
0.00000
0.00000
0.00000
0.00000
0.03383
0.10787
0.20805
0.31757
0.41802
0.49253
0.52859
0.52014
0.46861
0.38264
0.27667
0.16851
0.00000
0.00000
0.00000
0.00000
0.00000
0.00000
0.00000
0.00000
0.00000
0.00000
0.00000
0.00000
0.03791
0.12085
0.23309
0.35578
0.46831
0.55179
0.59219
0.58272
0.52499
0.42867
0.30996
0.18879
0.00000
0.00000
0.00000
0.00000
0.00000
0.00000
0.00000
0.00000
0.00000
0.00000
0.00000
0.00000
0.01587
0.05058
0.09756
0.14891
0.19601
0.23095
0.24786
0.24390
0.21973
0.17942
0.12973
0.07902
0.00000
0.00000
0.00000
0.00000
0.00000
0.00000
0.00000
0.00000
0.00000
0.00000
0.00000
0.00000
0.03674
0.11712
0.22591
0.34482
0.45389
0.53480
0.57395
0.56478
0.50882
0.41547
0.30042
0.18297
0.00000
0.00000
0.00000
0.00000
0.00000
0.00000
0.00000
0.00000
0.00000
0.00000
0.00000
0.00000
0.02705
0.08625
0.16636
0.25393
0.33425
0.39383
0.42266
0.41591
0.37470
0.30596
0.22123
0.13474
0.00000
0.00000
0.00000
0.00000
0.00000
0.00000
0.00000
0.00000
0.00000
0.00000
0.00000
0.00000
0.04215
0.13437
0.25917
0.39559
0.52071
0.61353
0.65845
0.64793
0.58373
0.47664
0.34464
0.20991
0.00000
0.00000
0.00000
0.00000
0.00000
0.00000
0.00000
0.00000
0.00000
0.00000
0.00000
0.00000
0.04236
0.13506
0.26051
0.39763
0.52340
0.61670
0.66185
0.65127
0.58675
0.47910
0.34642
0.21100
0.00000
0.00000
0.00000
0.00000
0.00000
0.00000
0.00000
0.00000
0.00000
0.00000
0.00000
0.00000
0.03267
0.10417
0.20092
0.30668
0.40368
0.47564
0.51046
0.50231
0.45254
0.36952
0.26719
0.16273
0.00000
0.00000
0.00000
0.00000
0.00000
0.00000
0.00000
0.00000
0.00000
0.00000
0.00000
0.00000
0.03503
0.11167
0.21538
0.32875
0.43274
0.50988
0.54721
0.53846
0.48511
0.39612
0.28642
0.17445
0.00000
0.00000
0.00000
0.00000
0.00000
0.00000
0.00000
0.00000
0.00000
0.00000
0.00000
0.00000
0.03073
0.09799
0.18899
0.28848
0.37972
0.44741
0.48017
0.47249
0.42568
0.34758
0.25133
0.15307
0.00000
0.00000
0.00000
0.00000
0.00000
0.00000
0.00000
0.00000
0.00000
0.00000
0.00000
0.00000
0.02246
0.07160
0.13810
0.21079
0.27747
0.32693
0.35086
0.34526
0.31105
0.25398
0.18365
0.11185
0.00000
0.00000
0.00000
0.00000
0.00000
0.00000
0.00000
0.00000
0.00000
0.00000
0.00000
0.00000
0.04166
0.13282
0.25618
0.39102
0.51470
0.60645
0.65085
0.64045
0.57699
0.47114
0.34067
0.20749
0.00000
0.00000
0.00000
0.00000
0.00000
0.00000
0.00000
0.00000
0.00000
0.00000
0.00000
0.00000
0.04715
0.15033
0.28996
0.44259
0.58258
0.68643
0.73669
0.72491
0.65309
0.53327
0.38559
0.23485
0.00000
0.00000
0.00000
0.00000
0.00000
0.00000
0.00000
0.00000
0.00000
0.00000
0.00000
0.00000
0.04421
0.14094
0.27184
0.41493
0.54617
0.64352
0.69064
0.67960
0.61227
0.49994
0.36149
0.22017
0.00000
0.00000
0.00000
0.00000
0.00000
0.00000
0.00000
0.00000
0.00000
0.00000
0.00000
0.00000
0.02753
0.08778
0.16932
0.25844
0.34018
0.40082
0.43017
0.42329
0.38135
0.31139
0.22516
0.13714
0.00000
0.00000
0.00000
0.00000
0.00000
0.00000
0.00000
0.00000
0.00000
0.00000
0.00000
0.00240
0.05418
0.14285
0.25485
0.37305
0.47938
0.55759
0.59570
0.58791
0.53539
0.44618
0.33392
0.21577
0.00000
0.00000
0.00000
0.00000
0.00000
0.00000
0.00000
0.00000
0.00000
0.00000
0.00000
0.00257
0.05814
0.15330
0.27348
0.40032
0.51443
0.59835
0.63925
0.63089
0.57453
0.47880
0.35833
0.23154
0.00000
0.00000
0.00000
0.00000
0.00000
0.00000
0.00000
0.00000
0.00000
0.00000
0.00000
0.00289
0.06520
0.17191
0.30669
0.44893
0.57689
0.67101
0.71688
0.70749
0.64429
0.53694
0.40184
0.25966
0.00000
0.00000
0.00000
0.00000
0.00000
0.00000
0.00000
0.00000
0.00000
0.00000
0.00000
0.00271
0.06120
0.16135
0.28784
0.42135
0.54144
0.62977
0.67282
0.66402
0.60470
0.50394
0.37715
0.24370
0.00000
0.00000
0.00000
0.00000
0.00000
0.00000
0.00000
0.00000
0.00000
0.00000
0.00000
0.00239
0.05387
0.14204
0.25340
0.37092
0.47665
0.55441
0.59231
0.58456
0.53234
0.44364
0.33201
0.21454
0.00000
0.00000
0.00000
0.00000
0.00000
0.00000
0.00000
0.00000
0.00000
0.00000
0.00000
0.00302
0.06816
0.17971
0.32061
0.46932
0.60309
0.70147
0.74942
0.73962
0.67354
0.56131
0.42008
0.27145
0.00000
0.00000
0.00000
0.00000
0.00000
0.00000
0.00000
0.00000
0.00000
0.00000
0.00000
0.00285
0.06428
0.16946
0.30233
0.44255
0.56869
0.66146
0.70668
0.69743
0.63513
0.52930
0.39612
0.25597
0.00000
0.00000
0.00000
0.00000
0.00000
0.00000
0.00000
0.00000
0.00000
0.00000
0.00000
0.00238
0.05370
0.14157
0.25257
0.36971
0.47509
0.55260
0.59037
0.58265
0.53060
0.44219
0.33093
0.21384
0.00000
0.00000
0.00000
0.00000
0.00000
0.00000
0.00000
0.00000
0.00000
0.00000
0.00000
0.00270
0.06087
0.16050
0.28633
0.41913
0.53860
0.62646
0.66929
0.66053
0.60152
0.50129
0.37517
0.24242
0.00000
0.00000
0.00000
0.00000
0.00000
0.00000
0.00000
0.00000
0.00000
0.00000
0.00000
0.00284
0.06405
0.16888
0.30129
0.44103
0.56673
0.65919
0.70425
0.69503
0.63295
0.52748
0.39476
0.25509
0.00000
0.00000
0.00000
0.00000
0.00000
0.00000
0.00000
0.00000
0.00000
0.00000
0.00000
0.00228
0.05150
0.13577
0.24221
0.35455
0.45561
0.52994
0.56617
0.55876
0.50884
0.42406
0.31736
0.20507
0.00000
0.00000
0.00000
0.00000
0.00000
0.00000
0.00000
0.00000
0.00000
0.00000
0.00000
0.00249
0.05622
0.14823
0.26444
0.38710
0.49743
0.57858
0.61813
0.61004
0.55555
0.46298
0.34649
0.22389
0.00000
0.00000
0.00000
0.00000
0.00000
0.00000
0.00000
0.00000
0.00000
0.00000
0.00000
0.00258
0.05816
0.15334
0.27357
0.40045
0.51459
0.59854
0.63946
0.63109
0.57471
0.47895
0.35844
0.23162
0.00000
0.00000
0.00000
0.00000
0.00000
0.00000
0.00000
0.00000
0.00000
0.00000
0.00000
0.00245
0.05528
0.14574
0.26000
0.38059
0.48907
0.56886
0.60774
0.59979
0.54621
0.45520
0.34067
0.22013
0.00000
0.00000
0.00000
0.00000
0.00000
0.00000
0.00000
0.00000
0.00000
0.00000
0.00000
0.00276
0.06237
0.16444
0.29337
0.42943
0.55184
0.64186
0.68574
0.67676
0.61631
0.51361
0.38439
0.24838
0.00000
0.00000
0.00000
0.00000
0.00000
0.00000
0.00000
0.00000
0.00000
0.00000
0.00000
0.00177
0.04004
0.10556
0.18833
0.27567
0.35425
0.41204
0.44021
0.43445
0.39564
0.32971
0.24676
0.15945
0.00000
0.00000
0.00000
0.00000
0.00000
0.00000
0.00000
0.00000
0.00000
0.00000
0.00000
0.00291
0.06562
0.17302
0.30866
0.45183
0.58061
0.67533
0.72149
0.71205
0.64844
0.54040
0.40443
0.26133
0.00000
0.00000
0.00000
0.00000
0.00000
0.00000
0.00000
0.00000
0.00000
0.00000
0.00000
0.00192
0.04327
0.11407
0.20351
0.29789
0.38280
0.44525
0.47569
0.46946
0.42753
0.35629
0.26664
0.17230
0.00000
0.00000
0.00000
0.00000
0.00000
0.00000
0.00000
0.00000
0.00000
0.00000
0.00000
0.00079
0.01792
0.04724
0.08428
0.12337
0.15853
0.18440
0.19700
0.19442
0.17705
0.14755
0.11043
0.07136
0.00000
0.00000
0.00000
0.00000
0.00000
0.00000
0.00000
0.00000
0.00000
0.00000
0.00000
0.00292
0.06606
0.17417
0.31073
0.45485
0.58450
0.67985
0.72632
0.71682
0.65278
0.54401
0.40714
0.26308
0.00000
0.00000
0.00000
0.00000
0.00000
0.00000
0.00000
0.00000
0.00000
0.00000
0.00000
0.00267
0.06041
0.15926
0.28413
0.41591
0.53446
0.62165
0.66414
0.65545
0.59690
0.49744
0.37228
0.24056
0.00000
0.00000
0.00000
0.00000
0.00000
0.00000
0.00000
0.00000
0.00000
0.00000
0.00000
0.00215
0.04852
0.12792
0.22820
0.33405
0.42926
0.49929
0.53342
0.52644
0.47941
0.39953
0.29901
0.19321
0.00000
0.00000
0.00000
0.00000
0.00000
0.00000
0.00000
0.00000
0.00000
0.00000
0.00000
0.00289
0.06526
0.17206
0.30695
0.44932
0.57739
0.67158
0.71749
0.70810
0.64484
0.53739
0.40218
0.25988
0.00000
0.00000
0.00000
0.00000
0.00000
0.00000
0.00000
0.00000
0.00000
0.00000
0.00000
0.00316
0.07130
0.18797
0.33535
0.49089
0.63080
0.73371
0.78387
0.77361
0.70450
0.58711
0.43939
0.28392
0.00000
0.00000
0.00000
0.00000
0.00000
0.00000
0.00000
0.00000
0.00000
0.00000
0.00000
0.00247
0.05574
0.14696
0.26218
0.38378
0.49317
0.57362
0.61284
0.60481
0.55079
0.45901
0.34352
0.22198
0.00000
0.00000
0.00000
0.00000
0.00000
0.00000
0.00000
0.00000
0.00000
0.00000
0.00000
0.00166
0.03747
0.09879
0.17623
0.25797
0.33151
0.38558
0.41194
0.40655
0.37024
0.30854
0.23091
0.14921
0.00000
0.00000
0.00000
0.00000
0.00000
0.00000
0.00000
0.00000
0.00000
0.00000
0.00000
0.00218
0.04935
0.13011
0.23211
0.33977
0.43662
0.50784
0.54256
0.53546
0.48763
0.40637
0.30413
0.19652
0.00000
0.00000
0.00000
0.00000
0.00000
0.00000
0.00000
0.00000
0.00000
0.00000
0.00000
0.00280
0.06321
0.16666
0.29732
0.43522
0.55927
0.65051
0.69498
0.68588
0.62461
0.52053
0.38956
0.25173
0.00000
0.00000
0.00000
0.00000
0.00000
0.00000
0.00000
0.00000
0.00000
0.00000
0.00000
0.00194
0.04373
0.11529
0.20568
0.30108
0.38690
0.45002
0.48078
0.47449
0.43210
0.36010
0.26950
0.17414
0.00000
0.00000
0.00000
0.00000
0.00000
0.00000
0.00000
0.00000
0.00000
0.00000
0.00000
0.00150
0.03383
0.08920
0.15913
0.23294
0.29934
0.34817
0.37197
0.36710
0.33431
0.27860
0.20851
0.13473
0.00000
0.00000
0.00000
0.00000
0.00000
0.00000
0.00000
0.00000
0.00000
0.00000
0.00000
0.00186
0.04212
0.11104
0.19810
0.28998
0.37263
0.43342
0.46305
0.45698
0.41616
0.34682
0.25956
0.16772
0.00000
0.00000
0.00000
0.00000
0.00000
0.00000
0.00000
0.00000
0.00000
0.00000
0.00000
0.01092
0.06750
0.15688
0.26620
0.37977
0.48124
0.55604
0.59341
0.58798
0.54054
0.45789
0.35193
0.23787
0.00000
0.00000
0.00000
0.00000
0.00000
0.00000
0.00000
0.00000
0.00000
0.00000
0.00000
0.01038
0.06418
0.14917
0.25313
0.36111
0.45761
0.52873
0.56427
0.55911
0.51399
0.43540
0.33464
0.22619
0.00000
0.00000
0.00000
0.00000
0.00000
0.00000
0.00000
0.00000
0.00000
0.00000
0.00000
0.01278
0.07896
0.18352
0.31141
0.44426
0.56297
0.65047
0.69418
0.68784
0.63233
0.53565
0.41169
0.27827
0.00000
0.00000
0.00000
0.00000
0.00000
0.00000
0.00000
0.00000
0.00000
0.00000
0.00000
0.00566
0.03500
0.08134
0.13803
0.19691
0.24953
0.28831
0.30769
0.30487
0.28027
0.23742
0.18248
0.12334
0.00000
0.00000
0.00000
0.00000
0.00000
0.00000
0.00000
0.00000
0.00000
0.00000
0.00000
0.01085
0.06707
0.15587
0.26450
0.37733
0.47816
0.55248
0.58961
0.58422
0.53708
0.45496
0.34967
0.23635
0.00000
0.00000
0.00000
0.00000
0.00000
0.00000
0.00000
0.00000
0.00000
0.00000
0.00000
0.00812
0.05018
0.11663
0.19791
0.28234
0.35778
0.41339
0.44117
0.43714
0.40186
0.34042
0.26164
0.17685
0.00000
0.00000
0.00000
0.00000
0.00000
0.00000
0.00000
0.00000
0.00000
0.00000
0.00000
0.01230
0.07602
0.17668
0.29981
0.42772
0.54200
0.62625
0.66834
0.66222
0.60879
0.51571
0.39636
0.26791
0.00000
0.00000
0.00000
0.00000
0.00000
0.00000
0.00000
0.00000
0.00000
0.00000
0.00000
0.00936
0.05787
0.13451
0.22824
0.32561
0.41262
0.47675
0.50879
0.50414
0.46346
0.39260
0.30174
0.20395
0.00000
0.00000
0.00000
0.00000
0.00000
0.00000
0.00000
0.00000
0.00000
0.00000
0.00000
0.01104
0.06823
0.15857
0.26907
0.38386
0.48643
0.56204
0.59981
0.59433
0.54637
0.46283
0.35572
0.24044
0.00000
0.00000
0.00000
0.00000
0.00000
0.00000
0.00000
0.00000
0.00000
0.00000
0.00000
0.01053
0.06509
0.15127
0.25669
0.36619
0.46403
0.53616
0.57220
0.56696
0.52121
0.44152
0.33934
0.22937
0.00000
0.00000
0.00000
0.00000
0.00000
0.00000
0.00000
0.00000
0.00000
0.00000
0.00000
0.00857
0.05299
0.12315
0.20898
0.29813
0.37779
0.43651
0.46585
0.46159
0.42434
0.35946
0.27628
0.18674
0.00000
0.00000
0.00000
0.00000
0.00000
0.00000
0.00000
0.00000
0.00000
0.00000
0.00000
0.01065
0.06583
0.15299
0.25960
0.37035
0.46931
0.54225
0.57870
0.57341
0.52714
0.44654
0.34320
0.23198
0.00000
0.00000
0.00000
0.00000
0.00000
0.00000
0.00000
0.00000
0.00000
0.00000
0.00000
0.01099
0.06790
0.15780
0.26777
0.38200
0.48407
0.55931
0.59690
0.59144
0.54372
0.46058
0.35400
0.23927
0.00000
0.00000
0.00000
0.00000
0.00000
0.00000
0.00000
0.00000
0.00000
0.00000
0.00000
0.01098
0.06787
0.15775
0.26768
0.38188
0.48392
0.55913
0.59671
0.59125
0.54354
0.46044
0.35388
0.23920
0.00000
0.00000
0.00000
0.00000
0.00000
0.00000
0.00000
0.00000
0.00000
0.00000
0.00000
0.01127
0.06969
0.16196
0.27483
0.39207
0.49683
0.57405
0.61263
0.60703
0.55805
0.47272
0.36333
0.24558
0.00000
0.00000
0.00000
0.00000
0.00000
0.00000
0.00000
0.00000
0.00000
0.00000
0.00000
0.01219
0.07537
0.17516
0.29723
0.42403
0.53733
0.62084
0.66257
0.65651
0.60353
0.51126
0.39294
0.26560
0.00000
0.00000
0.00000
0.00000
0.00000
0.00000
0.00000
0.00000
0.00000
0.00000
0.00000
0.01031
0.06373
0.14811
0.25134
0.35856
0.45437
0.52499
0.56027
0.55515
0.51035
0.43232
0.33227
0.22459
0.00000
0.00000
0.00000
0.00000
0.00000
0.00000
0.00000
0.00000
0.00000
0.00000
0.00000
0.01354
0.08368
0.19447
0.33000
0.47078
0.59658
0.68930
0.73563
0.72890
0.67008
0.56763
0.43627
0.29488
0.00000
0.00000
0.00000
0.00000
0.00000
0.00000
0.00000
0.00000
0.00000
0.00000
0.00000
0.00892
0.05516
0.12820
0.21755
0.31036
0.39328
0.45441
0.48495
0.48052
0.44174
0.37420
0.28760
0.19440
0.00000
0.00000
0.00000
0.00000
0.00000
0.00000
0.00000
0.00000
0.00000
0.00000
0.00000
0.01243
0.07684
0.17859
0.30306
0.43234
0.54786
0.63302
0.67556
0.66938
0.61537
0.52128
0.40065
0.27081
0.00000
0.00000
0.00000
0.00000
0.00000
0.00000
0.00000
0.00000
0.00000
0.00000
0.00000
0.01211
0.07487
0.17400
0.29526
0.42121
0.53376
0.61673
0.65818
0.65216
0.59953
0.50787
0.39034
0.26384
0.00000
0.00000
0.00000
0.00000
0.00000
0.00000
0.00000
0.00000
0.00000
0.00000
0.00000
0.01081
0.06678
0.15521
0.26338
0.37574
0.47613
0.55014
0.58711
0.58174
0.53480
0.45303
0.34819
0.23535
0.00000
0.00000
0.00000
0.00000
0.00000
0.00000
0.00000
0.00000
0.00000
0.00000
0.00000
0.01228
0.07588
0.17636
0.29926
0.42693
0.54100
0.62509
0.66710
0.66100
0.60766
0.51475
0.39563
0.26741
0.00000
0.00000
0.00000
0.00000
0.00000
0.00000
0.00000
0.00000
0.00000
0.00000
0.00000
0.01077
0.06657
0.15471
0.26253
0.37452
0.47460
0.54836
0.58522
0.57987
0.53308
0.45157
0.34707
0.23459
0.00000
0.00000
0.00000
0.00000
0.00000
0.00000
0.00000
0.00000
0.00000
0.00000
0.00000
0.01167
0.07214
0.16766
0.28450
0.40586
0.51431
0.59425
0.63419
0.62839
0.57768
0.48936
0.37611
0.25422
0.00000
0.00000
0.00000
0.00000
0.00000
0.00000
0.00000
0.00000
0.00000
0.00000
0.00000
0.00898
0.05553
0.12905
0.21899
0.31242
0.39589
0.45743
0.48817
0.48371
0.44467
0.37669
0.28951
0.19569
0.00000
0.00000
0.00000
0.00000
0.00000
0.00000
0.00000
0.00000
0.00000
0.00000
0.00000
0.01167
0.07215
0.16769
0.28456
0.40596
0.51443
0.59438
0.63433
0.62853
0.57781
0.48947
0.37620
0.25428
0.00000
0.00000
0.00000
0.00000
0.00000
0.00000
0.00000
0.00000
0.00000
0.00000
0.00000
0.01234
0.07627
0.17727
0.30081
0.42914
0.54381
0.62833
0.67056
0.66443
0.61082
0.51742
0.39768
0.26880
0.00000
0.00000
0.00000
0.00000
0.00000
0.00000
0.00000
0.00000
0.00000
0.00000
0.00000
0.01045
0.06459
0.15011
0.25473
0.36339
0.46049
0.53207
0.56783
0.56263
0.51723
0.43815
0.33675
0.22762
0.00000
0.00000
0.00000
0.00000
0.00000
0.00000
0.00000
0.00000
0.00000
0.00000
0.00000
0.00843
0.05211
0.12111
0.20551
0.29318
0.37152
0.42926
0.45811
0.45392
0.41729
0.35349
0.27169
0.18364
0.00000
0.00000
0.00000
0.00000
0.00000
0.00000
0.00000
0.00000
0.00000
0.00000
0.00000
0.02523
0.07489
0.15906
0.26535
0.37810
0.48069
0.55802
0.59869
0.59670
0.55236
0.47218
0.36800
0.25515
0.15026
0.00000
0.00000
0.00000
0.00000
0.00000
0.00000
0.00000
0.00000
0.00000
0.00000
0.02990
0.08874
0.18848
0.31443
0.44803
0.56960
0.66123
0.70942
0.70706
0.65452
0.55952
0.43606
0.30234
0.17805
0.00000
0.00000
0.00000
0.00000
0.00000
0.00000
0.00000
0.00000
0.00000
0.00000
0.02152
0.06387
0.13566
0.22631
0.32247
0.40997
0.47592
0.51060
0.50891
0.47109
0.40271
0.31385
0.21761
0.12815
0.00000
0.00000
0.00000
0.00000
0.00000
0.00000
0.00000
0.00000
0.00000
0.00000
0.02330
0.06917
0.14691
0.24509
0.34922
0.44398
0.51540
0.55296
0.55113
0.51017
0.43612
0.33989
0.23566
0.13878
0.00000
0.00000
0.00000
0.00000
0.00000
0.00000
0.00000
0.00000
0.00000
0.00000
0.02179
0.06466
0.13735
0.22913
0.32648
0.41507
0.48184
0.51696
0.51524
0.47695
0.40773
0.31776
0.22032
0.12975
0.00000
0.00000
0.00000
0.00000
0.00000
0.00000
0.00000
0.00000
0.00000
0.00000
0.03363
0.09980
0.21198
0.35363
0.50389
0.64062
0.74367
0.79787
0.79522
0.73612
0.62928
0.49043
0.34003
0.20025
0.00000
0.00000
0.00000
0.00000
0.00000
0.00000
0.00000
0.00000
0.00000
0.00000
0.01814
0.05385
0.11437
0.19080
0.27187
0.34564
0.40125
0.43049
0.42906
0.39717
0.33952
0.26461
0.18346
0.10804
0.00000
0.00000
0.00000
0.00000
0.00000
0.00000
0.00000
0.00000
0.00000
0.00000
0.01574
0.04673
0.09925
0.16557
0.23592
0.29993
0.34818
0.37356
0.37232
0.34465
0.29462
0.22962
0.15920
0.09375
0.00000
0.00000
0.00000
0.00000
0.00000
0.00000
0.00000
0.00000
0.00000
0.00000
0.02330
0.06916
0.14691
0.24508
0.34921
0.44396
0.51538
0.55294
0.55110
0.51015
0.43610
0.33988
0.23565
0.13878
0.00000
0.00000
0.00000
0.00000
0.00000
0.00000
0.00000
0.00000
0.00000
0.00000
0.02268
0.06731
0.14297
0.23852
0.33986
0.43208
0.50159
0.53814
0.53635
0.49649
0.42443
0.33078
0.22934
0.13506
0.00000
0.00000
0.00000
0.00000
0.00000
0.00000
0.00000
0.00000
0.00000
0.00000
0.02514
0.07463
0.15851
0.26443
0.37678
0.47902
0.55608
0.59660
0.59462
0.55043
0.47054
0.36672
0.25426
0.14973
0.00000
0.00000
0.00000
0.00000
0.00000
0.00000
0.00000
0.00000
0.00000
0.00000
0.02570
0.07628
0.16203
0.27030
0.38515
0.48966
0.56843
0.60985
0.60783
0.56266
0.48099
0.37486
0.25991
0.15306
0.00000
0.00000
0.00000
0.00000
0.00000
0.00000
0.00000
0.00000
0.00000
0.00000
0.01970
0.05847
0.12418
0.20717
0.29520
0.37530
0.43567
0.46742
0.46587
0.43124
0.36865
0.28731
0.19920
0.11731
0.00000
0.00000
0.00000
0.00000
0.00000
0.00000
0.00000
0.00000
0.00000
0.00000
0.02695
0.08000
0.16991
0.28345
0.40389
0.51349
0.59609
0.63953
0.63741
0.59004
0.50440
0.39310
0.27255
0.16051
0.00000
0.00000
0.00000
0.00000
0.00000
0.00000
0.00000
0.00000
0.00000
0.00000
0.03131
0.09292
0.19737
0.32926
0.46916
0.59646
0.69241
0.74287
0.74040
0.68538
0.58590
0.45662
0.31660
0.18644
0.00000
0.00000
0.00000
0.00000
0.00000
0.00000
0.00000
0.00000
0.00000
0.00000
0.02958
0.08780
0.18649
0.31112
0.44331
0.56360
0.65426
0.70194
0.69961
0.64762
0.55362
0.43147
0.29915
0.17617
0.00000
0.00000
0.00000
0.00000
0.00000
0.00000
0.00000
0.00000
0.00000
0.00000
0.01934
0.05742
0.12195
0.20344
0.28989
0.36855
0.42783
0.45901
0.45749
0.42349
0.36202
0.28214
0.19562
0.11520
0.00000
0.00000
0.00000
0.00000
0.00000
0.00000
0.00000
0.00000
0.00000
0.00000
0.02646
0.07853
0.16680
0.27827
0.39651
0.50409
0.58518
0.62783
0.62575
0.57924
0.49517
0.38591
0.26757
0.15757
0.00000
0.00000
0.00000
0.00000
0.00000
0.00000
0.00000
0.00000
0.00000
0.00000
0.02547
0.07561
0.16059
0.26790
0.38174
0.48532
0.56339
0.60445
0.60244
0.55767
0.47673
0.37154
0.25760
0.15170
0.00000
0.00000
0.00000
0.00000
0.00000
0.00000
0.00000
0.00000
0.00000
0.00000
0.02049
0.06081
0.12915
0.21546
0.30701
0.39032
0.45310
0.48612
0.48451
0.44850
0.38340
0.29881
0.20718
0.12201
0.00000
0.00000
0.00000
0.00000
0.00000
0.00000
0.00000
0.00000
0.00000
0.00000
0.02475
0.07346
0.15602
0.26029
0.37088
0.47152
0.54737
0.58726
0.58531
0.54181
0.46317
0.36097
0.25028
0.14739
0.00000
0.00000
0.00000
0.00000
0.00000
0.00000
0.00000
0.00000
0.00000
0.00000
0.02503
0.07428
0.15778
0.26321
0.37505
0.47682
0.55353
0.59386
0.59189
0.54791
0.46838
0.36503
0.25309
0.14905
0.00000
0.00000
0.00000
0.00000
0.00000
0.00000
0.00000
0.00000
0.00000
0.00000
0.01449
0.04301
0.09135
0.15239
0.21714
0.27605
0.32046
0.34381
0.34267
0.31721
0.27117
0.21134
0.14653
0.08629
0.00000
0.00000
0.00000
0.00000
0.00000
0.00000
0.00000
0.00000
0.00000
0.00000
0.03027
0.08985
0.19085
0.31838
0.45366
0.57676
0.66954
0.71833
0.71595
0.66274
0.56655
0.44154
0.30614
0.18029
0.00000
0.00000
0.00000
0.00000
0.00000
0.00000
0.00000
0.00000
0.00000
0.00000
0.01876
0.05568
0.11827
0.19730
0.28114
0.35742
0.41492
0.44515
0.44368
0.41070
0.35109
0.27362
0.18971
0.11172
0.00000
0.00000
0.00000
0.00000
0.00000
0.00000
0.00000
0.00000
0.00000
0.00000
0.02435
0.07228
0.15351
0.25610
0.36491
0.46393
0.53856
0.57781
0.57589
0.53309
0.45572
0.35516
0.24625
0.14502
0.00000
0.00000
0.00000
0.00000
0.00000
0.00000
0.00000
0.00000
0.00000
0.00000
0.02626
0.07794
0.16554
0.27617
0.39351
0.50028
0.58076
0.62308
0.62102
0.57486
0.49143
0.38300
0.26555
0.15638
0.00000
0.00000
0.00000
0.00000
0.00000
0.00000
0.00000
0.00000
0.00000
0.00000
0.02620
0.07775
0.16515
0.27551
0.39258
0.49910
0.57939
0.62161
0.61955
0.57351
0.49027
0.38209
0.26492
0.15601
0.00000
0.00000
0.00000
0.00000
0.00000
0.00000
0.00000
0.00000
0.00000
0.00000
0.02710
0.08042
0.17082
0.28497
0.40605
0.51623
0.59927
0.64295
0.64081
0.59319
0.50709
0.39520
0.27401
0.16137
0.00000
0.00000
0.00000
0.00000
0.00000
0.00000
0.00000
0.00000
0.00000
0.00000
0.02261
0.06711
0.14255
0.23781
0.33886
0.43080
0.50010
0.53655
0.53477
0.49503
0.42318
0.32980
0.22867
0.13466
0.00000
0.00000
0.00000
0.00000
0.00000
0.00000
0.00000
0.00000
0.00000
0.00000
0.02542
0.07544
0.16024
0.26731
0.38090
0.48425
0.56215
0.60311
0.60111
0.55644
0.47568
0.37072
0.25703
0.15137
0.00000
0.00000
0.00000
0.00000
0.00000
0.00000
0.00000
0.00000
0.00000
0.00000
0.01485
0.07092
0.16593
0.28579
0.41273
0.52794
0.61432
0.65907
0.65556
0.60430
0.51291
0.39492
0.26783
0.00000
0.00000
0.00000
0.00000
0.00000
0.00000
0.00000
0.00000
0.00000
0.00000
0.00000
0.01138
0.05437
0.12720
0.21909
0.31640
0.40471
0.47093
0.50524
0.50255
0.46326
0.39319
0.30274
0.20531
0.00000
0.00000
0.00000
0.00000
0.00000
0.00000
0.00000
0.00000
0.00000
0.00000
0.00000
0.01368
0.06534
0.15287
0.26330
0.38025
0.48639
0.56597
0.60720
0.60397
0.55675
0.47254
0.36384
0.24675
0.00000
0.00000
0.00000
0.00000
0.00000
0.00000
0.00000
0.00000
0.00000
0.00000
0.00000
0.00970
0.04636
0.10846
0.18681
0.26978
0.34508
0.40155
0.43080
0.42850
0.39500
0.33526
0.25814
0.17506
0.00000
0.00000
0.00000
0.00000
0.00000
0.00000
0.00000
0.00000
0.00000
0.00000
0.00000
0.01140
0.05444
0.12737
0.21938
0.31682
0.40525
0.47156
0.50591
0.50321
0.46387
0.39371
0.30314
0.20559
0.00000
0.00000
0.00000
0.00000
0.00000
0.00000
0.00000
0.00000
0.00000
0.00000
0.00000
0.01246
0.05950
0.13921
0.23978
0.34628
0.44294
0.51541
0.55296
0.55001
0.50701
0.43033
0.33133
0.22470
0.00000
0.00000
0.00000
0.00000
0.00000
0.00000
0.00000
0.00000
0.00000
0.00000
0.00000
0.01310
0.06256
0.14638
0.25211
0.36410
0.46573
0.54193
0.58141
0.57831
0.53310
0.45247
0.34838
0.23627
0.00000
0.00000
0.00000
0.00000
0.00000
0.00000
0.00000
0.00000
0.00000
0.00000
0.00000
0.01246
0.05954
0.13931
0.23995
0.34653
0.44325
0.51578
0.55335
0.55040
0.50737
0.43063
0.33157
0.22487
0.00000
0.00000
0.00000
0.00000
0.00000
0.00000
0.00000
0.00000
0.00000
0.00000
0.00000
0.01288
0.06154
0.14400
0.24802
0.35818
0.45816
0.53312
0.57196
0.56891
0.52443
0.44512
0.34272
0.23243
0.00000
0.00000
0.00000
0.00000
0.00000
0.00000
0.00000
0.00000
0.00000
0.00000
0.00000
0.01502
0.07176
0.16789
0.28917
0.41761
0.53418
0.62158
0.66686
0.66331
0.61145
0.51897
0.39959
0.27099
0.00000
0.00000
0.00000
0.00000
0.00000
0.00000
0.00000
0.00000
0.00000
0.00000
0.00000
0.00696
0.03326
0.07783
0.13405
0.19359
0.24762
0.28814
0.30913
0.30748
0.28344
0.24057
0.18523
0.12562
0.00000
0.00000
0.00000
0.00000
0.00000
0.00000
0.00000
0.00000
0.00000
0.00000
0.00000
0.01496
0.07148
0.16725
0.28806
0.41602
0.53214
0.61920
0.66431
0.66077
0.60911
0.51699
0.39806
0.26996
0.00000
0.00000
0.00000
0.00000
0.00000
0.00000
0.00000
0.00000
0.00000
0.00000
0.00000
0.01148
0.05484
0.12831
0.22100
0.31916
0.40824
0.47504
0.50964
0.50693
0.46730
0.39662
0.30538
0.20710
0.00000
0.00000
0.00000
0.00000
0.00000
0.00000
0.00000
0.00000
0.00000
0.00000
0.00000
0.00899
0.04296
0.10052
0.17313
0.25003
0.31982
0.37215
0.39926
0.39713
0.36608
0.31071
0.23924
0.16225
0.00000
0.00000
0.00000
0.00000
0.00000
0.00000
0.00000
0.00000
0.00000
0.00000
0.00000
0.01484
0.07087
0.16581
0.28559
0.41244
0.52756
0.61388
0.65860
0.65509
0.60387
0.51254
0.39463
0.26764
0.00000
0.00000
0.00000
0.00000
0.00000
0.00000
0.00000
0.00000
0.00000
0.00000
0.00000
0.01566
0.07479
0.17499
0.30139
0.43526
0.55676
0.64785
0.69505
0.69135
0.63729
0.54091
0.41647
0.28245
0.00000
0.00000
0.00000
0.00000
0.00000
0.00000
0.00000
0.00000
0.00000
0.00000
0.00000
0.01523
0.07274
0.17020
0.29314
0.42335
0.54151
0.63011
0.67602
0.67242
0.61984
0.52610
0.40507
0.27471
0.00000
0.00000
0.00000
0.00000
0.00000
0.00000
0.00000
0.00000
0.00000
0.00000
0.00000
0.01726
0.08246
0.19293
0.33230
0.47990
0.61385
0.71428
0.76632
0.76224
0.70264
0.59637
0.45918
0.31141
0.00000
0.00000
0.00000
0.00000
0.00000
0.00000
0.00000
0.00000
0.00000
0.00000
0.00000
0.00743
0.03552
0.08310
0.14312
0.20670
0.26439
0.30765
0.33006
0.32830
0.30263
0.25686
0.19777
0.13413
0.00000
0.00000
0.00000
0.00000
0.00000
0.00000
0.00000
0.00000
0.00000
0.00000
0.00000
0.01640
0.07832
0.18325
0.31563
0.45583
0.58306
0.67846
0.72788
0.72400
0.66740
0.56646
0.43615
0.29579
0.00000
0.00000
0.00000
0.00000
0.00000
0.00000
0.00000
0.00000
0.00000
0.00000
0.00000
0.01035
0.04943
0.11565
0.19920
0.28767
0.36797
0.42818
0.45937
0.45692
0.42120
0.35750
0.27526
0.18667
0.00000
0.00000
0.00000
0.00000
0.00000
0.00000
0.00000
0.00000
0.00000
0.00000
0.00000
0.01243
0.05940
0.13897
0.23936
0.34568
0.44216
0.51451
0.55199
0.54905
0.50612
0.42957
0.33075
0.22431
0.00000
0.00000
0.00000
0.00000
0.00000
0.00000
0.00000
0.00000
0.00000
0.00000
0.00000
0.01457
0.06962
0.16288
0.28055
0.40516
0.51825
0.60304
0.64697
0.64353
0.59321
0.50349
0.38767
0.26291
0.00000
0.00000
0.00000
0.00000
0.00000
0.00000
0.00000
0.00000
0.00000
0.00000
0.00000
0.00772
0.03690
0.08633
0.14870
0.21474
0.27468
0.31963
0.34291
0.34108
0.31442
0.26686
0.20547
0.13935
0.00000
0.00000
0.00000
0.00000
0.00000
0.00000
0.00000
0.00000
0.00000
0.00000
0.00000
0.00997
0.04764
0.11146
0.19197
0.27724
0.35462
0.41264
0.44270
0.44035
0.40592
0.34453
0.26527
0.17990
0.00000
0.00000
0.00000
0.00000
0.00000
0.00000
0.00000
0.00000
0.00000
0.00000
0.00000
0.01309
0.06251
0.14625
0.25190
0.36378
0.46532
0.54146
0.58091
0.57781
0.53264
0.45208
0.34808
0.23606
0.00000
0.00000
0.00000
0.00000
0.00000
0.00000
0.00000
0.00000
0.00000
0.00000
0.00000
0.00866
0.04139
0.09684
0.16679
0.24088
0.30812
0.35853
0.38465
0.38260
0.35269
0.29935
0.23048
0.15631
0.00000
0.00000
0.00000
0.00000
0.00000
0.00000
0.00000
0.00000
0.00000
0.00000
0.00000
0.01105
0.05280
0.12355
0.21280
0.30731
0.39309
0.45741
0.49073
0.48812
0.44995
0.38190
0.29405
0.19942
0.00000
0.00000
0.00000
0.00000
0.00000
0.00000
0.00000
0.00000
0.00000
0.00000
0.00000
0.00867
0.04140
0.09687
0.16685
0.24096
0.30822
0.35865
0.38478
0.38273
0.35281
0.29945
0.23056
0.15636
0.00000
0.00000
0.00000
0.00000
0.00000
0.00000
0.00000
0.00000
0.00000
0.00000
0.00000
0.01828
0.08730
0.20426
0.35181
0.50807
0.64988
0.75622
0.81131
0.80699
0.74389
0.63138
0.48614
0.32969
0.00000
0.00000
0.00000
0.00000
0.00000
0.00000
0.00000
0.00000
0.00000
0.00000
0.00000
0.01578
0.07537
0.17634
0.30373
0.43864
0.56107
0.65287
0.70043
0.69670
0.64223
0.54510
0.41970
0.28464
0.00000
0.00000
0.00000
0.00000
0.00000
0.00000
0.00000
0.00000
0.00000
0.00000
0.00000
0.01082
0.06581
0.15659
0.26943
0.38724
0.49217
0.56834
0.60422
0.59436
0.54027
0.45014
0.33760
0.21971
0.00000
0.00000
0.00000
0.00000
0.00000
0.00000
0.00000
0.00000
0.00000
0.00000
0.00000
0.01317
0.08006
0.19051
0.32779
0.47111
0.59877
0.69144
0.73508
0.72309
0.65729
0.54763
0.41072
0.26730
0.00000
0.00000
0.00000
0.00000
0.00000
0.00000
0.00000
0.00000
0.00000
0.00000
0.00000
0.01048
0.06374
0.15166
0.26095
0.37505
0.47668
0.55045
0.58519
0.57565
0.52326
0.43597
0.32698
0.21280
0.00000
0.00000
0.00000
0.00000
0.00000
0.00000
0.00000
0.00000
0.00000
0.00000
0.00000
0.01255
0.07631
0.18158
0.31243
0.44903
0.57071
0.65903
0.70063
0.68920
0.62648
0.52196
0.39148
0.25477
0.00000
0.00000
0.00000
0.00000
0.00000
0.00000
0.00000
0.00000
0.00000
0.00000
0.00000
0.01228
0.07466
0.17766
0.30568
0.43933
0.55838
0.64480
0.68550
0.67432
0.61295
0.51069
0.38302
0.24927
0.00000
0.00000
0.00000
0.00000
0.00000
0.00000
0.00000
0.00000
0.00000
0.00000
0.00000
0.01139
0.06929
0.16488
0.28368
0.40772
0.51820
0.59840
0.63617
0.62579
0.56884
0.47394
0.35546
0.23133
0.00000
0.00000
0.00000
0.00000
0.00000
0.00000
0.00000
0.00000
0.00000
0.00000
0.00000
0.01330
0.08090
0.19250
0.33120
0.47602
0.60501
0.69864
0.74274
0.73062
0.66413
0.55333
0.41500
0.27009
0.00000
0.00000
0.00000
0.00000
0.00000
0.00000
0.00000
0.00000
0.00000
0.00000
0.00000
0.00941
0.05722
0.13616
0.23428
0.33671
0.42795
0.49419
0.52538
0.51681
0.46978
0.39140
0.29355
0.19105
0.00000
0.00000
0.00000
0.00000
0.00000
0.00000
0.00000
0.00000
0.00000
0.00000
0.00000
0.01073
0.06528
0.15533
0.26726
0.38412
0.48821
0.56376
0.59935
0.58957
0.53592
0.44651
0.33488
0.21794
0.00000
0.00000
0.00000
0.00000
0.00000
0.00000
0.00000
0.00000
0.00000
0.00000
0.00000
0.00885
0.05383
0.12808
0.22038
0.31673
0.40256
0.46486
0.49420
0.48614
0.44190
0.36818
0.27613
0.17971
0.00000
0.00000
0.00000
0.00000
0.00000
0.00000
0.00000
0.00000
0.00000
0.00000
0.00000
0.01347
0.08190
0.19489
0.33533
0.48195
0.61254
0.70734
0.75199
0.73973
0.67241
0.56023
0.42017
0.27345
0.00000
0.00000
0.00000
0.00000
0.00000
0.00000
0.00000
0.00000
0.00000
0.00000
0.00000
0.01236
0.07516
0.17884
0.30771
0.44226
0.56210
0.64909
0.69006
0.67881
0.61703
0.51409
0.38557
0.25093
0.00000
0.00000
0.00000
0.00000
0.00000
0.00000
0.00000
0.00000
0.00000
0.00000
0.00000
0.01125
0.06838
0.16272
0.27997
0.40239
0.51143
0.59058
0.62785
0.61761
0.56141
0.46775
0.35081
0.22831
0.00000
0.00000
0.00000
0.00000
0.00000
0.00000
0.00000
0.00000
0.00000
0.00000
0.00000
0.01255
0.07630
0.18157
0.31241
0.44900
0.57067
0.65899
0.70058
0.68916
0.62644
0.52193
0.39145
0.25476
0.00000
0.00000
0.00000
0.00000
0.00000
0.00000
0.00000
0.00000
0.00000
0.00000
0.00000
0.01040
0.06326
0.15053
0.25900
0.37224
0.47311
0.54633
0.58081
0.57134
0.51935
0.43270
0.32453
0.21120
0.00000
0.00000
0.00000
0.00000
0.00000
0.00000
0.00000
0.00000
0.00000
0.00000
0.00000
0.01112
0.06760
0.16085
0.27676
0.39777
0.50555
0.58380
0.62065
0.61052
0.55496
0.46238
0.34678
0.22569
0.00000
0.00000
0.00000
0.00000
0.00000
0.00000
0.00000
0.00000
0.00000
0.00000
0.00000
0.01402
0.08525
0.20285
0.34902
0.50162
0.63755
0.73622
0.78269
0.76992
0.69986
0.58310
0.43732
0.28461
0.00000
0.00000
0.00000
0.00000
0.00000
0.00000
0.00000
0.00000
0.00000
0.00000
0.00000
0.01183
0.07192
0.17114
0.29447
0.42322
0.53790
0.62115
0.66035
0.64959
0.59047
0.49196
0.36897
0.24013
0.00000
0.00000
0.00000
0.00000
0.00000
0.00000
0.00000
0.00000
0.00000
0.00000
0.00000
0.01404
0.08538
0.20318
0.34958
0.50243
0.63858
0.73741
0.78395
0.77117
0.70099
0.58404
0.43803
0.28507
0.00000
0.00000
0.00000
0.00000
0.00000
0.00000
0.00000
0.00000
0.00000
0.00000
0.00000
0.00853
0.05187
0.12343
0.21237
0.30522
0.38793
0.44797
0.47625
0.46848
0.42585
0.35480
0.26610
0.17318
0.00000
0.00000
0.00000
0.00000
0.00000
0.00000
0.00000
0.00000
0.00000
0.00000
0.00000
0.01307
0.07945
0.18906
0.32529
0.46752
0.59421
0.68617
0.72949
0.71759
0.65229
0.54346
0.40760
0.26527
0.00000
0.00000
0.00000
0.00000
0.00000
0.00000
0.00000
0.00000
0.00000
0.00000
0.00000
0.01058
0.06436
0.15316
0.26352
0.37874
0.48136
0.55586
0.59095
0.58131
0.52841
0.44025
0.33019
0.21489
0.00000
0.00000
0.00000
0.00000
0.00000
0.00000
0.00000
0.00000
0.00000
0.00000
0.00000
0.01118
0.06797
0.16175
0.27830
0.39999
0.50837
0.58705
0.62411
0.61393
0.55806
0.46496
0.34872
0.22695
0.00000
0.00000
0.00000
0.00000
0.00000
0.00000
0.00000
0.00000
0.00000
0.00000
0.00000
0.01023
0.06221
0.14804
0.25471
0.36608
0.46528
0.53729
0.57121
0.56189
0.51076
0.42555
0.31916
0.20771
0.00000
0.00000
0.00000
0.00000
0.00000
0.00000
0.00000
0.00000
0.00000
0.00000
0.00000
0.01043
0.06341
0.15090
0.25963
0.37315
0.47427
0.54767
0.58224
0.57274
0.52062
0.43376
0.32532
0.21172
0.00000
0.00000
0.00000
0.00000
0.00000
0.00000
0.00000
0.00000
0.00000
0.00000
0.00000
0.01199
0.07289
0.17345
0.29844
0.42893
0.54516
0.62953
0.66927
0.65835
0.59844
0.49860
0.37395
0.24337
0.00000
0.00000
0.00000
0.00000
0.00000
0.00000
0.00000
0.00000
0.00000
0.00000
0.00000
0.00972
0.05910
0.14063
0.24197
0.34777
0.44201
0.51042
0.54264
0.53379
0.48521
0.40426
0.30320
0.19732
0.00000
0.00000
0.00000
0.00000
0.00000
0.00000
0.00000
0.00000
0.00000
0.00000
0.00000
0.01194
0.07259
0.17273
0.29720
0.42715
0.54290
0.62692
0.66649
0.65562
0.59595
0.49653
0.37240
0.24236
0.00000
0.00000
0.00000
0.00000
0.00000
0.00000
0.00000
0.00000
0.00000
0.00000
0.00000
0.01014
0.06166
0.14673
0.25246
0.36284
0.46116
0.53253
0.56614
0.55691
0.50623
0.42177
0.31633
0.20587
0.00000
0.00000
0.00000
0.00000
0.00000
0.00000
0.00000
0.00000
0.00000
0.00000
0.00000
0.01374
0.08355
0.19882
0.34209
0.49166
0.62488
0.72159
0.76714
0.75463
0.68596
0.57152
0.42864
0.27896
0.00000
0.00000
0.00000
0.00000
0.00000
0.00000
0.00000
0.00000
0.00000
0.00000
0.00000
0.00858
0.05976
0.14472
0.24977
0.35796
0.45188
0.51637
0.54104
0.52192
0.46209
0.37119
0.26387
0.15744
0.00000
0.00000
0.00000
0.00000
0.00000
0.00000
0.00000
0.00000
0.00000
0.00000
0.00000
0.01095
0.07626
0.18467
0.31870
0.45676
0.57660
0.65889
0.69037
0.66597
0.58963
0.47364
0.33670
0.20089
0.00000
0.00000
0.00000
0.00000
0.00000
0.00000
0.00000
0.00000
0.00000
0.00000
0.00000
0.01021
0.07109
0.17215
0.29710
0.42580
0.53751
0.61423
0.64358
0.62083
0.54966
0.44154
0.31388
0.18727
0.00000
0.00000
0.00000
0.00000
0.00000
0.00000
0.00000
0.00000
0.00000
0.00000
0.00000
0.01220
0.08495
0.20572
0.35505
0.50885
0.64235
0.73402
0.76910
0.74192
0.65687
0.52765
0.37510
0.22380
0.00000
0.00000
0.00000
0.00000
0.00000
0.00000
0.00000
0.00000
0.00000
0.00000
0.00000
0.00972
0.06769
0.16393
0.28291
0.40546
0.51184
0.58488
0.61283
0.59117
0.52340
0.42044
0.29889
0.17833
0.00000
0.00000
0.00000
0.00000
0.00000
0.00000
0.00000
0.00000
0.00000
0.00000
0.00000
0.00929
0.06466
0.15659
0.27025
0.38732
0.48893
0.55871
0.58540
0.56472
0.49998
0.40163
0.28551
0.17035
0.00000
0.00000
0.00000
0.00000
0.00000
0.00000
0.00000
0.00000
0.00000
0.00000
0.00000
0.01119
0.07789
0.18861
0.32551
0.46652
0.58891
0.67296
0.70511
0.68019
0.60222
0.48375
0.34389
0.20518
0.00000
0.00000
0.00000
0.00000
0.00000
0.00000
0.00000
0.00000
0.00000
0.00000
0.00000
0.00970
0.06755
0.16357
0.28229
0.40458
0.51072
0.58361
0.61149
0.58988
0.52226
0.41952
0.29823
0.17794
0.00000
0.00000
0.00000
0.00000
0.00000
0.00000
0.00000
0.00000
0.00000
0.00000
0.00000
0.00739
0.05145
0.12460
0.21504
0.30819
0.38904
0.44456
0.46581
0.44935
0.39783
0.31957
0.22718
0.13554
0.00000
0.00000
0.00000
0.00000
0.00000
0.00000
0.00000
0.00000
0.00000
0.00000
0.00000
0.01097
0.07641
0.18503
0.31933
0.45766
0.57772
0.66017
0.69172
0.66728
0.59078
0.47457
0.33736
0.20128
0.00000
0.00000
0.00000
0.00000
0.00000
0.00000
0.00000
0.00000
0.00000
0.00000
0.00000
0.00971
0.06758
0.16365
0.28243
0.40478
0.51098
0.58390
0.61181
0.59018
0.52253
0.41974
0.29839
0.17803
0.00000
0.00000
0.00000
0.00000
0.00000
0.00000
0.00000
0.00000
0.00000
0.00000
0.00000
0.00666
0.04638
0.11232
0.19384
0.27781
0.35069
0.40074
0.41989
0.40505
0.35862
0.28807
0.20479
0.12218
0.00000
0.00000
0.00000
0.00000
0.00000
0.00000
0.00000
0.00000
0.00000
0.00000
0.00000
0.01178
0.08202
0.19863
0.34280
0.49129
0.62019
0.70870
0.74256
0.71632
0.63420
0.50945
0.36216
0.21608
0.00000
0.00000
0.00000
0.00000
0.00000
0.00000
0.00000
0.00000
0.00000
0.00000
0.00000
0.00579
0.04031
0.09762
0.16847
0.24145
0.30479
0.34829
0.36493
0.35204
0.31168
0.25037
0.17798
0.10619
0.00000
0.00000
0.00000
0.00000
0.00000
0.00000
0.00000
0.00000
0.00000
0.00000
0.00000
0.01088
0.07577
0.18349
0.31667
0.45385
0.57292
0.65468
0.68597
0.66172
0.58587
0.47062
0.33455
0.19961
0.00000
0.00000
0.00000
0.00000
0.00000
0.00000
0.00000
0.00000
0.00000
0.00000
0.00000
0.01162
0.08093
0.19598
0.33822
0.48474
0.61191
0.69924
0.73266
0.70677
0.62574
0.50265
0.35733
0.21319
0.00000
0.00000
0.00000
0.00000
0.00000
0.00000
0.00000
0.00000
0.00000
0.00000
0.00000
0.00595
0.04143
0.10033
0.17316
0.24817
0.31328
0.35799
0.37509
0.36184
0.32036
0.25734
0.18294
0.10915
0.00000
0.00000
0.00000
0.00000
0.00000
0.00000
0.00000
0.00000
0.00000
0.00000
0.00000
0.00798
0.05556
0.13454
0.23219
0.33277
0.42007
0.48002
0.50296
0.48519
0.42957
0.34506
0.24530
0.14636
0.00000
0.00000
0.00000
0.00000
0.00000
0.00000
0.00000
0.00000
0.00000
0.00000
0.00000
0.01152
0.08024
0.19431
0.33535
0.48062
0.60671
0.69330
0.72643
0.70075
0.62042
0.49838
0.35429
0.21138
0.00000
0.00000
0.00000
0.00000
0.00000
0.00000
0.00000
0.00000
0.00000
0.00000
0.00000
0.00385
0.02683
0.06496
0.11212
0.16068
0.20284
0.23179
0.24286
0.23428
0.20742
0.16662
0.11845
0.07067
0.00000
0.00000
0.00000
0.00000
0.00000
0.00000
0.00000
0.00000
0.00000
0.00000
0.00000
0.00424
0.02951
0.07147
0.12334
0.17678
0.22315
0.25500
0.26719
0.25775
0.22820
0.18331
0.13031
0.07775
0.00000
0.00000
0.00000
0.00000
0.00000
0.00000
0.00000
0.00000
0.00000
0.00000
0.00000
0.01038
0.07226
0.17498
0.30198
0.43280
0.54635
0.62432
0.65416
0.63104
0.55870
0.44879
0.31904
0.19035
0.00000
0.00000
0.00000
0.00000
0.00000
0.00000
0.00000
0.00000
0.00000
0.00000
0.00000
0.01258
0.08760
0.21214
0.36612
0.52472
0.66238
0.75691
0.79308
0.76505
0.67735
0.54411
0.38680
0.23078
0.00000
0.00000
0.00000
0.00000
0.00000
0.00000
0.00000
0.00000
0.00000
0.00000
0.00000
0.01019
0.07093
0.17177
0.29645
0.42487
0.53633
0.61287
0.64216
0.61947
0.54845
0.44056
0.31319
0.18686
0.00000
0.00000
0.00000
0.00000
0.00000
0.00000
0.00000
0.00000
0.00000
0.00000
0.00000
0.00671
0.04675
0.11322
0.19539
0.28004
0.35351
0.40396
0.42326
0.40830
0.36150
0.29038
0.20643
0.12316
0.00000
0.00000
0.00000
0.00000
0.00000
0.00000
0.00000
0.00000
0.00000
0.00000
0.00000
0.01178
0.08202
0.19863
0.34280
0.49130
0.62019
0.70871
0.74257
0.71633
0.63421
0.50945
0.36216
0.21608
0.00000
0.00000
0.00000
0.00000
0.00000
0.00000
0.00000
0.00000
0.00000
0.00000
0.00000
0.01061
0.07387
0.17888
0.30871
0.44244
0.55852
0.63823
0.66872
0.64509
0.57114
0.45879
0.32614
0.19459
0.00000
0.00000
0.00000
0.00000
0.00000
0.00000
0.00000
0.00000
0.00000
0.00000
0.00000
0.01177
0.08193
0.19839
0.34239
0.49071
0.61944
0.70785
0.74167
0.71546
0.63345
0.50884
0.36172
0.21582
0.00000
0.00000
0.00000
0.00000
0.00000
0.00000
0.00000
0.00000
0.00000
0.00000
0.00000
0.00876
0.06102
0.14775
0.25500
0.36546
0.46134
0.52719
0.55238
0.53286
0.47177
0.37897
0.26940
0.16073
0.00000
0.00000
0.00000
0.00000
0.00000
0.00000
0.00000
0.00000
0.00000
0.00000
0.00000
0.00950
0.06612
0.16011
0.27632
0.39602
0.49992
0.57126
0.59856
0.57741
0.51122
0.41065
0.29193
0.17417
0.00000
0.00000
0.00000
0.00000
0.00000
0.00000
0.00000
0.00000
0.00000
0.00000
0.00000
0.01019
0.07093
0.17176
0.29644
0.42485
0.53631
0.61285
0.64214
0.61944
0.54843
0.44055
0.31318
0.18685
0.00000
0.00000
0.00000
0.00000
0.00000
0.00000
0.00000
0.00000
0.00000
0.00000
0.00000
0.00000
0.03398
0.11284
0.21072
0.31157
0.39885
0.45827
0.48007
0.46069
0.40331
0.31732
0.21683
0.11830
0.00000
0.00000
0.00000
0.00000
0.00000
0.00000
0.00000
0.00000
0.00000
0.00000
0.00000
0.00000
0.03478
0.11551
0.21571
0.31894
0.40829
0.46911
0.49143
0.47160
0.41285
0.32483
0.22196
0.12110
0.00000
0.00000
0.00000
0.00000
0.00000
0.00000
0.00000
0.00000
0.00000
0.00000
0.00000
0.00000
0.03771
0.12525
0.23388
0.34582
0.44269
0.50864
0.53284
0.51133
0.44764
0.35220
0.24066
0.13131
0.00000
0.00000
0.00000
0.00000
0.00000
0.00000
0.00000
0.00000
0.00000
0.00000
0.00000
0.00000
0.05112
0.16975
0.31699
0.46870
0.60001
0.68939
0.72219
0.69303
0.60671
0.47735
0.32618
0.17797
0.00000
0.00000
0.00000
0.00000
0.00000
0.00000
0.00000
0.00000
0.00000
0.00000
0.00000
0.00000
0.03860
0.12820
0.23939
0.35396
0.45313
0.52063
0.54540
0.52338
0.45819
0.36050
0.24633
0.13440
0.00000
0.00000
0.00000
0.00000
0.00000
0.00000
0.00000
0.00000
0.00000
0.00000
0.00000
0.00000
0.05163
0.17145
0.32017
0.47339
0.60601
0.69628
0.72941
0.69997
0.61278
0.48213
0.32944
0.17975
0.00000
0.00000
0.00000
0.00000
0.00000
0.00000
0.00000
0.00000
0.00000
0.00000
0.00000
0.00000
0.04280
0.14215
0.26544
0.39248
0.50243
0.57727
0.60474
0.58033
0.50804
0.39972
0.27313
0.14902
0.00000
0.00000
0.00000
0.00000
0.00000
0.00000
0.00000
0.00000
0.00000
0.00000
0.00000
0.00000
0.03088
0.10256
0.19153
0.28319
0.36252
0.41653
0.43634
0.41873
0.36657
0.28842
0.19708
0.10753
0.00000
0.00000
0.00000
0.00000
0.00000
0.00000
0.00000
0.00000
0.00000
0.00000
0.00000
0.00000
0.03811
0.12656
0.23634
0.34945
0.44734
0.51398
0.53844
0.51670
0.45234
0.35590
0.24319
0.13269
0.00000
0.00000
0.00000
0.00000
0.00000
0.00000
0.00000
0.00000
0.00000
0.00000
0.00000
0.00000
0.04049
0.13448
0.25112
0.37130
0.47532
0.54612
0.57211
0.54901
0.48062
0.37815
0.25840
0.14098
0.00000
0.00000
0.00000
0.00000
0.00000
0.00000
0.00000
0.00000
0.00000
0.00000
0.00000
0.00000
0.05026
0.16693
0.31171
0.46089
0.59001
0.67790
0.71016
0.68149
0.59660
0.46940
0.32075
0.17500
0.00000
0.00000
0.00000
0.00000
0.00000
0.00000
0.00000
0.00000
0.00000
0.00000
0.00000
0.00000
0.02735
0.09082
0.16959
0.25075
0.32100
0.36882
0.38637
0.37077
0.32459
0.25538
0.17451
0.09521
0.00000
0.00000
0.00000
0.00000
0.00000
0.00000
0.00000
0.00000
0.00000
0.00000
0.00000
0.00000
0.05328
0.17693
0.33039
0.48850
0.62536
0.71851
0.75270
0.72231
0.63234
0.49752
0.33996
0.18549
0.00000
0.00000
0.00000
0.00000
0.00000
0.00000
0.00000
0.00000
0.00000
0.00000
0.00000
0.00000
0.04079
0.13545
0.25293
0.37398
0.47875
0.55007
0.57624
0.55298
0.48410
0.38089
0.26026
0.14200
0.00000
0.00000
0.00000
0.00000
0.00000
0.00000
0.00000
0.00000
0.00000
0.00000
0.00000
0.00000
0.03994
0.13263
0.24767
0.36620
0.46880
0.53863
0.56426
0.54148
0.47403
0.37296
0.25485
0.13905
0.00000
0.00000
0.00000
0.00000
0.00000
0.00000
0.00000
0.00000
0.00000
0.00000
0.00000
0.00000
0.03400
0.11290
0.21084
0.31174
0.39907
0.45852
0.48033
0.46094
0.40353
0.31749
0.21695
0.11837
0.00000
0.00000
0.00000
0.00000
0.00000
0.00000
0.00000
0.00000
0.00000
0.00000
0.00000
0.00000
0.03383
0.11234
0.20979
0.31019
0.39709
0.45624
0.47795
0.45865
0.40152
0.31592
0.21587
0.11778
0.00000
0.00000
0.00000
0.00000
0.00000
0.00000
0.00000
0.00000
0.00000
0.00000
0.00000
0.00000
0.04544
0.15092
0.28182
0.41669
0.53343
0.61289
0.64205
0.61613
0.53938
0.42439
0.28999
0.15822
0.00000
0.00000
0.00000
0.00000
0.00000
0.00000
0.00000
0.00000
0.00000
0.00000
0.00000
0.00000
0.04652
0.15450
0.28852
0.42660
0.54611
0.62746
0.65731
0.63078
0.55221
0.43447
0.29688
0.16198
0.00000
0.00000
0.00000
0.00000
0.00000
0.00000
0.00000
0.00000
0.00000
0.00000
0.00000
0.00000
0.04051
0.13452
0.25119
0.37141
0.47546
0.54629
0.57228
0.54918
0.48077
0.37827
0.25847
0.14103
0.00000
0.00000
0.00000
0.00000
0.00000
0.00000
0.00000
0.00000
0.00000
0.00000
0.00000
0.00000
0.04546
0.15098
0.28193
0.41686
0.53364
0.61314
0.64231
0.61638
0.53960
0.42456
0.29010
0.15828
0.00000
0.00000
0.00000
0.00000
0.00000
0.00000
0.00000
0.00000
0.00000
0.00000
0.00000
0.00000
0.05981
0.19864
0.37093
0.54845
0.70209
0.80668
0.84506
0.81095
0.70993
0.55857
0.38168
0.20825
0.00000
0.00000
0.00000
0.00000
0.00000
0.00000
0.00000
0.00000
0.00000
0.00000
0.00000
0.00000
0.03417
0.11346
0.21188
0.31328
0.40105
0.46079
0.48271
0.46323
0.40552
0.31906
0.21802
0.11895
0.00000
0.00000
0.00000
0.00000
0.00000
0.00000
0.00000
0.00000
0.00000
0.00000
0.00000
0.00000
0.02513
0.08345
0.15583
0.23041
0.29496
0.33890
0.35503
0.34070
0.29826
0.23467
0.16035
0.08749
0.00000
0.00000
0.00000
0.00000
0.00000
0.00000
0.00000
0.00000
0.00000
0.00000
0.00000
0.00000
0.03977
0.13207
0.24662
0.36465
0.46681
0.53634
0.56186
0.53918
0.47202
0.37138
0.25377
0.13846
0.00000
0.00000
0.00000
0.00000
0.00000
0.00000
0.00000
0.00000
0.00000
0.00000
0.00000
0.00000
0.04898
0.16267
0.30377
0.44914
0.57497
0.66062
0.69205
0.66412
0.58139
0.45743
0.31257
0.17054
0.00000
0.00000
0.00000
0.00000
0.00000
0.00000
0.00000
0.00000
0.00000
0.00000
0.00000
0.00000
0.02341
0.07773
0.14516
0.21463
0.27475
0.31568
0.33070
0.31735
0.27782
0.21859
0.14936
0.08149
0.00000
0.00000
0.00000
0.00000
0.00000
0.00000
0.00000
0.00000
0.00000
0.00000
0.00000
0.00000
0.03343
0.11103
0.20733
0.30656
0.39244
0.45090
0.47235
0.45329
0.39682
0.31222
0.21334
0.11640
0.00000
0.00000
0.00000
0.00000
0.00000
0.00000
0.00000
0.00000
0.00000
0.00000
0.00000
0.00000
0.04359
0.14476
0.27032
0.39969
0.51167
0.58789
0.61586
0.59100
0.51738
0.40707
0.27816
0.15177
0.00000
0.00000
0.00000
0.00000
0.00000
0.00000
0.00000
0.00000
0.00000
0.00000
0.00000
0.00000
0.02808
0.09324
0.17412
0.25745
0.32957
0.37866
0.39668
0.38067
0.33325
0.26220
0.17916
0.09775
0.00000
0.00000
0.00000
0.00000
0.00000
0.00000
0.00000
0.00000
0.00000
0.00000
0.00000
0.00000
0.03515
0.12936
0.25072
0.37882
0.49210
0.57150
0.60365
0.58316
0.51345
0.40628
0.27966
0.15491
0.00000
0.00000
0.00000
0.00000
0.00000
0.00000
0.00000
0.00000
0.00000
0.00000
0.00000
0.00000
0.02852
0.10496
0.20345
0.30739
0.39931
0.46374
0.48983
0.47320
0.41664
0.32967
0.22693
0.12570
0.00000
0.00000
0.00000
0.00000
0.00000
0.00000
0.00000
0.00000
0.00000
0.00000
0.00000
0.00000
0.04144
0.15253
0.29564
0.44669
0.58027
0.67389
0.71181
0.68764
0.60545
0.47907
0.32976
0.18266
0.00000
0.00000
0.00000
0.00000
0.00000
0.00000
0.00000
0.00000
0.00000
0.00000
0.00000
0.00000
0.04419
0.16262
0.31520
0.47624
0.61865
0.71847
0.75889
0.73312
0.64549
0.51075
0.35157
0.19474
0.00000
0.00000
0.00000
0.00000
0.00000
0.00000
0.00000
0.00000
0.00000
0.00000
0.00000
0.00000
0.02609
0.09603
0.18612
0.28121
0.36531
0.42425
0.44812
0.43290
0.38116
0.30159
0.20760
0.11499
0.00000
0.00000
0.00000
0.00000
0.00000
0.00000
0.00000
0.00000
0.00000
0.00000
0.00000
0.00000
0.04050
0.14905
0.28889
0.43650
0.56703
0.65851
0.69556
0.67194
0.59163
0.46813
0.32224
0.17849
0.00000
0.00000
0.00000
0.00000
0.00000
0.00000
0.00000
0.00000
0.00000
0.00000
0.00000
0.00000
0.04050
0.14906
0.28891
0.43652
0.56706
0.65855
0.69560
0.67198
0.59166
0.46816
0.32225
0.17850
0.00000
0.00000
0.00000
0.00000
0.00000
0.00000
0.00000
0.00000
0.00000
0.00000
0.00000
0.00000
0.03153
0.11606
0.22495
0.33988
0.44152
0.51276
0.54161
0.52321
0.46068
0.36451
0.25091
0.13898
0.00000
0.00000
0.00000
0.00000
0.00000
0.00000
0.00000
0.00000
0.00000
0.00000
0.00000
0.00000
0.03712
0.13663
0.26482
0.40012
0.51977
0.60363
0.63759
0.61594
0.54232
0.42912
0.29538
0.16361
0.00000
0.00000
0.00000
0.00000
0.00000
0.00000
0.00000
0.00000
0.00000
0.00000
0.00000
0.00000
0.03359
0.12361
0.23959
0.36200
0.47025
0.54612
0.57685
0.55726
0.49066
0.38824
0.26724
0.14803
0.00000
0.00000
0.00000
0.00000
0.00000
0.00000
0.00000
0.00000
0.00000
0.00000
0.00000
0.00000
0.03871
0.14246
0.27612
0.41719
0.54195
0.62939
0.66480
0.64222
0.56546
0.44743
0.30798
0.17060
0.00000
0.00000
0.00000
0.00000
0.00000
0.00000
0.00000
0.00000
0.00000
0.00000
0.00000
0.00000
0.03600
0.13251
0.25683
0.38805
0.50410
0.58543
0.61837
0.59737
0.52597
0.41618
0.28647
0.15868
0.00000
0.00000
0.00000
0.00000
0.00000
0.00000
0.00000
0.00000
0.00000
0.00000
0.00000
0.00000
0.04022
0.14802
0.28690
0.43349
0.56311
0.65397
0.69076
0.66731
0.58755
0.46490
0.32001
0.17726
0.00000
0.00000
0.00000
0.00000
0.00000
0.00000
0.00000
0.00000
0.00000
0.00000
0.00000
0.00000
0.03069
0.11295
0.21892
0.33077
0.42968
0.49900
0.52708
0.50918
0.44832
0.35474
0.24418
0.13526
0.00000
0.00000
0.00000
0.00000
0.00000
0.00000
0.00000
0.00000
0.00000
0.00000
0.00000
0.00000
0.03880
0.14281
0.27680
0.41822
0.54329
0.63094
0.66644
0.64381
0.56686
0.44853
0.30875
0.17102
0.00000
0.00000
0.00000
0.00000
0.00000
0.00000
0.00000
0.00000
0.00000
0.00000
0.00000
0.00000
0.03246
0.11948
0.23158
0.34991
0.45454
0.52788
0.55758
0.53864
0.47426
0.37526
0.25831
0.14308
0.00000
0.00000
0.00000
0.00000
0.00000
0.00000
0.00000
0.00000
0.00000
0.00000
0.00000
0.00000
0.03929
0.14458
0.28024
0.42342
0.55003
0.63878
0.67472
0.65181
0.57390
0.45410
0.31258
0.17314
0.00000
0.00000
0.00000
0.00000
0.00000
0.00000
0.00000
0.00000
0.00000
0.00000
0.00000
0.00000
0.04092
0.15059
0.29187
0.44099
0.57287
0.66530
0.70273
0.67886
0.59772
0.47295
0.32556
0.18033
0.00000
0.00000
0.00000
0.00000
0.00000
0.00000
0.00000
0.00000
0.00000
0.00000
0.00000
0.00000
0.03407
0.12539
0.24304
0.36721
0.47702
0.55398
0.58515
0.56528
0.49771
0.39382
0.27108
0.15016
0.00000
0.00000
0.00000
0.00000
0.00000
0.00000
0.00000
0.00000
0.00000
0.00000
0.00000
0.00000
0.02586
0.09517
0.18446
0.27870
0.36204
0.42045
0.44411
0.42903
0.37775
0.29890
0.20574
0.11396
0.00000
0.00000
0.00000
0.00000
0.00000
0.00000
0.00000
0.00000
0.00000
0.00000
0.00000
0.00000
0.03102
0.11416
0.22127
0.33433
0.43431
0.50438
0.53276
0.51467
0.45315
0.35856
0.24681
0.13671
0.00000
0.00000
0.00000
0.00000
0.00000
0.00000
0.00000
0.00000
0.00000
0.00000
0.00000
0.00000
0.03671
0.13511
0.26188
0.39569
0.51401
0.59694
0.63053
0.60912
0.53631
0.42436
0.29211
0.16180
0.00000
0.00000
0.00000
0.00000
0.00000
0.00000
0.00000
0.00000
0.00000
0.00000
0.00000
0.00000
0.03061
0.11265
0.21835
0.32991
0.42857
0.49771
0.52572
0.50786
0.44716
0.35382
0.24355
0.13491
0.00000
0.00000
0.00000
0.00000
0.00000
0.00000
0.00000
0.00000
0.00000
0.00000
0.00000
0.00000
0.04586
0.16878
0.32714
0.49429
0.64210
0.74570
0.78766
0.76091
0.66996
0.53011
0.36490
0.20212
0.00000
0.00000
0.00000
0.00000
0.00000
0.00000
0.00000
0.00000
0.00000
0.00000
0.00000
0.00000
0.04254
0.15656
0.30345
0.45850
0.59560
0.69170
0.73062
0.70581
0.62145
0.49173
0.33848
0.18749
0.00000
0.00000
0.00000
0.00000
0.00000
0.00000
0.00000
0.00000
0.00000
0.00000
0.00000
0.00000
0.03464
0.12749
0.24711
0.37337
0.48502
0.56328
0.59497
0.57477
0.50607
0.40043
0.27563
0.15268
0.00000
0.00000
0.00000
0.00000
0.00000
0.00000
0.00000
0.00000
0.00000
0.00000
0.00000
0.00000
0.03914
0.14407
0.27924
0.42191
0.54807
0.63650
0.67231
0.64948
0.57185
0.45248
0.31146
0.17252
0.00000
0.00000
0.00000
0.00000
0.00000
0.00000
0.00000
0.00000
0.00000
0.00000
0.00000
0.00000
0.04123
0.15174
0.29410
0.44437
0.57725
0.67039
0.70811
0.68406
0.60230
0.47657
0.32805
0.18171
0.00000
0.00000
0.00000
0.00000
0.00000
0.00000
0.00000
0.00000
0.00000
0.00000
0.00000
0.00000
0.03726
0.13715
0.26583
0.40164
0.52175
0.60593
0.64002
0.61829
0.54438
0.43075
0.29650
0.16424
0.00000
0.00000
0.00000
0.00000
0.00000
0.00000
0.00000
0.00000
0.00000
0.00000
0.00000
0.00000
0.03397
0.12501
0.24229
0.36609
0.47556
0.55229
0.58336
0.56355
0.49619
0.39262
0.27026
0.14970
0.00000
0.00000
0.00000
0.00000
0.00000
0.00000
0.00000
0.00000
0.00000
0.00000
0.00000
0.00000
0.03428
0.12616
0.24453
0.36946
0.47994
0.55738
0.58874
0.56875
0.50077
0.39624
0.27275
0.15108
0.00000
0.00000
0.00000
0.00000
0.00000
