0.00000
0.00000
0.00000
0.00000
0.00000
0.00000
0.00000
0.04129
0.14305
0.28641
0.44617
0.59420
0.70447
0.75757
0.74417
0.66662
0.53857
0.38254
0.22598
0.00000
0.00000
0.00000
0.00000
0.00000
0.00000
0.00000
0.00000
0.00000
0.00000
0.00000
0.00000
0.04043
0.14010
0.28051
0.43697
0.58195
0.68994
0.74195
0.72883
0.65288
0.52746
0.37465
0.22132
0.00000
0.00000
0.00000
0.00000
0.00000
0.00000
0.00000
0.00000
0.00000
0.00000
0.00000
0.00000
0.04088
0.14163
0.28358
0.44175
0.58831
0.69749
0.75006
0.73680
0.66002
0.53323
0.37875
0.22374
0.00000
0.00000
0.00000
0.00000
0.00000
0.00000
0.00000
0.00000
0.00000
0.00000
0.00000
0.00000
0.03754
0.13006
0.26041
0.40565
0.54024
0.64050
0.68878
0.67660
0.60609
0.48967
0.34780
0.20546
0.00000
0.00000
0.00000
0.00000
0.00000
0.00000
0.00000
0.00000
0.00000
0.00000
0.00000
0.00000
0.04238
0.14683
0.29398
0.45795
0.60990
0.72308
0.77759
0.76383
0.68423
0.55280
0.39264
0.23195
0.00000
0.00000
0.00000
0.00000
0.00000
0.00000
0.00000
0.00000
0.00000
0.00000
0.00000
0.00000
0.02838
0.09831
0.19685
0.30664
0.40839
0.48417
0.52067
0.51146
0.45816
0.37015
0.26291
0.15531
0.00000
0.00000
0.00000
0.00000
0.00000
0.00000
0.00000
0.00000
0.00000
0.00000
0.00000
0.00000
0.04203
0.14561
0.29156
0.45418
0.60487
0.71711
0.77117
0.75753
0.67859
0.54824
0.38940
0.23004
0.00000
0.00000
0.00000
0.00000
0.00000
0.00000
0.00000
0.00000
0.00000
0.00000
0.00000
0.00000
0.04353
0.15081
0.30197
0.47039
0.62646
0.74272
0.79871
0.78458
0.70282
0.56781
0.40331
0.23825
0.00000
0.00000
0.00000
0.00000
0.00000
0.00000
0.00000
0.00000
0.00000
0.00000
0.00000
0.00000
0.04057
0.14057
0.28145
0.43844
0.58390
0.69226
0.74445
0.73128
0.65507
0.52924
0.37591
0.22207
0.00000
0.00000
0.00000
0.00000
0.00000
0.00000
0.00000
0.00000
0.00000
0.00000
0.00000
0.00000
0.03098
0.10735
0.21495
0.33484
0.44593
0.52868
0.56854
0.55848
0.50028
0.40418
0.28708
0.16959
0.00000
0.00000
0.00000
0.00000
0.00000
0.00000
0.00000
0.00000
0.00000
0.00000
0.00000
0.00000
0.02251
0.07799
0.15615
0.24324
0.32395
0.38406
0.41302
0.40571
0.36343
0.29362
0.20855
0.12320
0.00000
0.00000
0.00000
0.00000
0.00000
0.00000
0.00000
0.00000
0.00000
0.00000
0.00000
0.00000
0.03252
0.11269
0.22564
0.35149
0.46811
0.55498
0.59682
0.58626
0.52516
0.42428
0.30136
0.17803
0.00000
0.00000
0.00000
0.00000
0.00000
0.00000
0.00000
0.00000
0.00000
0.00000
0.00000
0.00000
0.02738
0.09487
0.18995
0.29590
0.39407
0.46720
0.50242
0.49353
0.44210
0.35718
0.25370
0.14987
0.00000
0.00000
0.00000
0.00000
0.00000
0.00000
0.00000
0.00000
0.00000
0.00000
0.00000
0.00000
0.04390
0.15211
0.30456
0.47443
0.63184
0.74909
0.80556
0.79131
0.70885
0.57268
0.40677
0.24029
0.00000
0.00000
0.00000
0.00000
0.00000
0.00000
0.00000
0.00000
0.00000
0.00000
0.00000
0.00000
0.03527
0.12222
0.24471
0.38120
0.50767
0.60189
0.64726
0.63581
0.56955
0.46014
0.32683
0.19307
0.00000
0.00000
0.00000
0.00000
0.00000
0.00000
0.00000
0.00000
0.00000
0.00000
0.00000
0.00000
0.04291
0.14867
0.29766
0.46369
0.61754
0.73214
0.78733
0.77340
0.69281
0.55972
0.39756
0.23486
0.00000
0.00000
0.00000
0.00000
0.00000
0.00000
0.00000
0.00000
0.00000
0.00000
0.00000
0.00000
0.03827
0.13259
0.26548
0.41355
0.55076
0.65297
0.70219
0.68977
0.61789
0.49920
0.35457
0.20946
0.00000
0.00000
0.00000
0.00000
0.00000
0.00000
0.00000
0.00000
0.00000
0.00000
0.00000
0.00000
0.02388
0.08275
0.16570
0.25812
0.34376
0.40755
0.43827
0.43052
0.38565
0.31157
0.22130
0.13073
0.00000
0.00000
0.00000
0.00000
0.00000
0.00000
0.00000
0.00000
0.00000
0.00000
0.00000
0.00000
0.04176
0.14468
0.28969
0.45127
0.60100
0.71253
0.76624
0.75269
0.67425
0.54473
0.38691
0.22857
0.00000
0.00000
0.00000
0.00000
0.00000
0.00000
0.00000
0.00000
0.00000
0.00000
0.00000
0.00000
0.03740
0.12957
0.25942
0.40412
0.53820
0.63808
0.68618
0.67405
0.60380
0.48782
0.34649
0.20469
0.00000
0.00000
0.00000
0.00000
0.00000
0.00000
0.00000
0.00000
0.00000
0.00000
0.00000
0.00000
0.04698
0.16279
0.32594
0.50774
0.67620
0.80169
0.86213
0.84688
0.75862
0.61290
0.43533
0.25717
0.00000
0.00000
0.00000
0.00000
0.00000
0.00000
0.00000
0.00000
0.00000
0.00000
0.00000
0.00000
0.04388
0.15204
0.30442
0.47422
0.63156
0.74876
0.80521
0.79097
0.70854
0.57243
0.40659
0.24019
0.00000
0.00000
0.00000
0.00000
0.00000
0.00000
0.00000
0.00000
0.00000
0.00000
0.00000
0.00000
0.04175
0.14467
0.28966
0.45123
0.60094
0.71245
0.76616
0.75261
0.67418
0.54467
0.38687
0.22854
0.00000
0.00000
0.00000
0.00000
0.00000
0.00000
0.00000
0.00000
0.00000
0.00000
0.00000
0.00000
0.03915
0.13564
0.27159
0.42308
0.56345
0.66801
0.71837
0.70566
0.63213
0.51070
0.36274
0.21429
0.00000
0.00000
0.00000
0.00000
0.00000
0.00000
0.00000
0.00000
0.00000
0.00000
0.00000
0.00000
0.04685
0.16234
0.32504
0.50634
0.67433
0.79947
0.85974
0.84453
0.75653
0.61120
0.43413
0.25646
0.00000
0.00000
0.00000
0.00000
0.00000
0.00000
0.00000
0.00000
0.00000
0.00000
0.00000
0.00000
0.03510
0.12163
0.24353
0.37936
0.50523
0.59898
0.64414
0.63274
0.56681
0.45793
0.32526
0.19214
0.00000
0.00000
0.00000
0.00000
0.00000
0.00000
0.00000
0.00000
0.00000
0.00000
0.00000
0.00000
0.05050
0.17498
0.35035
0.54577
0.72684
0.86173
0.92669
0.91030
0.81544
0.65879
0.46793
0.27643
0.00000
0.00000
0.00000
0.00000
0.00000
0.00000
0.00000
0.00000
0.00000
0.00000
0.00000
0.00000
0.03558
0.12327
0.24681
0.38448
0.51204
0.60706
0.65283
0.64128
0.57445
0.46410
0.32965
0.19474
0.00000
0.00000
0.00000
0.00000
0.00000
0.00000
0.00000
0.00000
0.00000
0.00000
0.00000
0.00000
0.03195
0.11068
0.22161
0.34522
0.45976
0.54508
0.58617
0.57581
0.51580
0.41672
0.29599
0.17485
0.00000
0.00000
0.00000
0.00000
0.00000
0.00000
0.00000
0.00000
0.00000
0.00000
0.00000
0.00000
0.04357
0.15097
0.30228
0.47088
0.62711
0.74348
0.79953
0.78539
0.70354
0.56840
0.40372
0.23850
0.00000
0.00000
0.00000
0.00000
0.00000
0.00000
0.00000
0.00000
0.00000
0.00000
0.00000
0.00000
0.03713
0.12866
0.25761
0.40130
0.53445
0.63363
0.68140
0.66934
0.59959
0.48441
0.34407
0.20326
0.00000
0.00000
0.00000
0.00000
0.00000
0.00000
0.00000
0.00000
0.00000
0.00000
0.00000
0.00000
0.00760
0.15366
0.32514
0.49875
0.65093
0.76099
0.81401
0.80277
0.72881
0.60216
0.44003
0.26444
0.09922
0.00000
0.00000
0.00000
0.00000
0.00000
0.00000
0.00000
0.00000
0.00000
0.00000
0.00000
0.00700
0.14161
0.29965
0.45965
0.59990
0.70134
0.75020
0.73984
0.67168
0.55496
0.40554
0.24371
0.09144
0.00000
0.00000
0.00000
0.00000
0.00000
0.00000
0.00000
0.00000
0.00000
0.00000
0.00000
0.00454
0.09177
0.19418
0.29787
0.38875
0.45449
0.48615
0.47944
0.43527
0.35963
0.26280
0.15793
0.05926
0.00000
0.00000
0.00000
0.00000
0.00000
0.00000
0.00000
0.00000
0.00000
0.00000
0.00000
0.00780
0.15768
0.33364
0.51180
0.66796
0.78091
0.83531
0.82378
0.74788
0.61792
0.45155
0.27136
0.10181
0.00000
0.00000
0.00000
0.00000
0.00000
0.00000
0.00000
0.00000
0.00000
0.00000
0.00000
0.00631
0.12763
0.27007
0.41428
0.54068
0.63211
0.67615
0.66682
0.60538
0.50018
0.36551
0.21965
0.08241
0.00000
0.00000
0.00000
0.00000
0.00000
0.00000
0.00000
0.00000
0.00000
0.00000
0.00000
0.00708
0.14305
0.30270
0.46434
0.60601
0.70848
0.75784
0.74738
0.67852
0.56061
0.40967
0.24619
0.09237
0.00000
0.00000
0.00000
0.00000
0.00000
0.00000
0.00000
0.00000
0.00000
0.00000
0.00000
0.00760
0.15373
0.32530
0.49900
0.65125
0.76138
0.81442
0.80318
0.72918
0.60247
0.44026
0.26457
0.09927
0.00000
0.00000
0.00000
0.00000
0.00000
0.00000
0.00000
0.00000
0.00000
0.00000
0.00000
0.00748
0.15116
0.31986
0.49066
0.64037
0.74865
0.80081
0.78975
0.71699
0.59240
0.43290
0.26015
0.09761
0.00000
0.00000
0.00000
0.00000
0.00000
0.00000
0.00000
0.00000
0.00000
0.00000
0.00000
0.00764
0.15452
0.32696
0.50155
0.65458
0.76527
0.81858
0.80728
0.73290
0.60554
0.44250
0.26592
0.09978
0.00000
0.00000
0.00000
0.00000
0.00000
0.00000
0.00000
0.00000
0.00000
0.00000
0.00000
0.00460
0.09301
0.19680
0.30189
0.39400
0.46063
0.49272
0.48591
0.44114
0.36449
0.26635
0.16006
0.06006
0.00000
0.00000
0.00000
0.00000
0.00000
0.00000
0.00000
0.00000
0.00000
0.00000
0.00000
0.00720
0.14557
0.30803
0.47251
0.61667
0.72095
0.77118
0.76053
0.69046
0.57048
0.41688
0.25052
0.09400
0.00000
0.00000
0.00000
0.00000
0.00000
0.00000
0.00000
0.00000
0.00000
0.00000
0.00000
0.00723
0.14610
0.30915
0.47423
0.61892
0.72358
0.77399
0.76330
0.69298
0.57256
0.41840
0.25144
0.09434
0.00000
0.00000
0.00000
0.00000
0.00000
0.00000
0.00000
0.00000
0.00000
0.00000
0.00000
0.00743
0.15029
0.31802
0.48784
0.63668
0.74434
0.79620
0.78521
0.71286
0.58899
0.43040
0.25865
0.09705
0.00000
0.00000
0.00000
0.00000
0.00000
0.00000
0.00000
0.00000
0.00000
0.00000
0.00000
0.00626
0.12652
0.26770
0.41065
0.53595
0.62657
0.67022
0.66097
0.60007
0.49580
0.36231
0.21773
0.08169
0.00000
0.00000
0.00000
0.00000
0.00000
0.00000
0.00000
0.00000
0.00000
0.00000
0.00000
0.00805
0.16271
0.34428
0.52812
0.68926
0.80581
0.86195
0.85005
0.77173
0.63762
0.46595
0.28001
0.10506
0.00000
0.00000
0.00000
0.00000
0.00000
0.00000
0.00000
0.00000
0.00000
0.00000
0.00000
0.00755
0.15260
0.32289
0.49531
0.64643
0.75574
0.80839
0.79723
0.72378
0.59801
0.43700
0.26261
0.09853
0.00000
0.00000
0.00000
0.00000
0.00000
0.00000
0.00000
0.00000
0.00000
0.00000
0.00000
0.00536
0.10841
0.22940
0.35190
0.45927
0.53693
0.57433
0.56641
0.51422
0.42486
0.31047
0.18658
0.07000
0.00000
0.00000
0.00000
0.00000
0.00000
0.00000
0.00000
0.00000
0.00000
0.00000
0.00000
0.00700
0.14161
0.29963
0.45963
0.59987
0.70131
0.75016
0.73981
0.67165
0.55493
0.40552
0.24370
0.09144
0.00000
0.00000
0.00000
0.00000
0.00000
0.00000
0.00000
0.00000
0.00000
0.00000
0.00000
0.00557
0.11268
0.23843
0.36575
0.47734
0.55806
0.59694
0.58870
0.53446
0.44158
0.32269
0.19392
0.07276
0.00000
0.00000
0.00000
0.00000
0.00000
0.00000
0.00000
0.00000
0.00000
0.00000
0.00000
0.00740
0.14966
0.31669
0.48579
0.63401
0.74122
0.79286
0.78191
0.70987
0.58652
0.42860
0.25756
0.09664
0.00000
0.00000
0.00000
0.00000
0.00000
0.00000
0.00000
0.00000
0.00000
0.00000
0.00000
0.00622
0.12569
0.26595
0.40797
0.53244
0.62247
0.66584
0.65665
0.59615
0.49255
0.35994
0.21630
0.08116
0.00000
0.00000
0.00000
0.00000
0.00000
0.00000
0.00000
0.00000
0.00000
0.00000
0.00000
0.00565
0.11413
0.24150
0.37045
0.48348
0.56524
0.60462
0.59627
0.54133
0.44726
0.32684
0.19641
0.07370
0.00000
0.00000
0.00000
0.00000
0.00000
0.00000
0.00000
0.00000
0.00000
0.00000
0.00000
0.00653
0.13200
0.27931
0.42846
0.55918
0.65374
0.69928
0.68963
0.62609
0.51729
0.37801
0.22717
0.08523
0.00000
0.00000
0.00000
0.00000
0.00000
0.00000
0.00000
0.00000
0.00000
0.00000
0.00000
0.00672
0.13590
0.28755
0.44110
0.57568
0.67303
0.71992
0.70998
0.64457
0.53256
0.38917
0.23387
0.08775
0.00000
0.00000
0.00000
0.00000
0.00000
0.00000
0.00000
0.00000
0.00000
0.00000
0.00000
0.00751
0.15179
0.32118
0.49268
0.64300
0.75173
0.80410
0.79300
0.71993
0.59483
0.43467
0.26122
0.09801
0.00000
0.00000
0.00000
0.00000
0.00000
0.00000
0.00000
0.00000
0.00000
0.00000
0.00000
0.00705
0.14258
0.30169
0.46279
0.60399
0.70612
0.75531
0.74488
0.67625
0.55874
0.40830
0.24537
0.09206
0.00000
0.00000
0.00000
0.00000
0.00000
0.00000
0.00000
0.00000
0.00000
0.00000
0.00000
0.00790
0.15974
0.33801
0.51851
0.67671
0.79113
0.84625
0.83457
0.75767
0.62601
0.45746
0.27491
0.10315
0.00000
0.00000
0.00000
0.00000
0.00000
0.00000
0.00000
0.00000
0.00000
0.00000
0.00000
0.00718
0.14510
0.30703
0.47098
0.61468
0.71862
0.76868
0.75807
0.68823
0.56863
0.41553
0.24971
0.09369
0.00000
0.00000
0.00000
0.00000
0.00000
0.00000
0.00000
0.00000
0.00000
0.00000
0.00502
0.04805
0.14710
0.28488
0.43732
0.57780
0.68178
0.73110
0.71714
0.64234
0.51977
0.37083
0.22155
0.09799
0.00000
0.00000
0.00000
0.00000
0.00000
0.00000
0.00000
0.00000
0.00000
0.00000
0.00531
0.05083
0.15563
0.30141
0.46269
0.61132
0.72133
0.77350
0.75873
0.67960
0.54992
0.39234
0.23440
0.10367
0.00000
0.00000
0.00000
0.00000
0.00000
0.00000
0.00000
0.00000
0.00000
0.00000
0.00515
0.04924
0.15076
0.29196
0.44819
0.59216
0.69872
0.74926
0.73495
0.65830
0.53268
0.38005
0.22705
0.10042
0.00000
0.00000
0.00000
0.00000
0.00000
0.00000
0.00000
0.00000
0.00000
0.00000
0.00574
0.05491
0.16811
0.32557
0.49978
0.66032
0.77915
0.83550
0.81955
0.73407
0.59400
0.42379
0.25319
0.11198
0.00000
0.00000
0.00000
0.00000
0.00000
0.00000
0.00000
0.00000
0.00000
0.00000
0.00372
0.03558
0.10892
0.21093
0.32381
0.42782
0.50481
0.54132
0.53099
0.47560
0.38485
0.27457
0.16404
0.07255
0.00000
0.00000
0.00000
0.00000
0.00000
0.00000
0.00000
0.00000
0.00000
0.00000
0.00409
0.03913
0.11981
0.23204
0.35620
0.47062
0.55531
0.59548
0.58411
0.52318
0.42335
0.30204
0.18045
0.07981
0.00000
0.00000
0.00000
0.00000
0.00000
0.00000
0.00000
0.00000
0.00000
0.00000
0.00474
0.04533
0.13879
0.26878
0.41260
0.54514
0.64324
0.68977
0.67660
0.60603
0.49039
0.34987
0.20902
0.09245
0.00000
0.00000
0.00000
0.00000
0.00000
0.00000
0.00000
0.00000
0.00000
0.00000
0.00518
0.04955
0.15169
0.29376
0.45096
0.59581
0.70303
0.75388
0.73949
0.66236
0.53597
0.38239
0.22845
0.10104
0.00000
0.00000
0.00000
0.00000
0.00000
0.00000
0.00000
0.00000
0.00000
0.00000
0.00386
0.03696
0.11314
0.21912
0.33637
0.44442
0.52439
0.56232
0.55158
0.49405
0.39978
0.28522
0.17040
0.07537
0.00000
0.00000
0.00000
0.00000
0.00000
0.00000
0.00000
0.00000
0.00000
0.00000
0.00376
0.03595
0.11006
0.21314
0.32720
0.43230
0.51009
0.54699
0.53654
0.48058
0.38888
0.27745
0.16576
0.07331
0.00000
0.00000
0.00000
0.00000
0.00000
0.00000
0.00000
0.00000
0.00000
0.00000
0.00439
0.04198
0.12851
0.24889
0.38207
0.50480
0.59564
0.63872
0.62653
0.56118
0.45409
0.32398
0.19355
0.08561
0.00000
0.00000
0.00000
0.00000
0.00000
0.00000
0.00000
0.00000
0.00000
0.00000
0.00521
0.04980
0.15246
0.29526
0.45325
0.59885
0.70661
0.75772
0.74325
0.66573
0.53870
0.38434
0.22962
0.10155
0.00000
0.00000
0.00000
0.00000
0.00000
0.00000
0.00000
0.00000
0.00000
0.00000
0.00379
0.03629
0.11109
0.21515
0.33028
0.43637
0.51490
0.55215
0.54160
0.48511
0.39254
0.28006
0.16732
0.07400
0.00000
0.00000
0.00000
0.00000
0.00000
0.00000
0.00000
0.00000
0.00000
0.00000
0.00515
0.04922
0.15069
0.29184
0.44801
0.59192
0.69844
0.74896
0.73465
0.65803
0.53246
0.37989
0.22696
0.10038
0.00000
0.00000
0.00000
0.00000
0.00000
0.00000
0.00000
0.00000
0.00000
0.00000
0.00367
0.03513
0.10754
0.20827
0.31972
0.42242
0.49844
0.53449
0.52429
0.46960
0.37999
0.27111
0.16197
0.07164
0.00000
0.00000
0.00000
0.00000
0.00000
0.00000
0.00000
0.00000
0.00000
0.00000
0.00591
0.05652
0.17303
0.33510
0.51442
0.67966
0.80197
0.85998
0.84356
0.75557
0.61139
0.43620
0.26060
0.11526
0.00000
0.00000
0.00000
0.00000
0.00000
0.00000
0.00000
0.00000
0.00000
0.00000
0.00540
0.05166
0.15817
0.30631
0.47022
0.62127
0.73307
0.78609
0.77108
0.69066
0.55887
0.39873
0.23821
0.10536
0.00000
0.00000
0.00000
0.00000
0.00000
0.00000
0.00000
0.00000
0.00000
0.00000
0.00568
0.05433
0.16633
0.32211
0.49448
0.65332
0.77089
0.82665
0.81086
0.72629
0.58770
0.41930
0.25050
0.11079
0.00000
0.00000
0.00000
0.00000
0.00000
0.00000
0.00000
0.00000
0.00000
0.00000
0.00435
0.04165
0.12752
0.24696
0.37911
0.50089
0.59103
0.63378
0.62168
0.55684
0.45058
0.32147
0.19206
0.08494
0.00000
0.00000
0.00000
0.00000
0.00000
0.00000
0.00000
0.00000
0.00000
0.00000
0.00565
0.05401
0.16535
0.32023
0.49159
0.64950
0.76639
0.82182
0.80613
0.72205
0.58427
0.41685
0.24904
0.11015
0.00000
0.00000
0.00000
0.00000
0.00000
0.00000
0.00000
0.00000
0.00000
0.00000
0.00569
0.05447
0.16677
0.32297
0.49580
0.65506
0.77294
0.82885
0.81302
0.72822
0.58926
0.42041
0.25117
0.11109
0.00000
0.00000
0.00000
0.00000
0.00000
0.00000
0.00000
0.00000
0.00000
0.00000
0.00517
0.04948
0.15148
0.29337
0.45035
0.59501
0.70208
0.75287
0.73849
0.66147
0.53525
0.38188
0.22814
0.10090
0.00000
0.00000
0.00000
0.00000
0.00000
0.00000
0.00000
0.00000
0.00000
0.00000
0.00513
0.04903
0.15009
0.29068
0.44623
0.58956
0.69566
0.74598
0.73173
0.65541
0.53035
0.37838
0.22606
0.09998
0.00000
0.00000
0.00000
0.00000
0.00000
0.00000
0.00000
0.00000
0.00000
0.00000
0.00373
0.03571
0.10934
0.21175
0.32505
0.42947
0.50675
0.54341
0.53303
0.47743
0.38633
0.27563
0.16467
0.07283
0.00000
0.00000
0.00000
0.00000
0.00000
0.00000
0.00000
0.00000
0.00000
0.00000
0.00453
0.04335
0.13270
0.25700
0.39452
0.52126
0.61506
0.65955
0.64695
0.57947
0.46890
0.33454
0.19986
0.08840
0.00000
0.00000
0.00000
0.00000
0.00000
0.00000
0.00000
0.00000
0.00000
0.00000
0.00337
0.03228
0.09883
0.19140
0.29382
0.38821
0.45807
0.49120
0.48182
0.43157
0.34921
0.24915
0.14885
0.06583
0.00000
0.00000
0.00000
0.00000
0.00000
0.00000
0.00000
0.00000
0.00000
0.00000
0.00481
0.04599
0.14081
0.27270
0.41862
0.55309
0.65262
0.69982
0.68646
0.61486
0.49753
0.35497
0.21207
0.09379
0.00000
0.00000
0.00000
0.00000
0.00000
0.00000
0.00000
0.00000
0.00000
0.00000
0.00386
0.03693
0.11307
0.21897
0.33615
0.44413
0.52405
0.56196
0.55123
0.49373
0.39952
0.28504
0.17029
0.07532
0.00000
0.00000
0.00000
0.00000
0.00000
0.00000
0.00000
0.00000
0.00000
0.00000
0.00261
0.02499
0.07650
0.14815
0.22743
0.30049
0.35456
0.38021
0.37295
0.33405
0.27031
0.19285
0.11522
0.05096
0.00000
0.00000
0.00000
0.00000
0.00000
0.00000
0.00000
0.00000
0.00000
0.00000
0.00626
0.05985
0.18322
0.35484
0.54471
0.71969
0.84920
0.91063
0.89324
0.80007
0.64740
0.46189
0.27595
0.12205
0.00000
0.00000
0.00000
0.00000
0.00000
0.00000
0.00000
0.00000
0.00000
0.00000
0.00340
0.03249
0.09948
0.19266
0.29575
0.39075
0.46107
0.49442
0.48498
0.43439
0.35150
0.25078
0.14983
0.06627
0.00000
0.00000
0.00000
0.00000
0.00000
0.00000
0.00000
0.00000
0.00000
0.00000
0.00000
0.03934
0.12542
0.24190
0.36923
0.48602
0.57266
0.61459
0.60476
0.54484
0.44489
0.32169
0.19593
0.00000
0.00000
0.00000
0.00000
0.00000
0.00000
0.00000
0.00000
0.00000
0.00000
0.00000
0.00000
0.04234
0.13499
0.26036
0.39741
0.52311
0.61635
0.66148
0.65091
0.58641
0.47883
0.34623
0.21088
0.00000
0.00000
0.00000
0.00000
0.00000
0.00000
0.00000
0.00000
0.00000
0.00000
0.00000
0.00000
0.03257
0.10382
0.20025
0.30566
0.40234
0.47406
0.50877
0.50064
0.45104
0.36829
0.26630
0.16219
0.00000
0.00000
0.00000
0.00000
0.00000
0.00000
0.00000
0.00000
0.00000
0.00000
0.00000
0.00000
0.05233
0.16683
0.32179
0.49117
0.64652
0.76177
0.81754
0.80447
0.72477
0.59180
0.42791
0.26063
0.00000
0.00000
0.00000
0.00000
0.00000
0.00000
0.00000
0.00000
0.00000
0.00000
0.00000
0.00000
0.04604
0.14676
0.28308
0.43209
0.56876
0.67014
0.71920
0.70771
0.63759
0.52062
0.37644
0.22928
0.00000
0.00000
0.00000
0.00000
0.00000
0.00000
0.00000
0.00000
0.00000
0.00000
0.00000
0.00000
0.02674
0.08524
0.16440
0.25094
0.33031
0.38919
0.41769
0.41101
0.37029
0.30236
0.21863
0.13316
0.00000
0.00000
0.00000
0.00000
0.00000
0.00000
0.00000
0.00000
0.00000
0.00000
0.00000
0.00000
0.04046
0.12900
0.24881
0.37977
0.49990
0.58900
0.63213
0.62202
0.56039
0.45759
0.33087
0.20152
0.00000
0.00000
0.00000
0.00000
0.00000
0.00000
0.00000
0.00000
0.00000
0.00000
0.00000
0.00000
0.04007
0.12776
0.24642
0.37612
0.49509
0.58334
0.62605
0.61605
0.55501
0.45319
0.32769
0.19958
0.00000
0.00000
0.00000
0.00000
0.00000
0.00000
0.00000
0.00000
0.00000
0.00000
0.00000
0.00000
0.04498
0.14342
0.27662
0.42223
0.55578
0.65484
0.70279
0.69156
0.62304
0.50874
0.36785
0.22405
0.00000
0.00000
0.00000
0.00000
0.00000
0.00000
0.00000
0.00000
0.00000
0.00000
0.00000
0.00000
0.04290
0.13678
0.26382
0.40268
0.53005
0.62454
0.67026
0.65955
0.59420
0.48519
0.35083
0.21368
0.00000
0.00000
0.00000
0.00000
0.00000
0.00000
0.00000
0.00000
0.00000
0.00000
0.00000
0.00000
0.04745
0.15129
0.29181
0.44540
0.58629
0.69079
0.74137
0.72952
0.65724
0.53666
0.38805
0.23635
0.00000
0.00000
0.00000
0.00000
0.00000
0.00000
0.00000
0.00000
0.00000
0.00000
0.00000
0.00000
0.04166
0.13283
0.25620
0.39105
0.51474
0.60649
0.65090
0.64050
0.57703
0.47117
0.34069
0.20750
0.00000
0.00000
0.00000
0.00000
0.00000
0.00000
0.00000
0.00000
0.00000
0.00000
0.00000
0.00000
0.04078
0.13001
0.25076
0.38276
0.50383
0.59363
0.63710
0.62692
0.56480
0.46118
0.33347
0.20310
0.00000
0.00000
0.00000
0.00000
0.00000
0.00000
0.00000
0.00000
0.00000
0.00000
0.00000
0.00000
0.04022
0.12824
0.24734
0.37753
0.49695
0.58553
0.62840
0.61836
0.55709
0.45489
0.32892
0.20033
0.00000
0.00000
0.00000
0.00000
0.00000
0.00000
0.00000
0.00000
0.00000
0.00000
0.00000
0.00000
0.03833
0.12221
0.23572
0.35980
0.47361
0.55803
0.59889
0.58932
0.53093
0.43352
0.31347
0.19092
0.00000
0.00000
0.00000
0.00000
0.00000
0.00000
0.00000
0.00000
0.00000
0.00000
0.00000
0.00000
0.05714
0.18218
0.35139
0.53635
0.70601
0.83185
0.89276
0.87849
0.79145
0.64625
0.46728
0.28461
0.00000
0.00000
0.00000
0.00000
0.00000
0.00000
0.00000
0.00000
0.00000
0.00000
0.00000
0.00000
0.04566
0.14555
0.28074
0.42852
0.56406
0.66461
0.71327
0.70187
0.63233
0.51632
0.37334
0.22739
0.00000
0.00000
0.00000
0.00000
0.00000
0.00000
0.00000
0.00000
0.00000
0.00000
0.00000
0.00000
0.03651
0.11639
0.22450
0.34267
0.45106
0.53146
0.57037
0.56125
0.50564
0.41288
0.29854
0.18183
0.00000
0.00000
0.00000
0.00000
0.00000
0.00000
0.00000
0.00000
0.00000
0.00000
0.00000
0.00000
0.03351
0.10684
0.20608
0.31456
0.41405
0.48786
0.52358
0.51521
0.46416
0.37901
0.27405
0.16691
0.00000
0.00000
0.00000
0.00000
0.00000
0.00000
0.00000
0.00000
0.00000
0.00000
0.00000
0.00000
0.03746
0.11942
0.23034
0.35158
0.46279
0.54528
0.58520
0.57585
0.51879
0.42362
0.30630
0.18656
0.00000
0.00000
0.00000
0.00000
0.00000
0.00000
0.00000
0.00000
0.00000
0.00000
0.00000
0.00000
0.04555
0.14521
0.28009
0.42752
0.56274
0.66305
0.71160
0.70022
0.63084
0.51511
0.37246
0.22685
0.00000
0.00000
0.00000
0.00000
0.00000
0.00000
0.00000
0.00000
0.00000
0.00000
0.00000
0.00000
0.04027
0.12838
0.24762
0.37796
0.49750
0.58618
0.62910
0.61905
0.55771
0.45540
0.32928
0.20055
0.00000
0.00000
0.00000
0.00000
0.00000
0.00000
0.00000
0.00000
0.00000
0.00000
0.00000
0.00000
0.03942
0.12567
0.24240
0.36999
0.48702
0.57383
0.61584
0.60600
0.54596
0.44580
0.32234
0.19633
0.00000
0.00000
0.00000
0.00000
0.00000
0.00000
0.00000
0.00000
0.00000
0.00000
0.00000
0.00000
0.04828
0.15393
0.29690
0.45318
0.59652
0.70285
0.75431
0.74226
0.66871
0.54603
0.39482
0.24047
0.00000
0.00000
0.00000
0.00000
0.00000
0.00000
0.00000
0.00000
0.00000
0.00000
0.00000
0.00000
0.03936
0.12547
0.24201
0.36940
0.48624
0.57291
0.61486
0.60504
0.54509
0.44509
0.32183
0.19601
0.00000
0.00000
0.00000
0.00000
0.00000
0.00000
0.00000
0.00000
0.00000
0.00000
0.00000
0.00000
0.04052
0.12919
0.24918
0.38034
0.50065
0.58989
0.63308
0.62296
0.56124
0.45827
0.33136
0.20182
0.00000
0.00000
0.00000
0.00000
0.00000
0.00000
0.00000
0.00000
0.00000
0.00000
0.00000
0.00000
0.04142
0.13206
0.25472
0.38880
0.51178
0.60300
0.64715
0.63681
0.57372
0.46846
0.33873
0.20631
0.00000
0.00000
0.00000
0.00000
0.00000
0.00000
0.00000
0.00000
0.00000
0.00000
0.00000
0.00000
0.01232
0.03927
0.07574
0.11561
0.15218
0.17930
0.19243
0.18936
0.17059
0.13930
0.10072
0.06135
0.00000
0.00000
0.00000
0.00000
0.00000
0.00000
0.00000
0.00000
0.00000
0.00000
0.00000
0.00000
0.03045
0.09707
0.18723
0.28578
0.37617
0.44323
0.47568
0.46808
0.42170
0.34434
0.24898
0.15164
0.00000
0.00000
0.00000
0.00000
0.00000
0.00000
0.00000
0.00000
0.00000
0.00000
0.00000
0.00000
0.04449
0.14182
0.27355
0.41754
0.54960
0.64757
0.69498
0.68388
0.61612
0.50309
0.36377
0.22156
0.00000
0.00000
0.00000
0.00000
0.00000
0.00000
0.00000
0.00000
0.00000
0.00000
0.00000
0.00205
0.04633
0.12216
0.21794
0.31902
0.40995
0.47683
0.50943
0.50276
0.45785
0.38156
0.28556
0.18452
0.00000
0.00000
0.00000
0.00000
0.00000
0.00000
0.00000
0.00000
0.00000
0.00000
0.00000
0.00181
0.04081
0.10759
0.19193
0.28095
0.36104
0.41993
0.44864
0.44277
0.40322
0.33603
0.25148
0.16250
0.00000
0.00000
0.00000
0.00000
0.00000
0.00000
0.00000
0.00000
0.00000
0.00000
0.00000
0.00290
0.06543
0.17250
0.30774
0.45047
0.57887
0.67331
0.71934
0.70992
0.64650
0.53878
0.40322
0.26055
0.00000
0.00000
0.00000
0.00000
0.00000
0.00000
0.00000
0.00000
0.00000
0.00000
0.00000
0.00179
0.04035
0.10638
0.18978
0.27780
0.35698
0.41522
0.44360
0.43780
0.39869
0.33226
0.24866
0.16068
0.00000
0.00000
0.00000
0.00000
0.00000
0.00000
0.00000
0.00000
0.00000
0.00000
0.00000
0.00242
0.05462
0.14401
0.25691
0.37607
0.48326
0.56209
0.60052
0.59266
0.53972
0.44979
0.33662
0.21752
0.00000
0.00000
0.00000
0.00000
0.00000
0.00000
0.00000
0.00000
0.00000
0.00000
0.00000
0.00249
0.05626
0.14832
0.26461
0.38733
0.49773
0.57893
0.61851
0.61041
0.55588
0.46326
0.34670
0.22403
0.00000
0.00000
0.00000
0.00000
0.00000
0.00000
0.00000
0.00000
0.00000
0.00000
0.00000
0.00236
0.05327
0.14043
0.25054
0.36674
0.47127
0.54815
0.58562
0.57796
0.52633
0.43863
0.32827
0.21212
0.00000
0.00000
0.00000
0.00000
0.00000
0.00000
0.00000
0.00000
0.00000
0.00000
0.00000
0.00262
0.05928
0.15628
0.27881
0.40813
0.52446
0.61002
0.65172
0.64319
0.58573
0.48813
0.36532
0.23606
0.00000
0.00000
0.00000
0.00000
0.00000
0.00000
0.00000
0.00000
0.00000
0.00000
0.00000
0.00262
0.05921
0.15610
0.27848
0.40765
0.52384
0.60929
0.65095
0.64243
0.58504
0.48755
0.36488
0.23578
0.00000
0.00000
0.00000
0.00000
0.00000
0.00000
0.00000
0.00000
0.00000
0.00000
0.00000
0.00257
0.05798
0.15286
0.27270
0.39918
0.51296
0.59664
0.63743
0.62909
0.57289
0.47743
0.35731
0.23088
0.00000
0.00000
0.00000
0.00000
0.00000
0.00000
0.00000
0.00000
0.00000
0.00000
0.00000
0.00268
0.06058
0.15973
0.28495
0.41712
0.53601
0.62345
0.66607
0.65736
0.59863
0.49889
0.37336
0.24126
0.00000
0.00000
0.00000
0.00000
0.00000
0.00000
0.00000
0.00000
0.00000
0.00000
0.00000
0.00270
0.06099
0.16080
0.28688
0.41993
0.53963
0.62766
0.67057
0.66179
0.60267
0.50225
0.37588
0.24289
0.00000
0.00000
0.00000
0.00000
0.00000
0.00000
0.00000
0.00000
0.00000
0.00000
0.00000
0.00117
0.02632
0.06939
0.12380
0.18121
0.23286
0.27085
0.28937
0.28558
0.26007
0.21674
0.16220
0.10481
0.00000
0.00000
0.00000
0.00000
0.00000
0.00000
0.00000
0.00000
0.00000
0.00000
0.00000
0.00272
0.06143
0.16197
0.28896
0.42298
0.54355
0.63222
0.67544
0.66660
0.60705
0.50590
0.37861
0.24465
0.00000
0.00000
0.00000
0.00000
0.00000
0.00000
0.00000
0.00000
0.00000
0.00000
0.00000
0.00177
0.03997
0.10539
0.18802
0.27523
0.35368
0.41138
0.43950
0.43375
0.39500
0.32918
0.24636
0.15919
0.00000
0.00000
0.00000
0.00000
0.00000
0.00000
0.00000
0.00000
0.00000
0.00000
0.00000
0.00255
0.05767
0.15204
0.27125
0.39705
0.51023
0.59346
0.63403
0.62573
0.56984
0.47489
0.35540
0.22965
0.00000
0.00000
0.00000
0.00000
0.00000
0.00000
0.00000
0.00000
0.00000
0.00000
0.00000
0.00221
0.04985
0.13144
0.23449
0.34324
0.44108
0.51303
0.54810
0.54093
0.49261
0.41053
0.30724
0.19853
0.00000
0.00000
0.00000
0.00000
0.00000
0.00000
0.00000
0.00000
0.00000
0.00000
0.00000
0.00285
0.06439
0.16976
0.30285
0.44331
0.56967
0.66260
0.70790
0.69864
0.63623
0.53021
0.39681
0.25641
0.00000
0.00000
0.00000
0.00000
0.00000
0.00000
0.00000
0.00000
0.00000
0.00000
0.00000
0.00252
0.05687
0.14993
0.26747
0.39153
0.50313
0.58520
0.62521
0.61703
0.56191
0.46828
0.35046
0.22646
0.00000
0.00000
0.00000
0.00000
0.00000
0.00000
0.00000
0.00000
0.00000
0.00000
0.00000
0.00260
0.05873
0.15484
0.27624
0.40437
0.51963
0.60439
0.64571
0.63726
0.58033
0.48363
0.36195
0.23388
0.00000
0.00000
0.00000
0.00000
0.00000
0.00000
0.00000
0.00000
0.00000
0.00000
0.00000
0.00196
0.04438
0.11701
0.20875
0.30557
0.39267
0.45673
0.48795
0.48156
0.43854
0.36547
0.27352
0.17674
0.00000
0.00000
0.00000
0.00000
0.00000
0.00000
0.00000
0.00000
0.00000
0.00000
0.00000
0.00237
0.05353
0.14114
0.25180
0.36859
0.47365
0.55092
0.58858
0.58088
0.52899
0.44085
0.32993
0.21319
0.00000
0.00000
0.00000
0.00000
0.00000
0.00000
0.00000
0.00000
0.00000
0.00000
0.00000
0.00199
0.04488
0.11832
0.21109
0.30899
0.39706
0.46184
0.49341
0.48695
0.44345
0.36956
0.27658
0.17872
0.00000
0.00000
0.00000
0.00000
0.00000
0.00000
0.00000
0.00000
0.00000
0.00000
0.00000
0.00260
0.05876
0.15492
0.27638
0.40456
0.51988
0.60469
0.64603
0.63757
0.58062
0.48387
0.36213
0.23400
0.00000
0.00000
0.00000
0.00000
0.00000
0.00000
0.00000
0.00000
0.00000
0.00000
0.00000
0.00135
0.03052
0.08047
0.14356
0.21015
0.27005
0.31410
0.33557
0.33118
0.30160
0.25134
0.18810
0.12155
0.00000
0.00000
0.00000
0.00000
0.00000
0.00000
0.00000
0.00000
0.00000
0.00000
0.00000
0.00175
0.03963
0.10450
0.18642
0.27289
0.35067
0.40788
0.43576
0.43006
0.39164
0.32638
0.24426
0.15784
0.00000
0.00000
0.00000
0.00000
0.00000
0.00000
0.00000
0.00000
0.00000
0.00000
0.00000
0.00227
0.05117
0.13492
0.24070
0.35234
0.45276
0.52662
0.56263
0.55526
0.50566
0.42140
0.31538
0.20379
0.00000
0.00000
0.00000
0.00000
0.00000
0.00000
0.00000
0.00000
0.00000
0.00000
0.00000
0.00255
0.05750
0.15161
0.27047
0.39591
0.50876
0.59176
0.63221
0.62394
0.56820
0.47352
0.35438
0.22899
0.00000
0.00000
0.00000
0.00000
0.00000
0.00000
0.00000
0.00000
0.00000
0.00000
0.00000
0.00214
0.04842
0.12765
0.22774
0.33337
0.42839
0.49827
0.53233
0.52537
0.47843
0.39871
0.29840
0.19282
0.00000
0.00000
0.00000
0.00000
0.00000
0.00000
0.00000
0.00000
0.00000
0.00000
0.00000
0.00277
0.06257
0.16497
0.29432
0.43082
0.55362
0.64394
0.68796
0.67895
0.61830
0.51528
0.38563
0.24919
0.00000
0.00000
0.00000
0.00000
0.00000
0.00000
0.00000
0.00000
0.00000
0.00000
0.00000
0.00281
0.06356
0.16757
0.29895
0.43760
0.56233
0.65406
0.69878
0.68963
0.62803
0.52338
0.39170
0.25310
0.00000
0.00000
0.00000
0.00000
0.00000
0.00000
0.00000
0.00000
0.00000
0.00000
0.00000
0.01254
0.07753
0.18018
0.30575
0.43619
0.55274
0.63865
0.68158
0.67534
0.62085
0.52592
0.40421
0.27322
0.00000
0.00000
0.00000
0.00000
0.00000
0.00000
0.00000
0.00000
0.00000
0.00000
0.00000
0.01163
0.07187
0.16703
0.28344
0.40435
0.51240
0.59204
0.63183
0.62605
0.57553
0.48754
0.37471
0.25328
0.00000
0.00000
0.00000
0.00000
0.00000
0.00000
0.00000
0.00000
0.00000
0.00000
0.00000
0.00980
0.06056
0.14075
0.23884
0.34073
0.43177
0.49888
0.53241
0.52754
0.48497
0.41082
0.31575
0.21342
0.00000
0.00000
0.00000
0.00000
0.00000
0.00000
0.00000
0.00000
0.00000
0.00000
0.00000
0.01354
0.08372
0.19457
0.33016
0.47101
0.59687
0.68964
0.73599
0.72926
0.67041
0.56791
0.43649
0.29503
0.00000
0.00000
0.00000
0.00000
0.00000
0.00000
0.00000
0.00000
0.00000
0.00000
0.00000
0.01162
0.07179
0.16685
0.28313
0.40391
0.51184
0.59139
0.63114
0.62537
0.57490
0.48700
0.37430
0.25300
0.00000
0.00000
0.00000
0.00000
0.00000
0.00000
0.00000
0.00000
0.00000
0.00000
0.00000
0.01035
0.06400
0.14873
0.25239
0.36006
0.45626
0.52718
0.56261
0.55747
0.51248
0.43413
0.33366
0.22553
0.00000
0.00000
0.00000
0.00000
0.00000
0.00000
0.00000
0.00000
0.00000
0.00000
0.00000
0.01455
0.08995
0.20906
0.35475
0.50609
0.64132
0.74100
0.79080
0.78357
0.72034
0.61020
0.46899
0.31700
0.00000
0.00000
0.00000
0.00000
0.00000
0.00000
0.00000
0.00000
0.00000
0.00000
0.00000
0.01206
0.07453
0.17321
0.29391
0.41930
0.53134
0.61392
0.65518
0.64919
0.59680
0.50556
0.38856
0.26264
0.00000
0.00000
0.00000
0.00000
0.00000
0.00000
0.00000
0.00000
0.00000
0.00000
0.00000
0.00972
0.06007
0.13960
0.23689
0.33795
0.42826
0.49482
0.52808
0.52325
0.48103
0.40748
0.31318
0.21169
0.00000
0.00000
0.00000
0.00000
0.00000
0.00000
0.00000
0.00000
0.00000
0.00000
0.00000
0.01263
0.07808
0.18148
0.30795
0.43932
0.55671
0.64324
0.68647
0.68019
0.62531
0.52970
0.40712
0.27518
0.00000
0.00000
0.00000
0.00000
0.00000
0.00000
0.00000
0.00000
0.00000
0.00000
0.00000
0.00620
0.03833
0.08909
0.15118
0.21568
0.27330
0.31578
0.33701
0.33393
0.30698
0.26004
0.19986
0.13509
0.00000
0.00000
0.00000
0.00000
0.00000
0.00000
0.00000
0.00000
0.00000
0.00000
0.00000
0.00677
0.04182
0.09719
0.16493
0.23529
0.29816
0.34450
0.36765
0.36429
0.33489
0.28369
0.21804
0.14738
0.00000
0.00000
0.00000
0.00000
0.00000
0.00000
0.00000
0.00000
0.00000
0.00000
0.00000
0.01158
0.07158
0.16635
0.28228
0.40271
0.51031
0.58963
0.62926
0.62350
0.57319
0.48555
0.37319
0.25224
0.00000
0.00000
0.00000
0.00000
0.00000
0.00000
0.00000
0.00000
0.00000
0.00000
0.00000
0.01053
0.06511
0.15132
0.25678
0.36632
0.46420
0.53635
0.57240
0.56716
0.52140
0.44168
0.33946
0.22945
0.00000
0.00000
0.00000
0.00000
0.00000
0.00000
0.00000
0.00000
0.00000
0.00000
0.00000
0.00994
0.06143
0.14277
0.24226
0.34561
0.43796
0.50603
0.54004
0.53510
0.49192
0.41671
0.32027
0.21648
0.00000
0.00000
0.00000
0.00000
0.00000
0.00000
0.00000
0.00000
0.00000
0.00000
0.00000
0.01154
0.07131
0.16573
0.28124
0.40121
0.50842
0.58744
0.62692
0.62119
0.57106
0.48375
0.37180
0.25131
0.00000
0.00000
0.00000
0.00000
0.00000
0.00000
0.00000
0.00000
0.00000
0.00000
0.00000
0.01080
0.06673
0.15508
0.26316
0.37542
0.47573
0.54967
0.58662
0.58125
0.53435
0.45265
0.34790
0.23515
0.00000
0.00000
0.00000
0.00000
0.00000
0.00000
0.00000
0.00000
0.00000
0.00000
0.00000
0.00996
0.06156
0.14308
0.24279
0.34637
0.43892
0.50714
0.54123
0.53628
0.49301
0.41763
0.32098
0.21696
0.00000
0.00000
0.00000
0.00000
0.00000
0.00000
0.00000
0.00000
0.00000
0.00000
0.00000
0.01241
0.07668
0.17821
0.30241
0.43141
0.54669
0.63166
0.67412
0.66795
0.61405
0.52016
0.39979
0.27023
0.00000
0.00000
0.00000
0.00000
0.00000
0.00000
0.00000
0.00000
0.00000
0.00000
0.00000
0.00873
0.05393
0.12534
0.21269
0.30343
0.38451
0.44427
0.47413
0.46979
0.43188
0.36585
0.28119
0.19006
0.00000
0.00000
0.00000
0.00000
0.00000
0.00000
0.00000
0.00000
0.00000
0.00000
0.00000
0.00914
0.05652
0.13135
0.22288
0.31797
0.40293
0.46556
0.49685
0.49230
0.45258
0.38338
0.29466
0.19917
0.00000
0.00000
0.00000
0.00000
0.00000
0.00000
0.00000
0.00000
0.00000
0.00000
0.00000
0.01036
0.06400
0.14875
0.25241
0.36009
0.45631
0.52724
0.56267
0.55753
0.51254
0.43417
0.33370
0.22555
0.00000
0.00000
0.00000
0.00000
0.00000
0.00000
0.00000
0.00000
0.00000
0.00000
0.00000
0.00576
0.03561
0.08276
0.14043
0.20033
0.25386
0.29332
0.31304
0.31017
0.28514
0.24155
0.18565
0.12548
0.00000
0.00000
0.00000
0.00000
0.00000
0.00000
0.00000
0.00000
0.00000
0.00000
0.00000
0.00840
0.05193
0.12069
0.20480
0.29217
0.37024
0.42778
0.45653
0.45236
0.41586
0.35227
0.27075
0.18301
0.00000
0.00000
0.00000
0.00000
0.00000
0.00000
0.00000
0.00000
0.00000
0.00000
0.00000
0.00987
0.06102
0.14183
0.24067
0.34334
0.43508
0.50270
0.53649
0.53158
0.48869
0.41397
0.31817
0.21506
0.00000
0.00000
0.00000
0.00000
0.00000
0.00000
0.00000
0.00000
0.00000
0.00000
0.00000
0.00918
0.05676
0.13193
0.22387
0.31937
0.40471
0.46761
0.49904
0.49448
0.45457
0.38507
0.29596
0.20005
0.00000
0.00000
0.00000
0.00000
0.00000
0.00000
0.00000
0.00000
0.00000
0.00000
0.00000
0.00882
0.05450
0.12667
0.21494
0.30663
0.38857
0.44896
0.47914
0.47476
0.43645
0.36971
0.28416
0.19207
0.00000
0.00000
0.00000
0.00000
0.00000
0.00000
0.00000
0.00000
0.00000
0.00000
0.00000
0.00607
0.03752
0.08721
0.14799
0.21112
0.26753
0.30911
0.32989
0.32687
0.30049
0.25455
0.19564
0.13224
0.00000
0.00000
0.00000
0.00000
0.00000
0.00000
0.00000
0.00000
0.00000
0.00000
0.00000
0.01249
0.07718
0.17937
0.30438
0.43423
0.55026
0.63578
0.67851
0.67231
0.61806
0.52356
0.40240
0.27199
0.00000
0.00000
0.00000
0.00000
0.00000
0.00000
0.00000
0.00000
0.00000
0.00000
0.00000
0.01308
0.08084
0.18789
0.31882
0.45483
0.57637
0.66595
0.71071
0.70421
0.64738
0.54840
0.42149
0.28490
0.00000
0.00000
0.00000
0.00000
0.00000
0.00000
0.00000
0.00000
0.00000
0.00000
0.00000
0.02290
0.06798
0.14438
0.24086
0.34320
0.43633
0.50652
0.54343
0.54163
0.50138
0.42861
0.33404
0.23160
0.13639
0.00000
0.00000
0.00000
0.00000
0.00000
0.00000
0.00000
0.00000
0.00000
0.00000
0.01789
0.05310
0.11278
0.18815
0.26809
0.34084
0.39566
0.42450
0.42309
0.39165
0.33480
0.26093
0.18091
0.10654
0.00000
0.00000
0.00000
0.00000
0.00000
0.00000
0.00000
0.00000
0.00000
0.00000
0.01694
0.05029
0.10682
0.17821
0.25392
0.32283
0.37476
0.40207
0.40073
0.37095
0.31711
0.24714
0.17135
0.10091
0.00000
0.00000
0.00000
0.00000
0.00000
0.00000
0.00000
0.00000
0.00000
0.00000
0.02014
0.05977
0.12696
0.21180
0.30179
0.38368
0.44540
0.47786
0.47627
0.44088
0.37689
0.29373
0.20365
0.11993
0.00000
0.00000
0.00000
0.00000
0.00000
0.00000
0.00000
0.00000
0.00000
0.00000
0.02999
0.08902
0.18909
0.31544
0.44947
0.57143
0.66336
0.71170
0.70934
0.65662
0.56132
0.43746
0.30331
0.17862
0.00000
0.00000
0.00000
0.00000
0.00000
0.00000
0.00000
0.00000
0.00000
0.00000
0.01758
0.05218
0.11083
0.18489
0.26344
0.33493
0.38880
0.41714
0.41575
0.38486
0.32900
0.25641
0.17778
0.10469
0.00000
0.00000
0.00000
0.00000
0.00000
0.00000
0.00000
0.00000
0.00000
0.00000
0.02338
0.06939
0.14739
0.24588
0.35035
0.44542
0.51707
0.55475
0.55291
0.51182
0.43753
0.34099
0.23642
0.13923
0.00000
0.00000
0.00000
0.00000
0.00000
0.00000
0.00000
0.00000
0.00000
0.00000
0.02863
0.08499
0.18052
0.30115
0.42910
0.54554
0.63329
0.67945
0.67719
0.62686
0.53588
0.41764
0.28957
0.17053
0.00000
0.00000
0.00000
0.00000
0.00000
0.00000
0.00000
0.00000
0.00000
0.00000
0.01936
0.05745
0.12202
0.20355
0.29004
0.36875
0.42806
0.45926
0.45774
0.42372
0.36222
0.28230
0.19573
0.11526
0.00000
0.00000
0.00000
0.00000
0.00000
0.00000
0.00000
0.00000
0.00000
0.00000
0.02418
0.07177
0.15244
0.25430
0.36235
0.46067
0.53478
0.57375
0.57185
0.52935
0.45252
0.35267
0.24452
0.14400
0.00000
0.00000
0.00000
0.00000
0.00000
0.00000
0.00000
0.00000
0.00000
0.00000
0.02299
0.06825
0.14496
0.24183
0.34458
0.43808
0.50855
0.54561
0.54380
0.50338
0.43032
0.33537
0.23253
0.13694
0.00000
0.00000
0.00000
0.00000
0.00000
0.00000
0.00000
0.00000
0.00000
0.00000
0.02427
0.07204
0.15302
0.25527
0.36374
0.46244
0.53682
0.57595
0.57403
0.53137
0.45425
0.35402
0.24546
0.14455
0.00000
0.00000
0.00000
0.00000
0.00000
0.00000
0.00000
0.00000
0.00000
0.00000
0.02647
0.07858
0.16690
0.27843
0.39674
0.50439
0.58552
0.62819
0.62611
0.57958
0.49546
0.38614
0.26772
0.15766
0.00000
0.00000
0.00000
0.00000
0.00000
0.00000
0.00000
0.00000
0.00000
0.00000
0.02531
0.07512
0.15955
0.26616
0.37926
0.48216
0.55973
0.60052
0.59852
0.55404
0.47363
0.36912
0.25593
0.15072
0.00000
0.00000
0.00000
0.00000
0.00000
0.00000
0.00000
0.00000
0.00000
0.00000
0.02035
0.06041
0.12832
0.21406
0.30501
0.38778
0.45016
0.48296
0.48136
0.44559
0.38091
0.29687
0.20583
0.12121
0.00000
0.00000
0.00000
0.00000
0.00000
0.00000
0.00000
0.00000
0.00000
0.00000
0.01837
0.05451
0.11579
0.19316
0.27524
0.34992
0.40621
0.43582
0.43437
0.40209
0.34373
0.26789
0.18574
0.10938
0.00000
0.00000
0.00000
0.00000
0.00000
0.00000
0.00000
0.00000
0.00000
0.00000
0.01967
0.05839
0.12402
0.20690
0.29481
0.37480
0.43510
0.46680
0.46525
0.43068
0.36817
0.28693
0.19894
0.11716
0.00000
0.00000
0.00000
0.00000
0.00000
0.00000
0.00000
0.00000
0.00000
0.00000
0.01623
0.04817
0.10231
0.17067
0.24319
0.30917
0.35891
0.38506
0.38379
0.35526
0.30370
0.23669
0.16411
0.09664
0.00000
0.00000
0.00000
0.00000
0.00000
0.00000
0.00000
0.00000
0.00000
0.00000
0.02234
0.06631
0.14084
0.23496
0.33479
0.42564
0.49410
0.53011
0.52835
0.48909
0.41810
0.32585
0.22592
0.13305
0.00000
0.00000
0.00000
0.00000
0.00000
0.00000
0.00000
0.00000
0.00000
0.00000
0.02929
0.08694
0.18466
0.30805
0.43894
0.55805
0.64782
0.69503
0.69272
0.64124
0.54817
0.42722
0.29621
0.17444
0.00000
0.00000
0.00000
0.00000
0.00000
0.00000
0.00000
0.00000
0.00000
0.00000
0.02484
0.07374
0.15662
0.26128
0.37230
0.47333
0.54947
0.58951
0.58755
0.54389
0.46495
0.36236
0.25124
0.14795
0.00000
0.00000
0.00000
0.00000
0.00000
0.00000
0.00000
0.00000
0.00000
0.00000
0.01991
0.05910
0.12552
0.20940
0.29838
0.37934
0.44036
0.47245
0.47089
0.43589
0.37263
0.29041
0.20135
0.11858
0.00000
0.00000
0.00000
0.00000
0.00000
0.00000
0.00000
0.00000
0.00000
0.00000
0.01431
0.04248
0.09023
0.15052
0.21448
0.27267
0.31654
0.33961
0.33848
0.31332
0.26785
0.20875
0.14473
0.08523
0.00000
0.00000
0.00000
0.00000
0.00000
0.00000
0.00000
0.00000
0.00000
0.00000
0.02460
0.07301
0.15507
0.25869
0.36860
0.46862
0.54400
0.58365
0.58171
0.53848
0.46032
0.35875
0.24874
0.14648
0.00000
0.00000
0.00000
0.00000
0.00000
0.00000
0.00000
0.00000
0.00000
0.00000
0.02453
0.07281
0.15465
0.25800
0.36762
0.46737
0.54256
0.58210
0.58016
0.53705
0.45910
0.35780
0.24808
0.14609
0.00000
0.00000
0.00000
0.00000
0.00000
0.00000
0.00000
0.00000
0.00000
0.00000
0.02312
0.06861
0.14573
0.24311
0.34641
0.44041
0.51125
0.54851
0.54669
0.50606
0.43261
0.33716
0.23376
0.13766
0.00000
0.00000
0.00000
0.00000
0.00000
0.00000
0.00000
0.00000
0.00000
0.00000
0.02893
0.08586
0.18237
0.30423
0.43350
0.55113
0.63978
0.68641
0.68413
0.63329
0.54137
0.42192
0.29253
0.17227
0.00000
0.00000
0.00000
0.00000
0.00000
0.00000
0.00000
0.00000
0.00000
0.00000
0.02585
0.07674
0.16299
0.27190
0.38744
0.49256
0.57180
0.61347
0.61143
0.56599
0.48384
0.37708
0.26145
0.15397
0.00000
0.00000
0.00000
0.00000
0.00000
0.00000
0.00000
0.00000
0.00000
0.00000
0.02620
0.07776
0.16517
0.27554
0.39261
0.49915
0.57944
0.62167
0.61961
0.57356
0.49031
0.38213
0.26494
0.15603
0.00000
0.00000
0.00000
0.00000
0.00000
0.00000
0.00000
0.00000
0.00000
0.00000
0.02418
0.07177
0.15243
0.25429
0.36234
0.46066
0.53476
0.57373
0.57183
0.52933
0.45250
0.35266
0.24451
0.14399
0.00000
0.00000
0.00000
0.00000
0.00000
0.00000
0.00000
0.00000
0.00000
0.00000
0.02487
0.07381
0.15678
0.26155
0.37268
0.47380
0.55002
0.59010
0.58815
0.54444
0.46541
0.36272
0.25149
0.14810
0.00000
0.00000
0.00000
0.00000
0.00000
0.00000
0.00000
0.00000
0.00000
0.00000
0.01595
0.07620
0.17829
0.30708
0.44347
0.56726
0.66007
0.70816
0.70438
0.64931
0.55111
0.42433
0.28777
0.00000
0.00000
0.00000
0.00000
0.00000
0.00000
0.00000
0.00000
0.00000
0.00000
0.00000
0.00951
0.04541
0.10625
0.18300
0.26428
0.33805
0.39336
0.42202
0.41977
0.38695
0.32843
0.25288
0.17150
0.00000
0.00000
0.00000
0.00000
0.00000
0.00000
0.00000
0.00000
0.00000
0.00000
0.00000
0.01072
0.05122
0.11984
0.20641
0.29810
0.38131
0.44370
0.47602
0.47348
0.43646
0.37045
0.28523
0.19344
0.00000
0.00000
0.00000
0.00000
0.00000
0.00000
0.00000
0.00000
0.00000
0.00000
0.00000
0.01257
0.06002
0.14043
0.24188
0.34932
0.44682
0.51992
0.55780
0.55483
0.51145
0.43410
0.33424
0.22667
0.00000
0.00000
0.00000
0.00000
0.00000
0.00000
0.00000
0.00000
0.00000
0.00000
0.00000
0.01588
0.07584
0.17744
0.30562
0.44137
0.56456
0.65693
0.70479
0.70104
0.64623
0.54849
0.42231
0.28641
0.00000
0.00000
0.00000
0.00000
0.00000
0.00000
0.00000
0.00000
0.00000
0.00000
0.00000
0.00830
0.03964
0.09276
0.15976
0.23072
0.29512
0.34341
0.36843
0.36646
0.33781
0.28672
0.22076
0.14972
0.00000
0.00000
0.00000
0.00000
0.00000
0.00000
0.00000
0.00000
0.00000
0.00000
0.00000
0.01489
0.07112
0.16641
0.28662
0.41394
0.52947
0.61611
0.66099
0.65747
0.60606
0.51440
0.39607
0.26861
0.00000
0.00000
0.00000
0.00000
0.00000
0.00000
0.00000
0.00000
0.00000
0.00000
0.00000
0.01292
0.06173
0.14444
0.24878
0.35928
0.45956
0.53475
0.57371
0.57065
0.52604
0.44648
0.34377
0.23314
0.00000
0.00000
0.00000
0.00000
0.00000
0.00000
0.00000
0.00000
0.00000
0.00000
0.00000
0.01486
0.07100
0.16613
0.28613
0.41323
0.52857
0.61505
0.65986
0.65634
0.60503
0.51352
0.39539
0.26815
0.00000
0.00000
0.00000
0.00000
0.00000
0.00000
0.00000
0.00000
0.00000
0.00000
0.00000
0.01402
0.06698
0.15671
0.26992
0.38981
0.49862
0.58020
0.62247
0.61915
0.57075
0.48442
0.37299
0.25295
0.00000
0.00000
0.00000
0.00000
0.00000
0.00000
0.00000
0.00000
0.00000
0.00000
0.00000
0.01108
0.05292
0.12382
0.21326
0.30799
0.39395
0.45841
0.49181
0.48919
0.45094
0.38274
0.29469
0.19986
0.00000
0.00000
0.00000
0.00000
0.00000
0.00000
0.00000
0.00000
0.00000
0.00000
0.00000
0.01604
0.07661
0.17923
0.30871
0.44583
0.57027
0.66358
0.71192
0.70813
0.65276
0.55404
0.42658
0.28930
0.00000
0.00000
0.00000
0.00000
0.00000
0.00000
0.00000
0.00000
0.00000
0.00000
0.00000
0.01252
0.05981
0.13993
0.24102
0.34807
0.44522
0.51807
0.55581
0.55285
0.50963
0.43255
0.33304
0.22587
0.00000
0.00000
0.00000
0.00000
0.00000
0.00000
0.00000
0.00000
0.00000
0.00000
0.00000
0.00763
0.03643
0.08523
0.14679
0.21199
0.27116
0.31553
0.33852
0.33671
0.31039
0.26344
0.20284
0.13756
0.00000
0.00000
0.00000
0.00000
0.00000
0.00000
0.00000
0.00000
0.00000
0.00000
0.00000
0.01491
0.07122
0.16663
0.28700
0.41448
0.53017
0.61691
0.66186
0.65833
0.60686
0.51507
0.39659
0.26896
0.00000
0.00000
0.00000
0.00000
0.00000
0.00000
0.00000
0.00000
0.00000
0.00000
0.00000
0.00720
0.03439
0.08046
0.13858
0.20014
0.25600
0.29789
0.31959
0.31789
0.29303
0.24871
0.19150
0.12987
0.00000
0.00000
0.00000
0.00000
0.00000
0.00000
0.00000
0.00000
0.00000
0.00000
0.00000
0.01535
0.07333
0.17157
0.29551
0.42676
0.54588
0.63520
0.68147
0.67784
0.62485
0.53034
0.40834
0.27693
0.00000
0.00000
0.00000
0.00000
0.00000
0.00000
0.00000
0.00000
0.00000
0.00000
0.00000
0.01410
0.06735
0.15757
0.27139
0.39194
0.50134
0.58337
0.62587
0.62254
0.57386
0.48707
0.37502
0.25433
0.00000
0.00000
0.00000
0.00000
0.00000
0.00000
0.00000
0.00000
0.00000
0.00000
0.00000
0.01555
0.07426
0.17375
0.29927
0.43220
0.55284
0.64329
0.69015
0.68648
0.63281
0.53710
0.41354
0.28046
0.00000
0.00000
0.00000
0.00000
0.00000
0.00000
0.00000
0.00000
0.00000
0.00000
0.00000
0.01259
0.06013
0.14068
0.24230
0.34993
0.44760
0.52084
0.55878
0.55580
0.51235
0.43486
0.33482
0.22707
0.00000
0.00000
0.00000
0.00000
0.00000
0.00000
0.00000
0.00000
0.00000
0.00000
0.00000
0.01453
0.06942
0.16242
0.27974
0.40400
0.51676
0.60131
0.64512
0.64168
0.59151
0.50205
0.38656
0.26216
0.00000
0.00000
0.00000
0.00000
0.00000
0.00000
0.00000
0.00000
0.00000
0.00000
0.00000
0.01228
0.05867
0.13728
0.23644
0.34147
0.43678
0.50825
0.54527
0.54237
0.49996
0.42435
0.32673
0.22158
0.00000
0.00000
0.00000
0.00000
0.00000
0.00000
0.00000
0.00000
0.00000
0.00000
0.00000
0.01596
0.07624
0.17837
0.30723
0.44369
0.56753
0.66039
0.70850
0.70473
0.64963
0.55138
0.42454
0.28792
0.00000
0.00000
0.00000
0.00000
0.00000
0.00000
0.00000
0.00000
0.00000
0.00000
0.00000
0.00945
0.04514
0.10561
0.18190
0.26270
0.33603
0.39101
0.41949
0.41726
0.38464
0.32646
0.25136
0.17047
0.00000
0.00000
0.00000
0.00000
0.00000
0.00000
0.00000
0.00000
0.00000
0.00000
0.00000
0.01467
0.07008
0.16398
0.28243
0.40788
0.52173
0.60709
0.65132
0.64785
0.59720
0.50687
0.39027
0.26468
0.00000
0.00000
0.00000
0.00000
0.00000
0.00000
0.00000
0.00000
0.00000
0.00000
0.00000
0.01188
0.05673
0.13274
0.22863
0.33018
0.42234
0.49145
0.52725
0.52444
0.48344
0.41032
0.31593
0.21426
0.00000
0.00000
0.00000
0.00000
0.00000
0.00000
0.00000
0.00000
0.00000
0.00000
0.00000
0.01663
0.07945
0.18588
0.32016
0.46236
0.59142
0.68819
0.73832
0.73439
0.67697
0.57458
0.44240
0.30003
0.00000
0.00000
0.00000
0.00000
0.00000
0.00000
0.00000
0.00000
0.00000
0.00000
0.00000
0.00941
0.04496
0.10519
0.18117
0.26164
0.33467
0.38943
0.41780
0.41557
0.38308
0.32514
0.25035
0.16978
0.00000
0.00000
0.00000
0.00000
0.00000
0.00000
0.00000
0.00000
0.00000
0.00000
0.00000
0.01213
0.05796
0.13562
0.23359
0.33734
0.43150
0.50210
0.53868
0.53581
0.49392
0.41921
0.32278
0.21890
0.00000
0.00000
0.00000
0.00000
0.00000
0.00000
0.00000
0.00000
0.00000
0.00000
0.00000
0.01283
0.06127
0.14337
0.24693
0.35661
0.45614
0.53078
0.56945
0.56641
0.52213
0.44316
0.34121
0.23141
0.00000
0.00000
0.00000
0.00000
0.00000
0.00000
0.00000
0.00000
0.00000
0.00000
0.00000
0.01046
0.04998
0.11694
0.20141
0.29088
0.37207
0.43294
0.46448
0.46201
0.42589
0.36147
0.27832
0.18875
0.00000
0.00000
0.00000
0.00000
0.00000
0.00000
0.00000
0.00000
0.00000
0.00000
0.00000
0.00994
0.06047
0.14389
0.24757
0.35582
0.45224
0.52223
0.55519
0.54614
0.49643
0.41361
0.31021
0.20189
0.00000
0.00000
0.00000
0.00000
0.00000
0.00000
0.00000
0.00000
0.00000
0.00000
0.00000
0.01423
0.08651
0.20585
0.35419
0.50905
0.64699
0.74712
0.79428
0.78133
0.71022
0.59174
0.44380
0.28883
0.00000
0.00000
0.00000
0.00000
0.00000
0.00000
0.00000
0.00000
0.00000
0.00000
0.00000
0.00989
0.06015
0.14313
0.24626
0.35393
0.44984
0.51946
0.55225
0.54324
0.49381
0.41142
0.30857
0.20082
0.00000
0.00000
0.00000
0.00000
0.00000
0.00000
0.00000
0.00000
0.00000
0.00000
0.00000
0.01060
0.06449
0.15345
0.26402
0.37947
0.48229
0.55693
0.59209
0.58243
0.52943
0.44110
0.33083
0.21530
0.00000
0.00000
0.00000
0.00000
0.00000
0.00000
0.00000
0.00000
0.00000
0.00000
0.00000
0.01242
0.07550
0.17966
0.30911
0.44427
0.56465
0.65204
0.69320
0.68190
0.61984
0.51643
0.38732
0.25207
0.00000
0.00000
0.00000
0.00000
0.00000
0.00000
0.00000
0.00000
0.00000
0.00000
0.00000
0.01182
0.07187
0.17101
0.29424
0.42290
0.53749
0.62068
0.65986
0.64909
0.59002
0.49159
0.36869
0.23995
0.00000
0.00000
0.00000
0.00000
0.00000
0.00000
0.00000
0.00000
0.00000
0.00000
0.00000
0.00992
0.06035
0.14360
0.24707
0.35510
0.45132
0.52117
0.55407
0.54503
0.49543
0.41277
0.30958
0.20148
0.00000
0.00000
0.00000
0.00000
0.00000
0.00000
0.00000
0.00000
0.00000
0.00000
0.00000
0.01004
0.06104
0.14525
0.24991
0.35918
0.45651
0.52716
0.56044
0.55130
0.50113
0.41752
0.31314
0.20379
0.00000
0.00000
0.00000
0.00000
0.00000
0.00000
0.00000
0.00000
0.00000
0.00000
0.00000
0.01137
0.06916
0.16458
0.28317
0.40699
0.51727
0.59732
0.63503
0.62467
0.56782
0.47309
0.35482
0.23092
0.00000
0.00000
0.00000
0.00000
0.00000
0.00000
0.00000
0.00000
0.00000
0.00000
0.00000
0.00965
0.05867
0.13961
0.24022
0.34525
0.43880
0.50671
0.53869
0.52991
0.48169
0.40132
0.30099
0.19589
0.00000
0.00000
0.00000
0.00000
0.00000
0.00000
0.00000
0.00000
0.00000
0.00000
0.00000
0.01007
0.06124
0.14572
0.25073
0.36035
0.45800
0.52888
0.56226
0.55309
0.50276
0.41888
0.31416
0.20446
0.00000
0.00000
0.00000
0.00000
0.00000
0.00000
0.00000
0.00000
0.00000
0.00000
0.00000
0.01053
0.06402
0.15234
0.26212
0.37673
0.47881
0.55291
0.58781
0.57823
0.52560
0.43792
0.32844
0.21375
0.00000
0.00000
0.00000
0.00000
0.00000
0.00000
0.00000
0.00000
0.00000
0.00000
0.00000
0.01414
0.08601
0.20466
0.35213
0.50609
0.64323
0.74277
0.78966
0.77678
0.70609
0.58829
0.44122
0.28715
0.00000
0.00000
0.00000
0.00000
0.00000
0.00000
0.00000
0.00000
0.00000
0.00000
0.00000
0.00735
0.04472
0.10641
0.18309
0.26314
0.33445
0.38621
0.41059
0.40389
0.36714
0.30589
0.22942
0.14930
0.00000
0.00000
0.00000
0.00000
0.00000
0.00000
0.00000
0.00000
0.00000
0.00000
0.00000
0.01111
0.06754
0.16073
0.27654
0.39746
0.50516
0.58334
0.62016
0.61005
0.55453
0.46201
0.34651
0.22551
0.00000
0.00000
0.00000
0.00000
0.00000
0.00000
0.00000
0.00000
0.00000
0.00000
0.00000
0.01271
0.07726
0.18385
0.31633
0.45464
0.57784
0.66727
0.70938
0.69782
0.63431
0.52849
0.39637
0.25796
0.00000
0.00000
0.00000
0.00000
0.00000
0.00000
0.00000
0.00000
0.00000
0.00000
0.00000
0.01032
0.06275
0.14931
0.25690
0.36923
0.46928
0.54191
0.57612
0.56672
0.51515
0.42920
0.32190
0.20950
0.00000
0.00000
0.00000
0.00000
0.00000
0.00000
0.00000
0.00000
0.00000
0.00000
0.00000
0.01183
0.07194
0.17117
0.29452
0.42329
0.53799
0.62125
0.66047
0.64970
0.59057
0.49204
0.36904
0.24017
0.00000
0.00000
0.00000
0.00000
0.00000
0.00000
0.00000
0.00000
0.00000
0.00000
0.00000
0.01217
0.07403
0.17616
0.30310
0.43563
0.55367
0.63936
0.67972
0.66863
0.60778
0.50638
0.37979
0.24717
0.00000
0.00000
0.00000
0.00000
0.00000
0.00000
0.00000
0.00000
0.00000
0.00000
0.00000
0.01212
0.07369
0.17536
0.30172
0.43364
0.55114
0.63644
0.67661
0.66558
0.60501
0.50407
0.37805
0.24604
0.00000
0.00000
0.00000
0.00000
0.00000
0.00000
0.00000
0.00000
0.00000
0.00000
0.00000
0.01088
0.06615
0.15741
0.27083
0.38924
0.49472
0.57128
0.60734
0.59744
0.54307
0.45247
0.33935
0.22085
0.00000
0.00000
0.00000
0.00000
0.00000
0.00000
0.00000
0.00000
0.00000
0.00000
0.00000
0.01070
0.06507
0.15484
0.26642
0.38290
0.48666
0.56198
0.59745
0.58771
0.53422
0.44510
0.33382
0.21725
0.00000
0.00000
0.00000
0.00000
0.00000
0.00000
0.00000
0.00000
0.00000
0.00000
0.00000
0.01234
0.07506
0.17862
0.30732
0.44170
0.56138
0.64827
0.68919
0.67795
0.61625
0.51344
0.38508
0.25061
0.00000
0.00000
0.00000
0.00000
0.00000
0.00000
0.00000
0.00000
0.00000
0.00000
0.00000
0.01201
0.07306
0.17386
0.29914
0.42993
0.54643
0.63100
0.67083
0.65989
0.59984
0.49976
0.37483
0.24394
0.00000
0.00000
0.00000
0.00000
0.00000
0.00000
0.00000
0.00000
0.00000
0.00000
0.00000
0.00936
0.05692
0.13545
0.23305
0.33495
0.42571
0.49159
0.52262
0.51410
0.46731
0.38935
0.29201
0.19004
0.00000
0.00000
0.00000
0.00000
0.00000
0.00000
0.00000
0.00000
0.00000
0.00000
0.00000
0.01169
0.07111
0.16920
0.29113
0.41842
0.53180
0.61411
0.65287
0.64222
0.58378
0.48638
0.36479
0.23741
0.00000
0.00000
0.00000
0.00000
0.00000
0.00000
0.00000
0.00000
0.00000
0.00000
0.00000
0.01247
0.07580
0.18037
0.31035
0.44604
0.56691
0.65464
0.69597
0.68462
0.62231
0.51849
0.38887
0.25308
0.00000
0.00000
0.00000
0.00000
0.00000
0.00000
0.00000
0.00000
0.00000
0.00000
0.00000
0.00976
0.05933
0.14117
0.24290
0.34911
0.44371
0.51238
0.54472
0.53583
0.48707
0.40581
0.30436
0.19808
0.00000
0.00000
0.00000
0.00000
0.00000
0.00000
0.00000
0.00000
0.00000
0.00000
0.00000
0.00968
0.05888
0.14010
0.24105
0.34645
0.44033
0.50847
0.54057
0.53175
0.48336
0.40272
0.30204
0.19657
0.00000
0.00000
0.00000
0.00000
0.00000
0.00000
0.00000
0.00000
0.00000
0.00000
0.00000
0.01138
0.06918
0.16462
0.28324
0.40709
0.51740
0.59747
0.63519
0.62483
0.56796
0.47321
0.35491
0.23098
0.00000
0.00000
0.00000
0.00000
0.00000
0.00000
0.00000
0.00000
0.00000
0.00000
0.00000
0.01148
0.07990
0.19350
0.33394
0.47860
0.60417
0.69039
0.72338
0.69782
0.61782
0.49629
0.35280
0.21050
0.00000
0.00000
0.00000
0.00000
0.00000
0.00000
0.00000
0.00000
0.00000
0.00000
0.00000
0.01026
0.07144
0.17301
0.29858
0.42793
0.54020
0.61729
0.64679
0.62393
0.55241
0.44374
0.31545
0.18821
0.00000
0.00000
0.00000
0.00000
0.00000
0.00000
0.00000
0.00000
0.00000
0.00000
0.00000
0.01140
0.07938
0.19222
0.33173
0.47544
0.60017
0.68583
0.71860
0.69321
0.61374
0.49301
0.35047
0.20910
0.00000
0.00000
0.00000
0.00000
0.00000
0.00000
0.00000
0.00000
0.00000
0.00000
0.00000
0.00904
0.06293
0.15240
0.26302
0.37696
0.47585
0.54377
0.56975
0.54962
0.48661
0.39089
0.27787
0.16579
0.00000
0.00000
0.00000
0.00000
0.00000
0.00000
0.00000
0.00000
0.00000
0.00000
0.00000
0.00843
0.05869
0.14212
0.24528
0.35153
0.44375
0.50709
0.53132
0.51254
0.45378
0.36452
0.25913
0.15461
0.00000
0.00000
0.00000
0.00000
0.00000
0.00000
0.00000
0.00000
0.00000
0.00000
0.00000
0.00996
0.06932
0.16787
0.28972
0.41523
0.52417
0.59897
0.62759
0.60542
0.53601
0.43057
0.30609
0.18262
0.00000
0.00000
0.00000
0.00000
0.00000
0.00000
0.00000
0.00000
0.00000
0.00000
0.00000
0.00689
0.04801
0.11625
0.20063
0.28754
0.36298
0.41478
0.43460
0.41924
0.37118
0.29817
0.21196
0.12646
0.00000
0.00000
0.00000
0.00000
0.00000
0.00000
0.00000
0.00000
0.00000
0.00000
0.00000
0.00675
0.04697
0.11373
0.19628
0.28131
0.35511
0.40579
0.42518
0.41016
0.36314
0.29170
0.20737
0.12372
0.00000
0.00000
0.00000
0.00000
0.00000
0.00000
0.00000
0.00000
0.00000
0.00000
0.00000
0.01223
0.08514
0.20617
0.35581
0.50995
0.64373
0.73560
0.77075
0.74352
0.65828
0.52879
0.37591
0.22428
0.00000
0.00000
0.00000
0.00000
0.00000
0.00000
0.00000
0.00000
0.00000
0.00000
0.00000
0.00928
0.06463
0.15651
0.27011
0.38712
0.48868
0.55842
0.58510
0.56443
0.49972
0.40142
0.28536
0.17026
0.00000
0.00000
0.00000
0.00000
0.00000
0.00000
0.00000
0.00000
0.00000
0.00000
0.00000
0.00592
0.04120
0.09976
0.17217
0.24675
0.31148
0.35594
0.37294
0.35977
0.31852
0.25586
0.18189
0.10852
0.00000
0.00000
0.00000
0.00000
0.00000
0.00000
0.00000
0.00000
0.00000
0.00000
0.00000
0.00613
0.04269
0.10338
0.17842
0.25571
0.32280
0.36887
0.38650
0.37284
0.33010
0.26516
0.18850
0.11247
0.00000
0.00000
0.00000
0.00000
0.00000
0.00000
0.00000
0.00000
0.00000
0.00000
0.00000
0.01327
0.09240
0.22376
0.38617
0.55346
0.69866
0.79837
0.83652
0.80696
0.71445
0.57391
0.40798
0.24342
0.00000
0.00000
0.00000
0.00000
0.00000
0.00000
0.00000
0.00000
0.00000
0.00000
0.00000
0.00852
0.05934
0.14370
0.24800
0.35544
0.44869
0.51273
0.53723
0.51824
0.45883
0.36857
0.26201
0.15633
0.00000
0.00000
0.00000
0.00000
0.00000
0.00000
0.00000
0.00000
0.00000
0.00000
0.00000
0.01241
0.08642
0.20928
0.36119
0.51765
0.65346
0.74672
0.78240
0.75475
0.66823
0.53678
0.38159
0.22767
0.00000
0.00000
0.00000
0.00000
0.00000
0.00000
0.00000
0.00000
0.00000
0.00000
0.00000
0.01195
0.08323
0.20155
0.34785
0.49853
0.62932
0.71914
0.75350
0.72687
0.64355
0.51695
0.36749
0.21926
0.00000
0.00000
0.00000
0.00000
0.00000
0.00000
0.00000
0.00000
0.00000
0.00000
0.00000
0.01177
0.08196
0.19848
0.34255
0.49094
0.61973
0.70818
0.74202
0.71580
0.63374
0.50907
0.36189
0.21592
0.00000
0.00000
0.00000
0.00000
0.00000
0.00000
0.00000
0.00000
0.00000
0.00000
0.00000
0.01138
0.07921
0.19182
0.33105
0.47446
0.59893
0.68441
0.71712
0.69177
0.61247
0.49199
0.34975
0.20867
0.00000
0.00000
0.00000
0.00000
0.00000
0.00000
0.00000
0.00000
0.00000
0.00000
0.00000
0.01167
0.08126
0.19679
0.33963
0.48675
0.61445
0.70214
0.73569
0.70969
0.62834
0.50473
0.35881
0.21408
0.00000
0.00000
0.00000
0.00000
0.00000
0.00000
0.00000
0.00000
0.00000
0.00000
0.00000
0.01129
0.07860
0.19032
0.32847
0.47076
0.59427
0.67908
0.71153
0.68638
0.60770
0.48815
0.34702
0.20705
0.00000
0.00000
0.00000
0.00000
0.00000
0.00000
0.00000
0.00000
0.00000
0.00000
0.00000
0.00994
0.06920
0.16758
0.28921
0.41449
0.52323
0.59791
0.62648
0.60434
0.53506
0.42981
0.30554
0.18230
0.00000
0.00000
0.00000
0.00000
0.00000
0.00000
0.00000
0.00000
0.00000
0.00000
0.00000
0.01031
0.07177
0.17380
0.29994
0.42988
0.54266
0.62010
0.64973
0.62677
0.55492
0.44576
0.31688
0.18906
0.00000
0.00000
0.00000
0.00000
0.00000
0.00000
0.00000
0.00000
0.00000
0.00000
0.00000
0.00734
0.05108
0.12370
0.21349
0.30597
0.38624
0.44136
0.46245
0.44611
0.39497
0.31727
0.22554
0.13457
0.00000
0.00000
0.00000
0.00000
0.00000
0.00000
0.00000
0.00000
0.00000
0.00000
0.00000
0.01133
0.07889
0.19104
0.32971
0.47254
0.59651
0.68164
0.71421
0.68897
0.60999
0.49000
0.34833
0.20783
0.00000
0.00000
0.00000
0.00000
0.00000
0.00000
0.00000
0.00000
0.00000
0.00000
0.00000
0.00992
0.06910
0.16732
0.28877
0.41387
0.52244
0.59701
0.62553
0.60343
0.53425
0.42916
0.30508
0.18202
0.00000
0.00000
0.00000
0.00000
0.00000
0.00000
0.00000
0.00000
0.00000
0.00000
0.00000
0.01170
0.08146
0.19725
0.34042
0.48789
0.61589
0.70379
0.73742
0.71136
0.62981
0.50592
0.35965
0.21458
0.00000
0.00000
0.00000
0.00000
0.00000
0.00000
0.00000
0.00000
0.00000
0.00000
0.00000
0.00632
0.04401
0.10657
0.18392
0.26359
0.33274
0.38023
0.39840
0.38432
0.34026
0.27333
0.19430
0.11593
0.00000
0.00000
0.00000
0.00000
0.00000
0.00000
0.00000
0.00000
0.00000
0.00000
0.00000
0.01105
0.07696
0.18635
0.32162
0.46094
0.58187
0.66491
0.69668
0.67206
0.59502
0.47797
0.33978
0.20273
0.00000
0.00000
0.00000
0.00000
0.00000
0.00000
0.00000
0.00000
0.00000
0.00000
0.00000
0.01009
0.07027
0.17017
0.29368
0.42091
0.53133
0.60716
0.63618
0.61369
0.54334
0.43646
0.31027
0.18512
0.00000
0.00000
0.00000
0.00000
0.00000
0.00000
0.00000
0.00000
0.00000
0.00000
0.00000
0.00911
0.06344
0.15363
0.26514
0.38001
0.47970
0.54816
0.57436
0.55406
0.49054
0.39405
0.28012
0.16713
0.00000
0.00000
0.00000
0.00000
0.00000
0.00000
0.00000
0.00000
0.00000
0.00000
0.00000
0.01206
0.08400
0.20342
0.35107
0.50315
0.63516
0.72580
0.76048
0.73361
0.64951
0.52174
0.37090
0.22129
0.00000
0.00000
0.00000
0.00000
0.00000
0.00000
0.00000
0.00000
0.00000
0.00000
0.00000
0.00000
0.05644
0.18743
0.35001
0.51751
0.66249
0.76118
0.79740
0.76521
0.66989
0.52707
0.36015
0.19650
0.00000
0.00000
0.00000
0.00000
0.00000
0.00000
0.00000
0.00000
0.00000
0.00000
0.00000
0.00000
0.04452
0.14783
0.27606
0.40818
0.52253
0.60037
0.62894
0.60355
0.52837
0.41572
0.28406
0.15499
0.00000
0.00000
0.00000
0.00000
0.00000
0.00000
0.00000
0.00000
0.00000
0.00000
0.00000
0.00000
0.02545
0.08453
0.15784
0.23338
0.29876
0.34327
0.35960
0.34509
0.30210
0.23769
0.16242
0.08862
0.00000
0.00000
0.00000
0.00000
0.00000
0.00000
0.00000
0.00000
0.00000
0.00000
0.00000
0.00000
0.02377
0.07893
0.14740
0.21794
0.27900
0.32056
0.33581
0.32225
0.28211
0.22196
0.15167
0.08275
0.00000
0.00000
0.00000
0.00000
0.00000
0.00000
0.00000
0.00000
0.00000
0.00000
0.00000
0.00000
0.03067
0.10186
0.19022
0.28125
0.36004
0.41367
0.43336
0.41586
0.36406
0.28644
0.19573
0.10679
0.00000
0.00000
0.00000
0.00000
0.00000
0.00000
0.00000
0.00000
0.00000
0.00000
0.00000
0.00000
0.03260
0.10828
0.20219
0.29896
0.38271
0.43972
0.46064
0.44204
0.38698
0.30447
0.20805
0.11351
0.00000
0.00000
0.00000
0.00000
0.00000
0.00000
0.00000
0.00000
0.00000
0.00000
0.00000
0.00000
0.03264
0.10838
0.20239
0.29925
0.38308
0.44014
0.46109
0.44247
0.38736
0.30477
0.20825
0.11363
0.00000
0.00000
0.00000
0.00000
0.00000
0.00000
0.00000
0.00000
0.00000
0.00000
0.00000
0.00000
0.03878
0.12878
0.24048
0.35556
0.45518
0.52298
0.54786
0.52575
0.46026
0.36213
0.24745
0.13501
0.00000
0.00000
0.00000
0.00000
0.00000
0.00000
0.00000
0.00000
0.00000
0.00000
0.00000
0.00000
0.04616
0.15329
0.28625
0.42324
0.54181
0.62252
0.65214
0.62581
0.54786
0.43105
0.29454
0.16071
0.00000
0.00000
0.00000
0.00000
0.00000
0.00000
0.00000
0.00000
0.00000
0.00000
0.00000
0.00000
0.03552
0.11795
0.22026
0.32568
0.41692
0.47902
0.50182
0.48156
0.42157
0.33169
0.22665
0.12366
0.00000
0.00000
0.00000
0.00000
0.00000
0.00000
0.00000
0.00000
0.00000
0.00000
0.00000
0.00000
0.03060
0.10164
0.18979
0.28063
0.35924
0.41276
0.43239
0.41494
0.36325
0.28581
0.19529
0.10655
0.00000
0.00000
0.00000
0.00000
0.00000
0.00000
0.00000
0.00000
0.00000
0.00000
0.00000
0.00000
0.04053
0.13460
0.25135
0.37164
0.47575
0.54662
0.57263
0.54952
0.48107
0.37850
0.25863
0.14111
0.00000
0.00000
0.00000
0.00000
0.00000
0.00000
0.00000
0.00000
0.00000
0.00000
0.00000
0.00000
0.04876
0.16193
0.30238
0.44710
0.57235
0.65761
0.68890
0.66109
0.57874
0.45535
0.31115
0.16976
0.00000
0.00000
0.00000
0.00000
0.00000
0.00000
0.00000
0.00000
0.00000
0.00000
0.00000
0.00000
0.02512
0.08342
0.15579
0.23034
0.29487
0.33880
0.35492
0.34059
0.29816
0.23459
0.16030
0.08746
0.00000
0.00000
0.00000
0.00000
0.00000
0.00000
0.00000
0.00000
0.00000
0.00000
0.00000
0.00000
0.03194
0.10607
0.19807
0.29286
0.37490
0.43075
0.45124
0.43303
0.37909
0.29826
0.20381
0.11120
0.00000
0.00000
0.00000
0.00000
0.00000
0.00000
0.00000
0.00000
0.00000
0.00000
0.00000
0.00000
0.03537
0.11747
0.21937
0.32435
0.41522
0.47707
0.49977
0.47960
0.41986
0.33034
0.22572
0.12316
0.00000
0.00000
0.00000
0.00000
0.00000
0.00000
0.00000
0.00000
0.00000
0.00000
0.00000
0.00000
0.04362
0.14486
0.27050
0.39996
0.51201
0.58828
0.61627
0.59140
0.51773
0.40735
0.27834
0.15187
0.00000
0.00000
0.00000
0.00000
0.00000
0.00000
0.00000
0.00000
0.00000
0.00000
0.00000
0.00000
0.03282
0.10898
0.20350
0.30089
0.38519
0.44257
0.46363
0.44491
0.38949
0.30645
0.20940
0.11425
0.00000
0.00000
0.00000
0.00000
0.00000
0.00000
0.00000
0.00000
0.00000
0.00000
0.00000
0.00000
0.05086
0.16892
0.31543
0.46639
0.59705
0.68599
0.71863
0.68962
0.60372
0.47500
0.32457
0.17709
0.00000
0.00000
0.00000
0.00000
0.00000
0.00000
0.00000
0.00000
0.00000
0.00000
0.00000
0.00000
0.03964
0.13165
0.24584
0.36350
0.46533
0.53465
0.56009
0.53748
0.47053
0.37021
0.25297
0.13802
0.00000
0.00000
0.00000
0.00000
0.00000
0.00000
0.00000
0.00000
0.00000
0.00000
0.00000
0.00000
0.04523
0.15022
0.28052
0.41477
0.53097
0.61006
0.63909
0.61329
0.53690
0.42243
0.28865
0.15749
0.00000
0.00000
0.00000
0.00000
0.00000
0.00000
0.00000
0.00000
0.00000
0.00000
0.00000
0.00000
0.04706
0.15627
0.29181
0.43147
0.55234
0.63462
0.66482
0.63798
0.55851
0.43943
0.30027
0.16383
0.00000
0.00000
0.00000
0.00000
0.00000
0.00000
0.00000
0.00000
0.00000
0.00000
0.00000
0.00000
0.04287
0.14238
0.26588
0.39312
0.50325
0.57822
0.60573
0.58128
0.50887
0.40038
0.27358
0.14927
0.00000
0.00000
0.00000
0.00000
0.00000
0.00000
0.00000
0.00000
0.00000
0.00000
0.00000
0.00000
0.03691
0.12257
0.22889
0.33843
0.43324
0.49777
0.52146
0.50041
0.43807
0.34467
0.23552
0.12850
0.00000
0.00000
0.00000
0.00000
0.00000
0.00000
0.00000
0.00000
0.00000
0.00000
0.00000
0.00000
0.02395
0.07955
0.14855
0.21965
0.28118
0.32306
0.33844
0.32477
0.28432
0.22370
0.15286
0.08340
0.00000
0.00000
0.00000
0.00000
0.00000
0.00000
0.00000
0.00000
0.00000
0.00000
0.00000
0.00000
0.02421
0.08041
0.15015
0.22202
0.28421
0.32655
0.34209
0.32828
0.28739
0.22611
0.15451
0.08430
0.00000
0.00000
0.00000
0.00000
0.00000
0.00000
0.00000
0.00000
0.00000
0.00000
0.00000
0.00000
0.05260
0.17466
0.32616
0.48226
0.61736
0.70933
0.74308
0.71308
0.62426
0.49116
0.33562
0.18312
0.00000
0.00000
0.00000
0.00000
0.00000
0.00000
0.00000
0.00000
0.00000
0.00000
0.00000
0.00000
0.03280
0.10892
0.20339
0.30073
0.38498
0.44232
0.46337
0.44467
0.38928
0.30628
0.20928
0.11419
0.00000
0.00000
0.00000
0.00000
0.00000
0.00000
0.00000
0.00000
0.00000
0.00000
0.00000
0.00000
0.03652
0.12127
0.22646
0.33484
0.42865
0.49250
0.51593
0.49511
0.43343
0.34102
0.23302
0.12714
0.00000
0.00000
0.00000
0.00000
0.00000
0.00000
0.00000
0.00000
0.00000
0.00000
0.00000
0.00000
0.04311
0.14315
0.26732
0.39526
0.50599
0.58136
0.60902
0.58444
0.51164
0.40255
0.27507
0.15008
0.00000
0.00000
0.00000
0.00000
0.00000
0.00000
0.00000
0.00000
0.00000
0.00000
0.00000
0.00000
0.04125
0.15180
0.29423
0.44456
0.57750
0.67067
0.70841
0.68435
0.60255
0.47678
0.32819
0.18179
0.00000
0.00000
0.00000
0.00000
0.00000
0.00000
0.00000
0.00000
0.00000
0.00000
0.00000
0.00000
0.03567
0.13129
0.25446
0.38447
0.49944
0.58003
0.61266
0.59186
0.52111
0.41234
0.28383
0.15722
0.00000
0.00000
0.00000
0.00000
0.00000
0.00000
0.00000
0.00000
0.00000
0.00000
0.00000
0.00000
0.02916
0.10732
0.20801
0.31428
0.40826
0.47413
0.50081
0.48381
0.42598
0.33706
0.23201
0.12851
0.00000
0.00000
0.00000
0.00000
0.00000
0.00000
0.00000
0.00000
0.00000
0.00000
0.00000
0.00000
0.04726
0.17395
0.33715
0.50941
0.66174
0.76851
0.81174
0.78418
0.69045
0.54633
0.37606
0.20830
0.00000
0.00000
0.00000
0.00000
0.00000
0.00000
0.00000
0.00000
0.00000
0.00000
0.00000
0.00000
0.04391
0.16161
0.31324
0.47328
0.61481
0.71401
0.75418
0.72857
0.64149
0.50758
0.34939
0.19353
0.00000
0.00000
0.00000
0.00000
0.00000
0.00000
0.00000
0.00000
0.00000
0.00000
0.00000
0.00000
0.02448
0.09009
0.17462
0.26384
0.34274
0.39804
0.42043
0.40615
0.35761
0.28296
0.19477
0.10789
0.00000
0.00000
0.00000
0.00000
0.00000
0.00000
0.00000
0.00000
0.00000
0.00000
0.00000
0.00000
0.01772
0.06520
0.12637
0.19094
0.24804
0.28806
0.30427
0.29394
0.25880
0.20478
0.14096
0.07808
0.00000
0.00000
0.00000
0.00000
0.00000
0.00000
0.00000
0.00000
0.00000
0.00000
0.00000
0.00000
0.03317
0.12209
0.23663
0.35754
0.46445
0.53939
0.56973
0.55039
0.48460
0.38345
0.26394
0.14620
0.00000
0.00000
0.00000
0.00000
0.00000
0.00000
0.00000
0.00000
0.00000
0.00000
0.00000
0.00000
0.03175
0.11685
0.22647
0.34219
0.44451
0.51623
0.54527
0.52676
0.46380
0.36698
0.25261
0.13992
0.00000
0.00000
0.00000
0.00000
0.00000
0.00000
0.00000
0.00000
0.00000
0.00000
0.00000
0.00000
0.04102
0.15097
0.29261
0.44211
0.57431
0.66697
0.70450
0.68058
0.59923
0.47415
0.32638
0.18078
0.00000
0.00000
0.00000
0.00000
0.00000
0.00000
0.00000
0.00000
0.00000
0.00000
0.00000
0.00000
0.03670
0.13507
0.26181
0.39557
0.51386
0.59677
0.63034
0.60894
0.53615
0.42424
0.29202
0.16175
0.00000
0.00000
0.00000
0.00000
0.00000
0.00000
0.00000
0.00000
0.00000
0.00000
0.00000
0.00000
0.03515
0.12936
0.25073
0.37884
0.49213
0.57153
0.60369
0.58319
0.51348
0.40630
0.27967
0.15491
0.00000
0.00000
0.00000
0.00000
0.00000
0.00000
0.00000
0.00000
0.00000
0.00000
0.00000
0.00000
0.03765
0.13857
0.26858
0.40581
0.52716
0.61221
0.64665
0.62470
0.55003
0.43522
0.29958
0.16594
0.00000
0.00000
0.00000
0.00000
0.00000
0.00000
0.00000
0.00000
0.00000
0.00000
0.00000
0.00000
0.04486
0.16509
0.31998
0.48346
0.62804
0.72937
0.77040
0.74424
0.65529
0.51850
0.35691
0.19770
0.00000
0.00000
0.00000
0.00000
0.00000
0.00000
0.00000
0.00000
0.00000
0.00000
0.00000
0.00000
0.04451
0.16381
0.31750
0.47973
0.62318
0.72373
0.76445
0.73849
0.65022
0.51449
0.35415
0.19617
0.00000
0.00000
0.00000
0.00000
0.00000
0.00000
0.00000
0.00000
0.00000
0.00000
0.00000
0.00000
0.04233
0.15580
0.30198
0.45626
0.59270
0.68833
0.72706
0.70237
0.61842
0.48933
0.33683
0.18657
0.00000
0.00000
0.00000
0.00000
0.00000
0.00000
0.00000
0.00000
0.00000
0.00000
0.00000
0.00000
0.04063
0.14954
0.28985
0.43794
0.56889
0.66068
0.69786
0.67416
0.59358
0.46968
0.32330
0.17908
0.00000
0.00000
0.00000
0.00000
0.00000
0.00000
0.00000
0.00000
0.00000
0.00000
0.00000
0.00000
0.02769
0.10190
0.19751
0.29842
0.38766
0.45021
0.47554
0.45939
0.40448
0.32005
0.22030
0.12203
0.00000
0.00000
0.00000
0.00000
0.00000
0.00000
0.00000
0.00000
0.00000
0.00000
0.00000
0.00000
0.03948
0.14529
0.28161
0.42549
0.55273
0.64191
0.67802
0.65500
0.57671
0.45633
0.31411
0.17399
0.00000
0.00000
0.00000
0.00000
0.00000
0.00000
0.00000
0.00000
0.00000
0.00000
0.00000
0.00000
0.02913
0.10721
0.20780
0.31398
0.40787
0.47367
0.50033
0.48334
0.42556
0.33673
0.23179
0.12839
0.00000
0.00000
0.00000
0.00000
0.00000
0.00000
0.00000
0.00000
0.00000
0.00000
0.00000
0.00000
0.02624
0.09656
0.18716
0.28278
0.36734
0.42661
0.45061
0.43531
0.38328
0.30327
0.20876
0.11563
0.00000
0.00000
0.00000
0.00000
0.00000
0.00000
0.00000
0.00000
0.00000
0.00000
0.00000
0.00000
0.02855
0.10508
0.20368
0.30774
0.39977
0.46427
0.49039
0.47374
0.41711
0.33004
0.22718
0.12584
0.00000
0.00000
0.00000
0.00000
0.00000
0.00000
0.00000
0.00000
0.00000
0.00000
0.00000
0.00000
0.04246
0.15626
0.30286
0.45760
0.59444
0.69035
0.72919
0.70443
0.62023
0.49077
0.33782
0.18712
0.00000
0.00000
0.00000
0.00000
0.00000
0.00000
0.00000
0.00000
0.00000
0.00000
0.00000
0.00000
0.03589
0.13207
0.25598
0.38677
0.50243
0.58349
0.61632
0.59539
0.52423
0.41480
0.28553
0.15816
0.00000
0.00000
0.00000
0.00000
0.00000
0.00000
0.00000
0.00000
0.00000
0.00000
0.00000
0.00000
0.04339
0.15970
0.30953
0.46768
0.60754
0.70556
0.74526
0.71995
0.63390
0.50158
0.34526
0.19124
0.00000
0.00000
0.00000
0.00000
0.00000
0.00000
0.00000
0.00000
0.00000
0.00000
0.00000
0.00000
0.03763
0.13848
0.26840
0.40554
0.52681
0.61181
0.64623
0.62429
0.54967
0.43493
0.29938
0.16583
0.00000
0.00000
0.00000
0.00000
0.00000
0.00000
0.00000
0.00000
0.00000
0.00000
0.00000
0.00000
0.03301
0.12151
0.23551
0.35583
0.46224
0.53682
0.56702
0.54777
0.48229
0.38162
0.26269
0.14550
0.00000
0.00000
0.00000
0.00000
0.00000
0.00000
0.00000
0.00000
0.00000
0.00000
0.00000
0.00000
0.03837
0.14121
0.27370
0.41355
0.53721
0.62388
0.65899
0.63661
0.56052
0.44352
0.30529
0.16910
0.00000
0.00000
0.00000
0.00000
0.00000
0.00000
0.00000
0.00000
0.00000
0.00000
0.00000
0.00000
0.03312
0.12188
0.23622
0.35692
0.46365
0.53846
0.56875
0.54944
0.48377
0.38279
0.26349
0.14595
0.00000
0.00000
0.00000
0.00000
0.00000
0.00000
0.00000
0.00000
0.00000
0.00000
0.00000
0.00000
0.02780
0.10232
0.19832
0.29965
0.38925
0.45206
0.47749
0.46128
0.40614
0.32137
0.22121
0.12253
0.00000
0.00000
0.00000
0.00000
0.00000
0.00000
0.00000
0.00000
0.00000
0.00000
0.00000
0.00000
0.04143
0.15246
0.29550
0.44648
0.57999
0.67357
0.71147
0.68731
0.60516
0.47884
0.32960
0.18257
0.00000
0.00000
0.00000
0.00000
0.00000
