0.00000
0.00000
0.00000
0.00000
0.00000
0.00000
0.00000
0.03195
0.11071
0.22167
0.34531
0.45988
0.54523
0.58633
0.57595
0.51593
0.41683
0.29607
0.17490
0.00000
0.00000
0.00000
0.00000
0.00000
0.00000
0.00000
0.00000
0.00000
0.00000
0.00000
0.00000
0.03289
0.11396
0.22817
0.35544
0.47337
0.56121
0.60352
0.59284
0.53106
0.42905
0.30475
0.18003
0.00000
0.00000
0.00000
0.00000
0.00000
0.00000
0.00000
0.00000
0.00000
0.00000
0.00000
0.00000
0.04539
0.15726
0.31488
0.49051
0.65326
0.77449
0.83287
0.81814
0.73288
0.59210
0.42056
0.24844
0.00000
0.00000
0.00000
0.00000
0.00000
0.00000
0.00000
0.00000
0.00000
0.00000
0.00000
0.00000
0.04699
0.16280
0.32596
0.50778
0.67625
0.80174
0.86218
0.84693
0.75867
0.61294
0.43536
0.25718
0.00000
0.00000
0.00000
0.00000
0.00000
0.00000
0.00000
0.00000
0.00000
0.00000
0.00000
0.00000
0.04424
0.15327
0.30689
0.47806
0.63667
0.75482
0.81172
0.79736
0.71427
0.57706
0.40988
0.24213
0.00000
0.00000
0.00000
0.00000
0.00000
0.00000
0.00000
0.00000
0.00000
0.00000
0.00000
0.00000
0.03532
0.12238
0.24504
0.38171
0.50836
0.60269
0.64813
0.63666
0.57032
0.46076
0.32727
0.19333
0.00000
0.00000
0.00000
0.00000
0.00000
0.00000
0.00000
0.00000
0.00000
0.00000
0.00000
0.00000
0.04292
0.14872
0.29777
0.46385
0.61775
0.73239
0.78760
0.77366
0.69304
0.55991
0.39770
0.23494
0.00000
0.00000
0.00000
0.00000
0.00000
0.00000
0.00000
0.00000
0.00000
0.00000
0.00000
0.00000
0.04160
0.14414
0.28860
0.44957
0.59873
0.70984
0.76335
0.74984
0.67170
0.54267
0.38545
0.22770
0.00000
0.00000
0.00000
0.00000
0.00000
0.00000
0.00000
0.00000
0.00000
0.00000
0.00000
0.00000
0.03361
0.11645
0.23317
0.36322
0.48373
0.57350
0.61673
0.60582
0.54269
0.43844
0.31142
0.18397
0.00000
0.00000
0.00000
0.00000
0.00000
0.00000
0.00000
0.00000
0.00000
0.00000
0.00000
0.00000
0.03437
0.11908
0.23843
0.37142
0.49465
0.58645
0.63066
0.61950
0.55494
0.44834
0.31845
0.18812
0.00000
0.00000
0.00000
0.00000
0.00000
0.00000
0.00000
0.00000
0.00000
0.00000
0.00000
0.00000
0.04272
0.14803
0.29639
0.46171
0.61489
0.72900
0.78396
0.77009
0.68984
0.55732
0.39586
0.23385
0.00000
0.00000
0.00000
0.00000
0.00000
0.00000
0.00000
0.00000
0.00000
0.00000
0.00000
0.00000
0.03480
0.12059
0.24145
0.37613
0.50092
0.59388
0.63865
0.62735
0.56197
0.45402
0.32249
0.19051
0.00000
0.00000
0.00000
0.00000
0.00000
0.00000
0.00000
0.00000
0.00000
0.00000
0.00000
0.00000
0.03473
0.12032
0.24091
0.37529
0.49980
0.59255
0.63722
0.62595
0.56072
0.45301
0.32176
0.19008
0.00000
0.00000
0.00000
0.00000
0.00000
0.00000
0.00000
0.00000
0.00000
0.00000
0.00000
0.00000
0.04523
0.15670
0.31376
0.48876
0.65093
0.77172
0.82990
0.81522
0.73026
0.58998
0.41906
0.24755
0.00000
0.00000
0.00000
0.00000
0.00000
0.00000
0.00000
0.00000
0.00000
0.00000
0.00000
0.00000
0.04020
0.13928
0.27888
0.43442
0.57856
0.68592
0.73763
0.72458
0.64908
0.52439
0.37247
0.22003
0.00000
0.00000
0.00000
0.00000
0.00000
0.00000
0.00000
0.00000
0.00000
0.00000
0.00000
0.00000
0.02896
0.10033
0.20089
0.31293
0.41676
0.49410
0.53135
0.52195
0.46756
0.37774
0.26830
0.15850
0.00000
0.00000
0.00000
0.00000
0.00000
0.00000
0.00000
0.00000
0.00000
0.00000
0.00000
0.00000
0.04775
0.16545
0.33128
0.51605
0.68727
0.81481
0.87624
0.86074
0.77104
0.62293
0.44246
0.26138
0.00000
0.00000
0.00000
0.00000
0.00000
0.00000
0.00000
0.00000
0.00000
0.00000
0.00000
0.00000
0.04063
0.14077
0.28185
0.43905
0.58473
0.69324
0.74550
0.73231
0.65600
0.52998
0.37644
0.22238
0.00000
0.00000
0.00000
0.00000
0.00000
0.00000
0.00000
0.00000
0.00000
0.00000
0.00000
0.00000
0.02545
0.08818
0.17657
0.27505
0.36631
0.43429
0.46703
0.45876
0.41096
0.33202
0.23583
0.13931
0.00000
0.00000
0.00000
0.00000
0.00000
0.00000
0.00000
0.00000
0.00000
0.00000
0.00000
0.00000
0.03461
0.11993
0.24012
0.37406
0.49817
0.59061
0.63513
0.62390
0.55888
0.45153
0.32071
0.18946
0.00000
0.00000
0.00000
0.00000
0.00000
0.00000
0.00000
0.00000
0.00000
0.00000
0.00000
0.00000
0.04121
0.14278
0.28588
0.44534
0.59309
0.70316
0.75616
0.74279
0.66538
0.53757
0.38182
0.22556
0.00000
0.00000
0.00000
0.00000
0.00000
0.00000
0.00000
0.00000
0.00000
0.00000
0.00000
0.00000
0.04259
0.14756
0.29546
0.46025
0.61296
0.72670
0.78149
0.76766
0.68767
0.55557
0.39461
0.23311
0.00000
0.00000
0.00000
0.00000
0.00000
0.00000
0.00000
0.00000
0.00000
0.00000
0.00000
0.00000
0.03282
0.11370
0.22765
0.35463
0.47230
0.55994
0.60215
0.59150
0.52986
0.42808
0.30406
0.17962
0.00000
0.00000
0.00000
0.00000
0.00000
0.00000
0.00000
0.00000
0.00000
0.00000
0.00000
0.00000
0.04591
0.15907
0.31849
0.49614
0.66075
0.78337
0.84242
0.82752
0.74128
0.59889
0.42538
0.25129
0.00000
0.00000
0.00000
0.00000
0.00000
0.00000
0.00000
0.00000
0.00000
0.00000
0.00000
0.00000
0.03703
0.12831
0.25690
0.40020
0.53298
0.63188
0.67952
0.66750
0.59794
0.48308
0.34312
0.20270
0.00000
0.00000
0.00000
0.00000
0.00000
0.00000
0.00000
0.00000
0.00000
0.00000
0.00000
0.00000
0.03886
0.13462
0.26955
0.41990
0.55922
0.66299
0.71297
0.70036
0.62738
0.50686
0.36002
0.21268
0.00000
0.00000
0.00000
0.00000
0.00000
0.00000
0.00000
0.00000
0.00000
0.00000
0.00000
0.00000
0.04010
0.13895
0.27822
0.43340
0.57720
0.68432
0.73590
0.72288
0.64755
0.52316
0.37159
0.21952
0.00000
0.00000
0.00000
0.00000
0.00000
0.00000
0.00000
0.00000
0.00000
0.00000
0.00000
0.00000
0.04493
0.15566
0.31168
0.48552
0.64661
0.76660
0.82439
0.80981
0.72542
0.58607
0.41628
0.24591
0.00000
0.00000
0.00000
0.00000
0.00000
0.00000
0.00000
0.00000
0.00000
0.00000
0.00000
0.00000
0.03570
0.12368
0.24764
0.38577
0.51376
0.60910
0.65502
0.64343
0.57638
0.46566
0.33075
0.19539
0.00000
0.00000
0.00000
0.00000
0.00000
0.00000
0.00000
0.00000
0.00000
0.00000
0.00000
0.00000
0.04009
0.13890
0.27812
0.43324
0.57698
0.68406
0.73562
0.72261
0.64731
0.52297
0.37145
0.21943
0.00000
0.00000
0.00000
0.00000
0.00000
0.00000
0.00000
0.00000
0.00000
0.00000
0.00000
0.00000
0.03289
0.11397
0.22820
0.35548
0.47342
0.56127
0.60359
0.59291
0.53112
0.42910
0.30478
0.18005
0.00000
0.00000
0.00000
0.00000
0.00000
0.00000
0.00000
0.00000
0.00000
0.00000
0.00000
0.00000
0.00671
0.13568
0.28709
0.44039
0.57475
0.67194
0.71875
0.70883
0.64352
0.53170
0.38854
0.23349
0.08761
0.00000
0.00000
0.00000
0.00000
0.00000
0.00000
0.00000
0.00000
0.00000
0.00000
0.00000
0.00607
0.12279
0.25982
0.39855
0.52016
0.60811
0.65048
0.64150
0.58239
0.48119
0.35163
0.21131
0.07929
0.00000
0.00000
0.00000
0.00000
0.00000
0.00000
0.00000
0.00000
0.00000
0.00000
0.00000
0.00683
0.13810
0.29221
0.44824
0.58501
0.68393
0.73157
0.72148
0.65500
0.54118
0.39547
0.23766
0.08917
0.00000
0.00000
0.00000
0.00000
0.00000
0.00000
0.00000
0.00000
0.00000
0.00000
0.00000
0.00759
0.15343
0.32466
0.49803
0.64998
0.75989
0.81283
0.80161
0.72775
0.60129
0.43939
0.26405
0.09907
0.00000
0.00000
0.00000
0.00000
0.00000
0.00000
0.00000
0.00000
0.00000
0.00000
0.00000
0.00708
0.14317
0.30294
0.46471
0.60649
0.70905
0.75845
0.74798
0.67906
0.56106
0.41000
0.24639
0.09245
0.00000
0.00000
0.00000
0.00000
0.00000
0.00000
0.00000
0.00000
0.00000
0.00000
0.00000
0.00712
0.14396
0.30462
0.46727
0.60984
0.71297
0.76263
0.75211
0.68281
0.56416
0.41226
0.24775
0.09296
0.00000
0.00000
0.00000
0.00000
0.00000
0.00000
0.00000
0.00000
0.00000
0.00000
0.00000
0.00798
0.16143
0.34158
0.52398
0.68385
0.79948
0.85518
0.84337
0.76567
0.63262
0.46229
0.27781
0.10424
0.00000
0.00000
0.00000
0.00000
0.00000
0.00000
0.00000
0.00000
0.00000
0.00000
0.00000
0.00646
0.13052
0.27618
0.42365
0.55291
0.64640
0.69143
0.68189
0.61906
0.51149
0.37377
0.22462
0.08428
0.00000
0.00000
0.00000
0.00000
0.00000
0.00000
0.00000
0.00000
0.00000
0.00000
0.00000
0.00554
0.11191
0.23680
0.36325
0.47408
0.55425
0.59286
0.58468
0.53081
0.43857
0.32049
0.19259
0.07226
0.00000
0.00000
0.00000
0.00000
0.00000
0.00000
0.00000
0.00000
0.00000
0.00000
0.00000
0.00705
0.14248
0.30149
0.46248
0.60359
0.70565
0.75481
0.74439
0.67581
0.55837
0.40803
0.24521
0.09200
0.00000
0.00000
0.00000
0.00000
0.00000
0.00000
0.00000
0.00000
0.00000
0.00000
0.00000
0.00765
0.15463
0.32721
0.50193
0.65507
0.76584
0.81919
0.80788
0.73345
0.60600
0.44283
0.26612
0.09985
0.00000
0.00000
0.00000
0.00000
0.00000
0.00000
0.00000
0.00000
0.00000
0.00000
0.00000
0.00642
0.12983
0.27471
0.42140
0.54997
0.64297
0.68776
0.67827
0.61578
0.50877
0.37179
0.22342
0.08383
0.00000
0.00000
0.00000
0.00000
0.00000
0.00000
0.00000
0.00000
0.00000
0.00000
0.00000
0.00535
0.10825
0.22906
0.35137
0.45858
0.53612
0.57347
0.56556
0.51345
0.42423
0.31000
0.18630
0.06990
0.00000
0.00000
0.00000
0.00000
0.00000
0.00000
0.00000
0.00000
0.00000
0.00000
0.00000
0.00657
0.13286
0.28112
0.43124
0.56281
0.65798
0.70382
0.69411
0.63016
0.52065
0.38047
0.22864
0.08579
0.00000
0.00000
0.00000
0.00000
0.00000
0.00000
0.00000
0.00000
0.00000
0.00000
0.00000
0.00662
0.13378
0.28307
0.43422
0.56671
0.66253
0.70869
0.69891
0.63451
0.52425
0.38310
0.23022
0.08638
0.00000
0.00000
0.00000
0.00000
0.00000
0.00000
0.00000
0.00000
0.00000
0.00000
0.00000
0.00480
0.09698
0.20521
0.31479
0.41083
0.48030
0.51377
0.50667
0.45999
0.38006
0.27773
0.16690
0.06262
0.00000
0.00000
0.00000
0.00000
0.00000
0.00000
0.00000
0.00000
0.00000
0.00000
0.00000
0.00537
0.10854
0.22967
0.35231
0.45980
0.53755
0.57500
0.56706
0.51482
0.42536
0.31083
0.18679
0.07009
0.00000
0.00000
0.00000
0.00000
0.00000
0.00000
0.00000
0.00000
0.00000
0.00000
0.00000
0.00616
0.12447
0.26338
0.40402
0.52729
0.61646
0.65940
0.65030
0.59038
0.48779
0.35646
0.21421
0.08037
0.00000
0.00000
0.00000
0.00000
0.00000
0.00000
0.00000
0.00000
0.00000
0.00000
0.00000
0.00554
0.11200
0.23699
0.36354
0.47446
0.55469
0.59333
0.58514
0.53123
0.43891
0.32074
0.19275
0.07232
0.00000
0.00000
0.00000
0.00000
0.00000
0.00000
0.00000
0.00000
0.00000
0.00000
0.00000
0.00718
0.14517
0.30718
0.47121
0.61497
0.71896
0.76905
0.75844
0.68856
0.56891
0.41573
0.24983
0.09374
0.00000
0.00000
0.00000
0.00000
0.00000
0.00000
0.00000
0.00000
0.00000
0.00000
0.00000
0.00620
0.12541
0.26536
0.40706
0.53126
0.62109
0.66436
0.65519
0.59482
0.49146
0.35913
0.21582
0.08098
0.00000
0.00000
0.00000
0.00000
0.00000
0.00000
0.00000
0.00000
0.00000
0.00000
0.00000
0.00577
0.11673
0.24700
0.37890
0.49450
0.57812
0.61840
0.60986
0.55367
0.45746
0.33429
0.20089
0.07538
0.00000
0.00000
0.00000
0.00000
0.00000
0.00000
0.00000
0.00000
0.00000
0.00000
0.00000
0.00644
0.13022
0.27555
0.42269
0.55166
0.64494
0.68987
0.68035
0.61767
0.51033
0.37293
0.22411
0.08409
0.00000
0.00000
0.00000
0.00000
0.00000
0.00000
0.00000
0.00000
0.00000
0.00000
0.00000
0.00775
0.15661
0.33138
0.50833
0.66342
0.77560
0.82964
0.81818
0.74280
0.61372
0.44848
0.26951
0.10112
0.00000
0.00000
0.00000
0.00000
0.00000
0.00000
0.00000
0.00000
0.00000
0.00000
0.00000
0.00729
0.14730
0.31168
0.47811
0.62399
0.72950
0.78032
0.76955
0.69865
0.57724
0.42182
0.25349
0.09511
0.00000
0.00000
0.00000
0.00000
0.00000
0.00000
0.00000
0.00000
0.00000
0.00000
0.00000
0.00813
0.16436
0.34778
0.53348
0.69625
0.81398
0.87069
0.85867
0.77956
0.64409
0.47067
0.28285
0.10613
0.00000
0.00000
0.00000
0.00000
0.00000
0.00000
0.00000
0.00000
0.00000
0.00000
0.00000
0.00612
0.12382
0.26200
0.40191
0.52453
0.61323
0.65595
0.64689
0.58729
0.48524
0.35459
0.21309
0.07995
0.00000
0.00000
0.00000
0.00000
0.00000
0.00000
0.00000
0.00000
0.00000
0.00000
0.00000
0.00783
0.15837
0.33511
0.51405
0.67089
0.78433
0.83897
0.82739
0.75116
0.62063
0.45353
0.27255
0.10226
0.00000
0.00000
0.00000
0.00000
0.00000
0.00000
0.00000
0.00000
0.00000
0.00000
0.00464
0.04436
0.13580
0.26300
0.40374
0.53343
0.62942
0.67495
0.66206
0.59301
0.47985
0.34235
0.20453
0.09046
0.00000
0.00000
0.00000
0.00000
0.00000
0.00000
0.00000
0.00000
0.00000
0.00000
0.00483
0.04616
0.14133
0.27371
0.42017
0.55514
0.65504
0.70243
0.68901
0.61715
0.49938
0.35629
0.21286
0.09414
0.00000
0.00000
0.00000
0.00000
0.00000
0.00000
0.00000
0.00000
0.00000
0.00000
0.00546
0.05219
0.15979
0.30945
0.47504
0.62764
0.74058
0.79415
0.77899
0.69774
0.56460
0.40282
0.24066
0.10644
0.00000
0.00000
0.00000
0.00000
0.00000
0.00000
0.00000
0.00000
0.00000
0.00000
0.00530
0.05074
0.15533
0.30083
0.46180
0.61014
0.71994
0.77201
0.75727
0.67829
0.54886
0.39159
0.23395
0.10347
0.00000
0.00000
0.00000
0.00000
0.00000
0.00000
0.00000
0.00000
0.00000
0.00000
0.00384
0.03673
0.11244
0.21776
0.33429
0.44167
0.52115
0.55884
0.54817
0.49100
0.39730
0.28346
0.16935
0.07490
0.00000
0.00000
0.00000
0.00000
0.00000
0.00000
0.00000
0.00000
0.00000
0.00000
0.00398
0.03809
0.11661
0.22583
0.34668
0.45804
0.54047
0.57956
0.56849
0.50920
0.41203
0.29397
0.17563
0.07768
0.00000
0.00000
0.00000
0.00000
0.00000
0.00000
0.00000
0.00000
0.00000
0.00000
0.00442
0.04228
0.12944
0.25068
0.38482
0.50843
0.59993
0.64332
0.63104
0.56522
0.45736
0.32631
0.19495
0.08622
0.00000
0.00000
0.00000
0.00000
0.00000
0.00000
0.00000
0.00000
0.00000
0.00000
0.00424
0.04053
0.12408
0.24030
0.36889
0.48738
0.57509
0.61669
0.60491
0.54182
0.43843
0.31280
0.18688
0.08265
0.00000
0.00000
0.00000
0.00000
0.00000
0.00000
0.00000
0.00000
0.00000
0.00000
0.00552
0.05276
0.16153
0.31283
0.48023
0.63450
0.74868
0.80283
0.78750
0.70536
0.57077
0.40722
0.24328
0.10760
0.00000
0.00000
0.00000
0.00000
0.00000
0.00000
0.00000
0.00000
0.00000
0.00000
0.00594
0.05685
0.17406
0.33709
0.51748
0.68370
0.80674
0.86509
0.84857
0.76006
0.61503
0.43880
0.26215
0.11594
0.00000
0.00000
0.00000
0.00000
0.00000
0.00000
0.00000
0.00000
0.00000
0.00000
0.00450
0.04301
0.13167
0.25499
0.39144
0.51718
0.61025
0.65439
0.64189
0.57494
0.46523
0.33192
0.19830
0.08770
0.00000
0.00000
0.00000
0.00000
0.00000
0.00000
0.00000
0.00000
0.00000
0.00000
0.00573
0.05479
0.16775
0.32488
0.49873
0.65893
0.77751
0.83375
0.81783
0.73253
0.59275
0.42290
0.25265
0.11174
0.00000
0.00000
0.00000
0.00000
0.00000
0.00000
0.00000
0.00000
0.00000
0.00000
0.00478
0.04576
0.14011
0.27135
0.41654
0.55035
0.64939
0.69636
0.68306
0.61182
0.49507
0.35321
0.21102
0.09333
0.00000
0.00000
0.00000
0.00000
0.00000
0.00000
0.00000
0.00000
0.00000
0.00000
0.00372
0.03562
0.10904
0.21118
0.32418
0.42831
0.50539
0.54195
0.53160
0.47615
0.38529
0.27489
0.16423
0.07264
0.00000
0.00000
0.00000
0.00000
0.00000
0.00000
0.00000
0.00000
0.00000
0.00000
0.00495
0.04736
0.14500
0.28082
0.43109
0.56957
0.67206
0.72068
0.70691
0.63318
0.51236
0.36555
0.21839
0.09659
0.00000
0.00000
0.00000
0.00000
0.00000
0.00000
0.00000
0.00000
0.00000
0.00000
0.00312
0.02980
0.09125
0.17671
0.27127
0.35841
0.42291
0.45350
0.44484
0.39844
0.32241
0.23003
0.13743
0.06078
0.00000
0.00000
0.00000
0.00000
0.00000
0.00000
0.00000
0.00000
0.00000
0.00000
0.00579
0.05540
0.16961
0.32847
0.50424
0.66621
0.78609
0.84295
0.82686
0.74062
0.59929
0.42757
0.25544
0.11298
0.00000
0.00000
0.00000
0.00000
0.00000
0.00000
0.00000
0.00000
0.00000
0.00000
0.00523
0.05006
0.15327
0.29684
0.45568
0.60205
0.71039
0.76178
0.74723
0.66929
0.54158
0.38639
0.23084
0.10210
0.00000
0.00000
0.00000
0.00000
0.00000
0.00000
0.00000
0.00000
0.00000
0.00000
0.00475
0.04545
0.13914
0.26947
0.41367
0.54654
0.64490
0.69154
0.67834
0.60759
0.49165
0.35077
0.20956
0.09268
0.00000
0.00000
0.00000
0.00000
0.00000
0.00000
0.00000
0.00000
0.00000
0.00000
0.00476
0.04553
0.13938
0.26993
0.41437
0.54747
0.64599
0.69272
0.67949
0.60862
0.49248
0.35136
0.20992
0.09284
0.00000
0.00000
0.00000
0.00000
0.00000
0.00000
0.00000
0.00000
0.00000
0.00000
0.00322
0.03084
0.09442
0.18286
0.28070
0.37087
0.43761
0.46927
0.46031
0.41230
0.33362
0.23803
0.14220
0.06289
0.00000
0.00000
0.00000
0.00000
0.00000
0.00000
0.00000
0.00000
0.00000
0.00000
0.00333
0.03181
0.09739
0.18861
0.28954
0.38254
0.45138
0.48403
0.47479
0.42527
0.34412
0.24551
0.14668
0.06487
0.00000
0.00000
0.00000
0.00000
0.00000
0.00000
0.00000
0.00000
0.00000
0.00000
0.00328
0.03137
0.09603
0.18597
0.28549
0.37719
0.44507
0.47726
0.46815
0.41932
0.33931
0.24208
0.14463
0.06397
0.00000
0.00000
0.00000
0.00000
0.00000
0.00000
0.00000
0.00000
0.00000
0.00000
0.00271
0.02592
0.07935
0.15367
0.23590
0.31167
0.36776
0.39436
0.38683
0.34648
0.28037
0.20003
0.11950
0.05285
0.00000
0.00000
0.00000
0.00000
0.00000
0.00000
0.00000
0.00000
0.00000
0.00000
0.00587
0.05619
0.17204
0.33319
0.51148
0.67577
0.79738
0.85506
0.83873
0.75125
0.60790
0.43371
0.25911
0.11460
0.00000
0.00000
0.00000
0.00000
0.00000
0.00000
0.00000
0.00000
0.00000
0.00000
0.00575
0.05501
0.16843
0.32619
0.50073
0.66158
0.78063
0.83710
0.82112
0.73547
0.59513
0.42460
0.25367
0.11219
0.00000
0.00000
0.00000
0.00000
0.00000
0.00000
0.00000
0.00000
0.00000
0.00000
0.00454
0.04338
0.13281
0.25721
0.39485
0.52168
0.61556
0.66009
0.64748
0.57995
0.46928
0.33481
0.20003
0.08847
0.00000
0.00000
0.00000
0.00000
0.00000
0.00000
0.00000
0.00000
0.00000
0.00000
0.00537
0.05136
0.15723
0.30450
0.46744
0.61759
0.72873
0.78144
0.76652
0.68657
0.55556
0.39637
0.23680
0.10473
0.00000
0.00000
0.00000
0.00000
0.00000
0.00000
0.00000
0.00000
0.00000
0.00000
0.00296
0.02830
0.08663
0.16778
0.25755
0.34029
0.40152
0.43057
0.42234
0.37829
0.30611
0.21839
0.13048
0.05771
0.00000
0.00000
0.00000
0.00000
0.00000
0.00000
0.00000
0.00000
0.00000
0.00000
0.00548
0.05246
0.16060
0.31103
0.47747
0.63084
0.74436
0.79820
0.78296
0.70130
0.56748
0.40487
0.24188
0.10698
0.00000
0.00000
0.00000
0.00000
0.00000
0.00000
0.00000
0.00000
0.00000
0.00000
0.00491
0.04699
0.14385
0.27859
0.42767
0.56504
0.66673
0.71495
0.70130
0.62815
0.50829
0.36264
0.21665
0.09582
0.00000
0.00000
0.00000
0.00000
0.00000
0.00000
0.00000
0.00000
0.00000
0.00000
0.00000
0.04801
0.15305
0.29520
0.45058
0.59310
0.69882
0.74999
0.73800
0.66488
0.54290
0.39256
0.23909
0.00000
0.00000
0.00000
0.00000
0.00000
0.00000
0.00000
0.00000
0.00000
0.00000
0.00000
0.00000
0.03890
0.12400
0.23918
0.36508
0.48055
0.56621
0.60766
0.59795
0.53871
0.43988
0.31806
0.19372
0.00000
0.00000
0.00000
0.00000
0.00000
0.00000
0.00000
0.00000
0.00000
0.00000
0.00000
0.00000
0.01810
0.05769
0.11128
0.16985
0.22358
0.26343
0.28272
0.27820
0.25064
0.20465
0.14798
0.09013
0.00000
0.00000
0.00000
0.00000
0.00000
0.00000
0.00000
0.00000
0.00000
0.00000
0.00000
0.00000
0.03093
0.09861
0.19020
0.29031
0.38214
0.45025
0.48322
0.47550
0.42838
0.34979
0.25292
0.15405
0.00000
0.00000
0.00000
0.00000
0.00000
0.00000
0.00000
0.00000
0.00000
0.00000
0.00000
0.00000
0.04271
0.13615
0.26261
0.40084
0.52763
0.62168
0.66720
0.65654
0.59149
0.48298
0.34923
0.21270
0.00000
0.00000
0.00000
0.00000
0.00000
0.00000
0.00000
0.00000
0.00000
0.00000
0.00000
0.00000
0.04556
0.14525
0.28016
0.42764
0.56290
0.66324
0.71179
0.70042
0.63102
0.51526
0.37257
0.22692
0.00000
0.00000
0.00000
0.00000
0.00000
0.00000
0.00000
0.00000
0.00000
0.00000
0.00000
0.00000
0.04054
0.12925
0.24931
0.38053
0.50090
0.59018
0.63339
0.62327
0.56152
0.45850
0.33153
0.20192
0.00000
0.00000
0.00000
0.00000
0.00000
0.00000
0.00000
0.00000
0.00000
0.00000
0.00000
0.00000
0.02467
0.07865
0.15171
0.23156
0.30480
0.35914
0.38543
0.37927
0.34169
0.27901
0.20174
0.12287
0.00000
0.00000
0.00000
0.00000
0.00000
0.00000
0.00000
0.00000
0.00000
0.00000
0.00000
0.00000
0.04520
0.14409
0.27792
0.42420
0.55838
0.65791
0.70608
0.69480
0.62596
0.51112
0.36958
0.22510
0.00000
0.00000
0.00000
0.00000
0.00000
0.00000
0.00000
0.00000
0.00000
0.00000
0.00000
0.00000
0.04652
0.14832
0.28608
0.43666
0.57478
0.67723
0.72682
0.71520
0.64434
0.52613
0.38043
0.23171
0.00000
0.00000
0.00000
0.00000
0.00000
0.00000
0.00000
0.00000
0.00000
0.00000
0.00000
0.00000
0.02717
0.08661
0.16705
0.25498
0.33564
0.39546
0.42442
0.41763
0.37625
0.30723
0.22215
0.13530
0.00000
0.00000
0.00000
0.00000
0.00000
0.00000
0.00000
0.00000
0.00000
0.00000
0.00000
0.00000
0.04602
0.14670
0.28296
0.43190
0.56851
0.66985
0.71890
0.70741
0.63732
0.52040
0.37628
0.22918
0.00000
0.00000
0.00000
0.00000
0.00000
0.00000
0.00000
0.00000
0.00000
0.00000
0.00000
0.00000
0.03952
0.12599
0.24301
0.37093
0.48826
0.57529
0.61741
0.60754
0.54735
0.44693
0.32316
0.19683
0.00000
0.00000
0.00000
0.00000
0.00000
0.00000
0.00000
0.00000
0.00000
0.00000
0.00000
0.00000
0.04001
0.12756
0.24604
0.37555
0.49434
0.58246
0.62510
0.61511
0.55417
0.45250
0.32719
0.19928
0.00000
0.00000
0.00000
0.00000
0.00000
0.00000
0.00000
0.00000
0.00000
0.00000
0.00000
0.00000
0.04193
0.13369
0.25786
0.39359
0.51809
0.61044
0.65513
0.64466
0.58079
0.47424
0.34291
0.20885
0.00000
0.00000
0.00000
0.00000
0.00000
0.00000
0.00000
0.00000
0.00000
0.00000
0.00000
0.00000
0.04203
0.13400
0.25845
0.39449
0.51927
0.61184
0.65663
0.64614
0.58212
0.47532
0.34369
0.20933
0.00000
0.00000
0.00000
0.00000
0.00000
0.00000
0.00000
0.00000
0.00000
0.00000
0.00000
0.00000
0.03778
0.12045
0.23232
0.35460
0.46676
0.54996
0.59023
0.58080
0.52325
0.42726
0.30894
0.18816
0.00000
0.00000
0.00000
0.00000
0.00000
0.00000
0.00000
0.00000
0.00000
0.00000
0.00000
0.00000
0.03884
0.12384
0.23886
0.36459
0.47991
0.56545
0.60685
0.59715
0.53799
0.43929
0.31764
0.19346
0.00000
0.00000
0.00000
0.00000
0.00000
0.00000
0.00000
0.00000
0.00000
0.00000
0.00000
0.00000
0.04354
0.13880
0.26772
0.40865
0.53790
0.63379
0.68019
0.66932
0.60300
0.49238
0.35602
0.21684
0.00000
0.00000
0.00000
0.00000
0.00000
0.00000
0.00000
0.00000
0.00000
0.00000
0.00000
0.00000
0.04510
0.14379
0.27733
0.42331
0.55721
0.65653
0.70460
0.69334
0.62464
0.51005
0.36880
0.22462
0.00000
0.00000
0.00000
0.00000
0.00000
0.00000
0.00000
0.00000
0.00000
0.00000
0.00000
0.00000
0.02918
0.09303
0.17943
0.27388
0.36051
0.42477
0.45587
0.44859
0.40414
0.33000
0.23861
0.14533
0.00000
0.00000
0.00000
0.00000
0.00000
0.00000
0.00000
0.00000
0.00000
0.00000
0.00000
0.00000
0.05355
0.17072
0.32928
0.50260
0.66158
0.77951
0.83658
0.82321
0.74165
0.60559
0.43788
0.26670
0.00000
0.00000
0.00000
0.00000
0.00000
0.00000
0.00000
0.00000
0.00000
0.00000
0.00000
0.00000
0.04027
0.12838
0.24762
0.37796
0.49751
0.58619
0.62911
0.61906
0.55772
0.45540
0.32929
0.20056
0.00000
0.00000
0.00000
0.00000
0.00000
0.00000
0.00000
0.00000
0.00000
0.00000
0.00000
0.00000
0.03388
0.10801
0.20833
0.31798
0.41856
0.49317
0.52928
0.52082
0.46922
0.38314
0.27703
0.16873
0.00000
0.00000
0.00000
0.00000
0.00000
0.00000
0.00000
0.00000
0.00000
0.00000
0.00000
0.00000
0.03030
0.09659
0.18631
0.28438
0.37433
0.44105
0.47335
0.46578
0.41963
0.34265
0.24776
0.15090
0.00000
0.00000
0.00000
0.00000
0.00000
0.00000
0.00000
0.00000
0.00000
0.00000
0.00000
0.00000
0.03670
0.11701
0.22569
0.34448
0.45344
0.53427
0.57338
0.56422
0.50832
0.41506
0.30012
0.18279
0.00000
0.00000
0.00000
0.00000
0.00000
0.00000
0.00000
0.00000
0.00000
0.00000
0.00000
0.00000
0.03526
0.11242
0.21683
0.33097
0.43566
0.51331
0.55090
0.54209
0.48838
0.39878
0.28835
0.17562
0.00000
0.00000
0.00000
0.00000
0.00000
0.00000
0.00000
0.00000
0.00000
0.00000
0.00000
0.00000
0.04183
0.13336
0.25723
0.39262
0.51681
0.60894
0.65352
0.64308
0.57936
0.47307
0.34206
0.20834
0.00000
0.00000
0.00000
0.00000
0.00000
0.00000
0.00000
0.00000
0.00000
0.00000
0.00000
0.00000
0.04337
0.13826
0.26668
0.40705
0.53580
0.63130
0.67753
0.66670
0.60064
0.49045
0.35463
0.21599
0.00000
0.00000
0.00000
0.00000
0.00000
0.00000
0.00000
0.00000
0.00000
0.00000
0.00000
0.00000
0.04541
0.14479
0.27926
0.42626
0.56109
0.66110
0.70950
0.69816
0.62899
0.51360
0.37137
0.22619
0.00000
0.00000
0.00000
0.00000
0.00000
0.00000
0.00000
0.00000
0.00000
0.00000
0.00000
0.00252
0.05693
0.15009
0.26776
0.39194
0.50366
0.58582
0.62587
0.61768
0.56250
0.46878
0.35083
0.22670
0.00000
0.00000
0.00000
0.00000
0.00000
0.00000
0.00000
0.00000
0.00000
0.00000
0.00000
0.00141
0.03195
0.08424
0.15028
0.21998
0.28268
0.32880
0.35127
0.34668
0.31571
0.26310
0.19690
0.12724
0.00000
0.00000
0.00000
0.00000
0.00000
0.00000
0.00000
0.00000
0.00000
0.00000
0.00000
0.00275
0.06203
0.16354
0.29176
0.42708
0.54881
0.63834
0.68198
0.67305
0.61293
0.51080
0.38228
0.24702
0.00000
0.00000
0.00000
0.00000
0.00000
0.00000
0.00000
0.00000
0.00000
0.00000
0.00000
0.00284
0.06406
0.16891
0.30133
0.44109
0.56682
0.65929
0.70436
0.69514
0.63304
0.52756
0.39482
0.25513
0.00000
0.00000
0.00000
0.00000
0.00000
0.00000
0.00000
0.00000
0.00000
0.00000
0.00000
0.00286
0.06451
0.17009
0.30345
0.44419
0.57080
0.66392
0.70930
0.70002
0.63749
0.53127
0.39760
0.25692
0.00000
0.00000
0.00000
0.00000
0.00000
0.00000
0.00000
0.00000
0.00000
0.00000
0.00000
0.00197
0.04454
0.11743
0.20949
0.30665
0.39406
0.45834
0.48968
0.48327
0.44010
0.36676
0.27448
0.17737
0.00000
0.00000
0.00000
0.00000
0.00000
0.00000
0.00000
0.00000
0.00000
0.00000
0.00000
0.00164
0.03714
0.09792
0.17469
0.25572
0.32861
0.38221
0.40834
0.40300
0.36700
0.30585
0.22889
0.14791
0.00000
0.00000
0.00000
0.00000
0.00000
0.00000
0.00000
0.00000
0.00000
0.00000
0.00000
0.00233
0.05272
0.13900
0.24797
0.36298
0.46645
0.54254
0.57963
0.57204
0.52094
0.43414
0.32491
0.20995
0.00000
0.00000
0.00000
0.00000
0.00000
0.00000
0.00000
0.00000
0.00000
0.00000
0.00000
0.00231
0.05228
0.13785
0.24592
0.35998
0.46258
0.53805
0.57483
0.56731
0.51663
0.43054
0.32222
0.20821
0.00000
0.00000
0.00000
0.00000
0.00000
0.00000
0.00000
0.00000
0.00000
0.00000
0.00000
0.00254
0.05745
0.15147
0.27022
0.39555
0.50829
0.59121
0.63163
0.62336
0.56768
0.47309
0.35405
0.22878
0.00000
0.00000
0.00000
0.00000
0.00000
0.00000
0.00000
0.00000
0.00000
0.00000
0.00000
0.00266
0.05999
0.15815
0.28215
0.41301
0.53073
0.61731
0.65951
0.65088
0.59273
0.49397
0.36968
0.23888
0.00000
0.00000
0.00000
0.00000
0.00000
0.00000
0.00000
0.00000
0.00000
0.00000
0.00000
0.00230
0.05197
0.13702
0.24445
0.35782
0.45982
0.53483
0.57139
0.56391
0.51354
0.42797
0.32029
0.20696
0.00000
0.00000
0.00000
0.00000
0.00000
0.00000
0.00000
0.00000
0.00000
0.00000
0.00000
0.00261
0.05888
0.15523
0.27693
0.40537
0.52092
0.60590
0.64732
0.63885
0.58178
0.48484
0.36285
0.23447
0.00000
0.00000
0.00000
0.00000
0.00000
0.00000
0.00000
0.00000
0.00000
0.00000
0.00000
0.00171
0.03860
0.10177
0.18156
0.26576
0.34152
0.39723
0.42438
0.41883
0.38142
0.31786
0.23789
0.15372
0.00000
0.00000
0.00000
0.00000
0.00000
0.00000
0.00000
0.00000
0.00000
0.00000
0.00000
0.00224
0.05055
0.13328
0.23777
0.34805
0.44726
0.52022
0.55578
0.54851
0.49951
0.41628
0.31154
0.20131
0.00000
0.00000
0.00000
0.00000
0.00000
0.00000
0.00000
0.00000
0.00000
0.00000
0.00000
0.00239
0.05396
0.14226
0.25379
0.37149
0.47738
0.55526
0.59322
0.58545
0.53316
0.44432
0.33252
0.21487
0.00000
0.00000
0.00000
0.00000
0.00000
0.00000
0.00000
0.00000
0.00000
0.00000
0.00000
0.00324
0.07327
0.19317
0.34461
0.50445
0.64823
0.75398
0.80553
0.79498
0.72397
0.60334
0.45153
0.29177
0.00000
0.00000
0.00000
0.00000
0.00000
0.00000
0.00000
0.00000
0.00000
0.00000
0.00000
0.00284
0.06418
0.16922
0.30189
0.44191
0.56787
0.66051
0.70566
0.69643
0.63422
0.52854
0.39556
0.25560
0.00000
0.00000
0.00000
0.00000
0.00000
0.00000
0.00000
0.00000
0.00000
0.00000
0.00000
0.00252
0.05691
0.15004
0.26767
0.39182
0.50351
0.58564
0.62568
0.61749
0.56233
0.46863
0.35072
0.22663
0.00000
0.00000
0.00000
0.00000
0.00000
0.00000
0.00000
0.00000
0.00000
0.00000
0.00000
0.00256
0.05789
0.15263
0.27229
0.39859
0.51220
0.59575
0.63648
0.62815
0.57204
0.47672
0.35677
0.23054
0.00000
0.00000
0.00000
0.00000
0.00000
0.00000
0.00000
0.00000
0.00000
0.00000
0.00000
0.00260
0.05864
0.15462
0.27584
0.40378
0.51887
0.60351
0.64477
0.63633
0.57949
0.48293
0.36142
0.23354
0.00000
0.00000
0.00000
0.00000
0.00000
0.00000
0.00000
0.00000
0.00000
0.00000
0.00000
0.00284
0.06414
0.16909
0.30167
0.44158
0.56745
0.66002
0.70514
0.69591
0.63374
0.52814
0.39526
0.25541
0.00000
0.00000
0.00000
0.00000
0.00000
0.00000
0.00000
0.00000
0.00000
0.00000
0.00000
0.00250
0.05643
0.14878
0.26542
0.38852
0.49926
0.58071
0.62041
0.61229
0.55759
0.46468
0.34777
0.22472
0.00000
0.00000
0.00000
0.00000
0.00000
0.00000
0.00000
0.00000
0.00000
0.00000
0.00000
0.00176
0.03975
0.10480
0.18697
0.27369
0.35170
0.40907
0.43704
0.43132
0.39279
0.32734
0.24498
0.15830
0.00000
0.00000
0.00000
0.00000
0.00000
0.00000
0.00000
0.00000
0.00000
0.00000
0.00000
0.00227
0.05130
0.13525
0.24128
0.35319
0.45386
0.52790
0.56399
0.55661
0.50688
0.42242
0.31614
0.20428
0.00000
0.00000
0.00000
0.00000
0.00000
0.00000
0.00000
0.00000
0.00000
0.00000
0.00000
0.00195
0.04398
0.11596
0.20688
0.30284
0.38915
0.45264
0.48358
0.47725
0.43462
0.36220
0.27107
0.17516
0.00000
0.00000
0.00000
0.00000
0.00000
0.00000
0.00000
0.00000
0.00000
0.00000
0.00000
0.00269
0.06083
0.16039
0.28613
0.41884
0.53823
0.62603
0.66883
0.66007
0.60111
0.50095
0.37491
0.24226
0.00000
0.00000
0.00000
0.00000
0.00000
0.00000
0.00000
0.00000
0.00000
0.00000
0.00000
0.00199
0.04503
0.11871
0.21178
0.31001
0.39838
0.46337
0.49504
0.48856
0.44492
0.37078
0.27749
0.17931
0.00000
0.00000
0.00000
0.00000
0.00000
0.00000
0.00000
0.00000
0.00000
0.00000
0.00000
0.00165
0.03727
0.09827
0.17531
0.25663
0.32977
0.38357
0.40979
0.40443
0.36830
0.30693
0.22971
0.14843
0.00000
0.00000
0.00000
0.00000
0.00000
0.00000
0.00000
0.00000
0.00000
0.00000
0.00000
0.00218
0.04933
0.13006
0.23202
0.33964
0.43645
0.50765
0.54235
0.53525
0.48744
0.40622
0.30401
0.19644
0.00000
0.00000
0.00000
0.00000
0.00000
0.00000
0.00000
0.00000
0.00000
0.00000
0.00000
0.00200
0.04526
0.11933
0.21288
0.31161
0.40043
0.46576
0.49760
0.49109
0.44722
0.37270
0.27893
0.18024
0.00000
0.00000
0.00000
0.00000
0.00000
0.00000
0.00000
0.00000
0.00000
0.00000
0.00000
0.01026
0.06339
0.14733
0.25000
0.35666
0.45196
0.52220
0.55730
0.55220
0.50764
0.43003
0.33051
0.22340
0.00000
0.00000
0.00000
0.00000
0.00000
0.00000
0.00000
0.00000
0.00000
0.00000
0.00000
0.01157
0.07152
0.16621
0.28205
0.40237
0.50989
0.58914
0.62874
0.62299
0.57272
0.48515
0.37288
0.25204
0.00000
0.00000
0.00000
0.00000
0.00000
0.00000
0.00000
0.00000
0.00000
0.00000
0.00000
0.01168
0.07219
0.16778
0.28471
0.40616
0.51469
0.59469
0.63466
0.62885
0.57811
0.48972
0.37639
0.25441
0.00000
0.00000
0.00000
0.00000
0.00000
0.00000
0.00000
0.00000
0.00000
0.00000
0.00000
0.00838
0.05177
0.12032
0.20418
0.29128
0.36911
0.42648
0.45515
0.45098
0.41459
0.35120
0.26993
0.18245
0.00000
0.00000
0.00000
0.00000
0.00000
0.00000
0.00000
0.00000
0.00000
0.00000
0.00000
0.00760
0.04697
0.10916
0.18523
0.26425
0.33486
0.38691
0.41291
0.40914
0.37612
0.31861
0.24488
0.16552
0.00000
0.00000
0.00000
0.00000
0.00000
0.00000
0.00000
0.00000
0.00000
0.00000
0.00000
0.00670
0.04142
0.09626
0.16335
0.23303
0.29530
0.34119
0.36413
0.36079
0.33168
0.28097
0.21595
0.14596
0.00000
0.00000
0.00000
0.00000
0.00000
0.00000
0.00000
0.00000
0.00000
0.00000
0.00000
0.00838
0.05180
0.12039
0.20429
0.29144
0.36932
0.42672
0.45540
0.45124
0.41482
0.35140
0.27008
0.18255
0.00000
0.00000
0.00000
0.00000
0.00000
0.00000
0.00000
0.00000
0.00000
0.00000
0.00000
0.01116
0.06896
0.16028
0.27197
0.38800
0.49167
0.56809
0.60627
0.60073
0.55225
0.46782
0.35955
0.24303
0.00000
0.00000
0.00000
0.00000
0.00000
0.00000
0.00000
0.00000
0.00000
0.00000
0.00000
0.01145
0.07075
0.16442
0.27901
0.39803
0.50439
0.58279
0.62196
0.61627
0.56654
0.47992
0.36886
0.24932
0.00000
0.00000
0.00000
0.00000
0.00000
0.00000
0.00000
0.00000
0.00000
0.00000
0.00000
0.01077
0.06656
0.15468
0.26248
0.37446
0.47452
0.54827
0.58512
0.57977
0.53299
0.45149
0.34701
0.23455
0.00000
0.00000
0.00000
0.00000
0.00000
0.00000
0.00000
0.00000
0.00000
0.00000
0.00000
0.01211
0.07482
0.17388
0.29506
0.42094
0.53342
0.61633
0.65775
0.65173
0.59914
0.50754
0.39008
0.26367
0.00000
0.00000
0.00000
0.00000
0.00000
0.00000
0.00000
0.00000
0.00000
0.00000
0.00000
0.00765
0.04728
0.10989
0.18647
0.26602
0.33711
0.38950
0.41568
0.41188
0.37864
0.32075
0.24652
0.16663
0.00000
0.00000
0.00000
0.00000
0.00000
0.00000
0.00000
0.00000
0.00000
0.00000
0.00000
0.01041
0.06436
0.14959
0.25384
0.36212
0.45888
0.53021
0.56584
0.56067
0.51543
0.43662
0.33558
0.22682
0.00000
0.00000
0.00000
0.00000
0.00000
0.00000
0.00000
0.00000
0.00000
0.00000
0.00000
0.01142
0.07059
0.16407
0.27840
0.39717
0.50330
0.58152
0.62061
0.61493
0.56531
0.47888
0.36806
0.24878
0.00000
0.00000
0.00000
0.00000
0.00000
0.00000
0.00000
0.00000
0.00000
0.00000
0.00000
0.00500
0.03092
0.07186
0.12193
0.17395
0.22043
0.25469
0.27181
0.26932
0.24759
0.20974
0.16120
0.10896
0.00000
0.00000
0.00000
0.00000
0.00000
0.00000
0.00000
0.00000
0.00000
0.00000
0.00000
0.00581
0.03589
0.08341
0.14153
0.20191
0.25586
0.29563
0.31550
0.31261
0.28739
0.24345
0.18711
0.12647
0.00000
0.00000
0.00000
0.00000
0.00000
0.00000
0.00000
0.00000
0.00000
0.00000
0.00000
0.01314
0.08123
0.18878
0.32034
0.45699
0.57910
0.66911
0.71408
0.70755
0.65046
0.55101
0.42349
0.28625
0.00000
0.00000
0.00000
0.00000
0.00000
0.00000
0.00000
0.00000
0.00000
0.00000
0.00000
0.01334
0.08244
0.19160
0.32513
0.46384
0.58777
0.67913
0.72478
0.71815
0.66020
0.55926
0.42983
0.29053
0.00000
0.00000
0.00000
0.00000
0.00000
0.00000
0.00000
0.00000
0.00000
0.00000
0.00000
0.01228
0.07587
0.17633
0.29922
0.42687
0.54093
0.62500
0.66701
0.66091
0.60758
0.51468
0.39557
0.26738
0.00000
0.00000
0.00000
0.00000
0.00000
0.00000
0.00000
0.00000
0.00000
0.00000
0.00000
0.01240
0.07662
0.17807
0.30217
0.43107
0.54625
0.63116
0.67358
0.66742
0.61356
0.51975
0.39947
0.27001
0.00000
0.00000
0.00000
0.00000
0.00000
0.00000
0.00000
0.00000
0.00000
0.00000
0.00000
0.00921
0.05690
0.13224
0.22440
0.32013
0.40567
0.46872
0.50023
0.49565
0.45565
0.38599
0.29666
0.20052
0.00000
0.00000
0.00000
0.00000
0.00000
0.00000
0.00000
0.00000
0.00000
0.00000
0.00000
0.01232
0.07616
0.17701
0.30037
0.42850
0.54300
0.62740
0.66957
0.66344
0.60991
0.51666
0.39709
0.26840
0.00000
0.00000
0.00000
0.00000
0.00000
0.00000
0.00000
0.00000
0.00000
0.00000
0.00000
0.01147
0.07088
0.16473
0.27953
0.39878
0.50534
0.58388
0.62313
0.61743
0.56760
0.48082
0.36955
0.24979
0.00000
0.00000
0.00000
0.00000
0.00000
0.00000
0.00000
0.00000
0.00000
0.00000
0.00000
0.01123
0.06938
0.16126
0.27364
0.39038
0.49468
0.57157
0.60999
0.60441
0.55564
0.47068
0.36176
0.24452
0.00000
0.00000
0.00000
0.00000
0.00000
0.00000
0.00000
0.00000
0.00000
0.00000
0.00000
0.00822
0.05080
0.11805
0.20033
0.28579
0.36215
0.41844
0.44656
0.44248
0.40677
0.34458
0.26484
0.17901
0.00000
0.00000
0.00000
0.00000
0.00000
0.00000
0.00000
0.00000
0.00000
0.00000
0.00000
0.01019
0.06297
0.14635
0.24834
0.35428
0.44895
0.51873
0.55359
0.54853
0.50427
0.42717
0.32831
0.22191
0.00000
0.00000
0.00000
0.00000
0.00000
0.00000
0.00000
0.00000
0.00000
0.00000
0.00000
0.01173
0.07249
0.16848
0.28589
0.40786
0.51684
0.59717
0.63731
0.63148
0.58052
0.49176
0.37796
0.25547
0.00000
0.00000
0.00000
0.00000
0.00000
0.00000
0.00000
0.00000
0.00000
0.00000
0.00000
0.01122
0.06934
0.16115
0.27346
0.39012
0.49436
0.57119
0.60958
0.60401
0.55527
0.47037
0.36152
0.24436
0.00000
0.00000
0.00000
0.00000
0.00000
0.00000
0.00000
0.00000
0.00000
0.00000
0.00000
0.00759
0.04694
0.10909
0.18511
0.26408
0.33464
0.38666
0.41264
0.40887
0.37588
0.31841
0.24472
0.16541
0.00000
0.00000
0.00000
0.00000
0.00000
0.00000
0.00000
0.00000
0.00000
0.00000
0.00000
0.00986
0.06096
0.14168
0.24042
0.34299
0.43463
0.50219
0.53594
0.53104
0.48819
0.41354
0.31784
0.21484
0.00000
0.00000
0.00000
0.00000
0.00000
0.00000
0.00000
0.00000
0.00000
0.00000
0.00000
0.02397
0.07115
0.15112
0.25211
0.35923
0.45670
0.53017
0.56880
0.56692
0.52478
0.44861
0.34963
0.24241
0.14276
0.00000
0.00000
0.00000
0.00000
0.00000
0.00000
0.00000
0.00000
0.00000
0.00000
0.01896
0.05626
0.11950
0.19936
0.28406
0.36114
0.41923
0.44979
0.44829
0.41498
0.35475
0.27647
0.19169
0.11289
0.00000
0.00000
0.00000
0.00000
0.00000
0.00000
0.00000
0.00000
0.00000
0.00000
0.02316
0.06873
0.14599
0.24355
0.34703
0.44119
0.51217
0.54949
0.54767
0.50697
0.43338
0.33776
0.23418
0.13791
0.00000
0.00000
0.00000
0.00000
0.00000
0.00000
0.00000
0.00000
0.00000
0.00000
0.02262
0.06715
0.14262
0.23793
0.33903
0.43102
0.50036
0.53682
0.53504
0.49528
0.42339
0.32997
0.22878
0.13473
0.00000
0.00000
0.00000
0.00000
0.00000
0.00000
0.00000
0.00000
0.00000
0.00000
0.03268
0.09699
0.20601
0.34367
0.48970
0.62258
0.72273
0.77540
0.77282
0.71539
0.61156
0.47662
0.33046
0.19461
0.00000
0.00000
0.00000
0.00000
0.00000
0.00000
0.00000
0.00000
0.00000
0.00000
0.02441
0.07246
0.15391
0.25675
0.36585
0.46511
0.53993
0.57928
0.57736
0.53445
0.45688
0.35607
0.24688
0.14539
0.00000
0.00000
0.00000
0.00000
0.00000
0.00000
0.00000
0.00000
0.00000
0.00000
0.02217
0.06581
0.13978
0.23318
0.33226
0.42242
0.49037
0.52611
0.52436
0.48539
0.41494
0.32339
0.22422
0.13204
0.00000
0.00000
0.00000
0.00000
0.00000
0.00000
0.00000
0.00000
0.00000
0.00000
0.02452
0.07278
0.15458
0.25788
0.36746
0.46716
0.54231
0.58183
0.57990
0.53681
0.45889
0.35764
0.24796
0.14603
0.00000
0.00000
0.00000
0.00000
0.00000
0.00000
0.00000
0.00000
0.00000
0.00000
0.01953
0.05795
0.12309
0.20535
0.29260
0.37200
0.43184
0.46331
0.46177
0.42746
0.36541
0.28479
0.19745
0.11628
0.00000
0.00000
0.00000
0.00000
0.00000
0.00000
0.00000
0.00000
0.00000
0.00000
0.02349
0.06973
0.14811
0.24708
0.35207
0.44760
0.51960
0.55747
0.55562
0.51433
0.43968
0.34266
0.23758
0.13991
0.00000
0.00000
0.00000
0.00000
0.00000
0.00000
0.00000
0.00000
0.00000
0.00000
0.02620
0.07776
0.16516
0.27553
0.39261
0.49914
0.57943
0.62166
0.61960
0.57355
0.49030
0.38212
0.26494
0.15602
0.00000
0.00000
0.00000
0.00000
0.00000
0.00000
0.00000
0.00000
0.00000
0.00000
0.01933
0.05738
0.12187
0.20331
0.28970
0.36831
0.42756
0.45871
0.45719
0.42321
0.36179
0.28196
0.19549
0.11513
0.00000
0.00000
0.00000
0.00000
0.00000
0.00000
0.00000
0.00000
0.00000
0.00000
0.02618
0.07769
0.16502
0.27529
0.39226
0.49869
0.57891
0.62110
0.61904
0.57304
0.48986
0.38178
0.26470
0.15588
0.00000
0.00000
0.00000
0.00000
0.00000
0.00000
0.00000
0.00000
0.00000
0.00000
0.03245
0.09630
0.20454
0.34123
0.48621
0.61814
0.71758
0.76987
0.76732
0.71029
0.60720
0.47322
0.32810
0.19322
0.00000
0.00000
0.00000
0.00000
0.00000
0.00000
0.00000
0.00000
0.00000
0.00000
0.01791
0.05316
0.11292
0.18838
0.26842
0.34125
0.39614
0.42501
0.42360
0.39212
0.33521
0.26125
0.18113
0.10667
0.00000
0.00000
0.00000
0.00000
0.00000
0.00000
0.00000
0.00000
0.00000
0.00000
0.02402
0.07130
0.15143
0.25263
0.35997
0.45765
0.53126
0.56998
0.56809
0.52587
0.44954
0.35035
0.24291
0.14305
0.00000
0.00000
0.00000
0.00000
0.00000
0.00000
0.00000
0.00000
0.00000
0.00000
0.02174
0.06452
0.13703
0.22861
0.32574
0.41413
0.48075
0.51578
0.51407
0.47586
0.40680
0.31704
0.21981
0.12945
0.00000
0.00000
0.00000
0.00000
0.00000
0.00000
0.00000
0.00000
0.00000
0.00000
0.01949
0.05785
0.12288
0.20500
0.29210
0.37136
0.43110
0.46252
0.46098
0.42672
0.36479
0.28430
0.19711
0.11608
0.00000
0.00000
0.00000
0.00000
0.00000
0.00000
0.00000
0.00000
0.00000
0.00000
0.02362
0.07009
0.14887
0.24836
0.35388
0.44991
0.52228
0.56034
0.55848
0.51698
0.44194
0.34443
0.23881
0.14063
0.00000
0.00000
0.00000
0.00000
0.00000
0.00000
0.00000
0.00000
0.00000
0.00000
0.02483
0.07370
0.15654
0.26115
0.37211
0.47308
0.54918
0.58920
0.58725
0.54361
0.46470
0.36217
0.25111
0.14788
0.00000
0.00000
0.00000
0.00000
0.00000
0.00000
0.00000
0.00000
0.00000
0.00000
0.02421
0.07186
0.15264
0.25464
0.36283
0.46128
0.53549
0.57451
0.57261
0.53005
0.45312
0.35314
0.24485
0.14419
0.00000
0.00000
0.00000
0.00000
0.00000
0.00000
0.00000
0.00000
0.00000
0.00000
0.01977
0.05869
0.12465
0.20794
0.29630
0.37670
0.43729
0.46916
0.46761
0.43286
0.37003
0.28838
0.19995
0.11775
0.00000
0.00000
0.00000
0.00000
0.00000
0.00000
0.00000
0.00000
0.00000
0.00000
0.01720
0.05104
0.10841
0.18085
0.25769
0.32761
0.38031
0.40802
0.40667
0.37645
0.32181
0.25080
0.17389
0.10241
0.00000
0.00000
0.00000
0.00000
0.00000
0.00000
0.00000
0.00000
0.00000
0.00000
0.01726
0.05124
0.10883
0.18156
0.25870
0.32890
0.38181
0.40963
0.40827
0.37793
0.32308
0.25179
0.17458
0.10281
0.00000
0.00000
0.00000
0.00000
0.00000
0.00000
0.00000
0.00000
0.00000
0.00000
0.01990
0.05907
0.12546
0.20930
0.29823
0.37915
0.44015
0.47222
0.47066
0.43568
0.37244
0.29026
0.20125
0.11852
0.00000
0.00000
0.00000
0.00000
0.00000
0.00000
0.00000
0.00000
0.00000
0.00000
0.01889
0.05608
0.11911
0.19870
0.28313
0.35995
0.41786
0.44831
0.44682
0.41361
0.35358
0.27556
0.19106
0.11252
0.00000
0.00000
0.00000
0.00000
0.00000
0.00000
0.00000
0.00000
0.00000
0.00000
0.02084
0.06186
0.13139
0.21919
0.31233
0.39708
0.46095
0.49454
0.49290
0.45627
0.39005
0.30398
0.21076
0.12412
0.00000
0.00000
0.00000
0.00000
0.00000
0.00000
0.00000
0.00000
0.00000
0.00000
0.02877
0.08540
0.18138
0.30259
0.43116
0.54815
0.63632
0.68270
0.68043
0.62986
0.53844
0.41964
0.29095
0.17134
0.00000
0.00000
0.00000
0.00000
0.00000
0.00000
0.00000
0.00000
0.00000
0.00000
0.01859
0.05517
0.11717
0.19548
0.27853
0.35411
0.41107
0.44103
0.43957
0.40690
0.34784
0.27109
0.18796
0.11069
0.00000
0.00000
0.00000
0.00000
0.00000
0.00000
0.00000
0.00000
0.00000
0.00000
0.01967
0.05837
0.12399
0.20684
0.29473
0.37470
0.43497
0.46667
0.46512
0.43056
0.36806
0.28685
0.19889
0.11712
0.00000
0.00000
0.00000
0.00000
0.00000
0.00000
0.00000
0.00000
0.00000
0.00000
0.02309
0.06852
0.14554
0.24280
0.34597
0.43984
0.51060
0.54781
0.54599
0.50541
0.43206
0.33672
0.23346
0.13749
0.00000
0.00000
0.00000
0.00000
0.00000
0.00000
0.00000
0.00000
0.00000
0.00000
0.01451
0.06930
0.16215
0.27928
0.40332
0.51590
0.60031
0.64404
0.64061
0.59053
0.50121
0.38591
0.26172
0.00000
0.00000
0.00000
0.00000
0.00000
0.00000
0.00000
0.00000
0.00000
0.00000
0.00000
0.01170
0.05590
0.13079
0.22527
0.32532
0.41613
0.48422
0.51949
0.51672
0.47632
0.40428
0.31128
0.21111
0.00000
0.00000
0.00000
0.00000
0.00000
0.00000
0.00000
0.00000
0.00000
0.00000
0.00000
0.01311
0.06263
0.14655
0.25241
0.36452
0.46626
0.54255
0.58208
0.57898
0.53371
0.45299
0.34878
0.23654
0.00000
0.00000
0.00000
0.00000
0.00000
0.00000
0.00000
0.00000
0.00000
0.00000
0.00000
0.01456
0.06954
0.16271
0.28025
0.40473
0.51770
0.60241
0.64630
0.64285
0.59259
0.50297
0.38726
0.26264
0.00000
0.00000
0.00000
0.00000
0.00000
0.00000
0.00000
0.00000
0.00000
0.00000
0.00000
0.01618
0.07728
0.18081
0.31142
0.44974
0.57527
0.66940
0.71816
0.71434
0.65849
0.55890
0.43033
0.29184
0.00000
0.00000
0.00000
0.00000
0.00000
0.00000
0.00000
0.00000
0.00000
0.00000
0.00000
0.01458
0.06963
0.16292
0.28061
0.40524
0.51836
0.60317
0.64711
0.64366
0.59334
0.50360
0.38775
0.26297
0.00000
0.00000
0.00000
0.00000
0.00000
0.00000
0.00000
0.00000
0.00000
0.00000
0.00000
0.00981
0.04684
0.10960
0.18877
0.27262
0.34871
0.40577
0.43533
0.43301
0.39915
0.33878
0.26085
0.17690
0.00000
0.00000
0.00000
0.00000
0.00000
0.00000
0.00000
0.00000
0.00000
0.00000
0.00000
0.01472
0.07031
0.16450
0.28334
0.40919
0.52340
0.60904
0.65341
0.64993
0.59911
0.50850
0.39152
0.26553
0.00000
0.00000
0.00000
0.00000
0.00000
0.00000
0.00000
0.00000
0.00000
0.00000
0.00000
0.01358
0.06487
0.15178
0.26141
0.37753
0.48291
0.56192
0.60285
0.59964
0.55276
0.46916
0.36123
0.24498
0.00000
0.00000
0.00000
0.00000
0.00000
0.00000
0.00000
0.00000
0.00000
0.00000
0.00000
0.00852
0.04069
0.09519
0.16396
0.23679
0.30288
0.35244
0.37811
0.37610
0.34669
0.29426
0.22657
0.15365
0.00000
0.00000
0.00000
0.00000
0.00000
0.00000
0.00000
0.00000
0.00000
0.00000
0.00000
0.01213
0.05793
0.13554
0.23346
0.33715
0.43126
0.50182
0.53838
0.53551
0.49364
0.41898
0.32260
0.21878
0.00000
0.00000
0.00000
0.00000
0.00000
0.00000
0.00000
0.00000
0.00000
0.00000
0.00000
0.01686
0.08055
0.18847
0.32462
0.46881
0.59967
0.69779
0.74862
0.74463
0.68641
0.58260
0.44857
0.30422
0.00000
0.00000
0.00000
0.00000
0.00000
0.00000
0.00000
0.00000
0.00000
0.00000
0.00000
0.01227
0.05863
0.13718
0.23628
0.34123
0.43647
0.50788
0.54488
0.54198
0.49961
0.42404
0.32650
0.22142
0.00000
0.00000
0.00000
0.00000
0.00000
0.00000
0.00000
0.00000
0.00000
0.00000
0.00000
0.01014
0.04843
0.11332
0.19518
0.28188
0.36055
0.41955
0.45011
0.44771
0.41271
0.35029
0.26971
0.18291
0.00000
0.00000
0.00000
0.00000
0.00000
0.00000
0.00000
0.00000
0.00000
0.00000
0.00000
0.01758
0.08396
0.19645
0.33836
0.48865
0.62504
0.72731
0.78030
0.77614
0.71546
0.60725
0.46756
0.31709
0.00000
0.00000
0.00000
0.00000
0.00000
0.00000
0.00000
0.00000
0.00000
0.00000
0.00000
0.01517
0.07244
0.16949
0.29193
0.42160
0.53928
0.62751
0.67323
0.66964
0.61729
0.52393
0.40340
0.27358
0.00000
0.00000
0.00000
0.00000
0.00000
0.00000
0.00000
0.00000
0.00000
0.00000
0.00000
0.01324
0.06327
0.14802
0.25495
0.36820
0.47097
0.54803
0.58795
0.58482
0.53910
0.45756
0.35230
0.23893
0.00000
0.00000
0.00000
0.00000
0.00000
0.00000
0.00000
0.00000
0.00000
0.00000
0.00000
0.00895
0.04274
0.10000
0.17224
0.24874
0.31817
0.37023
0.39720
0.39508
0.36420
0.30911
0.23800
0.16141
0.00000
0.00000
0.00000
0.00000
0.00000
0.00000
0.00000
0.00000
0.00000
0.00000
0.00000
0.00735
0.03510
0.08211
0.14143
0.20425
0.26127
0.30401
0.32616
0.32442
0.29906
0.25383
0.19544
0.13254
0.00000
0.00000
0.00000
0.00000
0.00000
0.00000
0.00000
0.00000
0.00000
0.00000
0.00000
0.01317
0.06289
0.14714
0.25343
0.36600
0.46816
0.54476
0.58445
0.58133
0.53588
0.45483
0.35020
0.23750
0.00000
0.00000
0.00000
0.00000
0.00000
0.00000
0.00000
0.00000
0.00000
0.00000
0.00000
0.01362
0.06504
0.15218
0.26211
0.37853
0.48419
0.56341
0.60445
0.60123
0.55423
0.47040
0.36219
0.24563
0.00000
0.00000
0.00000
0.00000
0.00000
0.00000
0.00000
0.00000
0.00000
0.00000
0.00000
0.01343
0.06415
0.15010
0.25853
0.37337
0.47759
0.55573
0.59621
0.59304
0.54667
0.46399
0.35725
0.24228
0.00000
0.00000
0.00000
0.00000
0.00000
0.00000
0.00000
0.00000
0.00000
0.00000
0.00000
0.01125
0.05372
0.12568
0.21647
0.31262
0.39988
0.46530
0.49920
0.49654
0.45772
0.38849
0.29912
0.20286
0.00000
0.00000
0.00000
0.00000
0.00000
0.00000
0.00000
0.00000
0.00000
0.00000
0.00000
0.01236
0.05906
0.13819
0.23801
0.34373
0.43967
0.51160
0.54887
0.54595
0.50327
0.42715
0.32889
0.22305
0.00000
0.00000
0.00000
0.00000
0.00000
0.00000
0.00000
0.00000
0.00000
0.00000
0.00000
0.01349
0.06442
0.15072
0.25959
0.37490
0.47954
0.55800
0.59865
0.59546
0.54891
0.46589
0.35871
0.24327
0.00000
0.00000
0.00000
0.00000
0.00000
0.00000
0.00000
0.00000
0.00000
0.00000
0.00000
0.01091
0.05211
0.12193
0.21000
0.30328
0.38793
0.45141
0.48429
0.48171
0.44405
0.37689
0.29019
0.19680
0.00000
0.00000
0.00000
0.00000
0.00000
0.00000
0.00000
0.00000
0.00000
0.00000
0.00000
0.00888
0.04241
0.09922
0.17090
0.24681
0.31570
0.36735
0.39411
0.39201
0.36136
0.30671
0.23615
0.16015
0.00000
0.00000
0.00000
0.00000
0.00000
0.00000
0.00000
0.00000
0.00000
0.00000
0.00000
0.00783
0.03741
0.08753
0.15075
0.21772
0.27848
0.32405
0.34766
0.34580
0.31877
0.27056
0.20832
0.14128
0.00000
0.00000
0.00000
0.00000
0.00000
0.00000
0.00000
0.00000
0.00000
0.00000
0.00000
0.01149
0.05488
0.12841
0.22116
0.31940
0.40855
0.47539
0.51003
0.50731
0.46765
0.39692
0.30561
0.20726
0.00000
0.00000
0.00000
0.00000
0.00000
0.00000
0.00000
0.00000
0.00000
0.00000
0.00000
0.01208
0.05769
0.13497
0.23248
0.33574
0.42945
0.49971
0.53612
0.53326
0.49157
0.41722
0.32124
0.21786
0.00000
0.00000
0.00000
0.00000
0.00000
0.00000
0.00000
0.00000
0.00000
0.00000
0.00000
0.00905
0.04322
0.10111
0.17415
0.25151
0.32171
0.37435
0.40162
0.39948
0.36825
0.31255
0.24065
0.16321
0.00000
0.00000
0.00000
0.00000
0.00000
0.00000
0.00000
0.00000
0.00000
0.00000
0.00000
0.01148
0.06980
0.16609
0.28578
0.41073
0.52203
0.60282
0.64087
0.63042
0.57305
0.47744
0.35809
0.23304
0.00000
0.00000
0.00000
0.00000
0.00000
0.00000
0.00000
0.00000
0.00000
0.00000
0.00000
0.00921
0.05602
0.13330
0.22936
0.32964
0.41896
0.48380
0.51434
0.50595
0.45991
0.38318
0.28739
0.18703
0.00000
0.00000
0.00000
0.00000
0.00000
0.00000
0.00000
0.00000
0.00000
0.00000
0.00000
0.01164
0.07081
0.16849
0.28991
0.41666
0.52957
0.61153
0.65013
0.63953
0.58133
0.48434
0.36326
0.23641
0.00000
0.00000
0.00000
0.00000
0.00000
0.00000
0.00000
0.00000
0.00000
0.00000
0.00000
0.00823
0.05007
0.11914
0.20498
0.29461
0.37444
0.43239
0.45968
0.45219
0.41103
0.34246
0.25685
0.16716
0.00000
0.00000
0.00000
0.00000
0.00000
0.00000
0.00000
0.00000
0.00000
0.00000
0.00000
0.01564
0.09509
0.22627
0.38931
0.55953
0.71115
0.82121
0.87304
0.85881
0.78065
0.65041
0.48781
0.31747
0.00000
0.00000
0.00000
0.00000
0.00000
0.00000
0.00000
0.00000
0.00000
0.00000
0.00000
0.00971
0.05905
0.14052
0.24178
0.34749
0.44165
0.51000
0.54219
0.53335
0.48481
0.40393
0.30295
0.19716
0.00000
0.00000
0.00000
0.00000
0.00000
0.00000
0.00000
0.00000
0.00000
0.00000
0.00000
0.00974
0.05921
0.14089
0.24242
0.34841
0.44282
0.51135
0.54363
0.53476
0.48610
0.40500
0.30375
0.19768
0.00000
0.00000
0.00000
0.00000
0.00000
0.00000
0.00000
0.00000
0.00000
0.00000
0.00000
0.01295
0.07877
0.18744
0.32251
0.46352
0.58913
0.68031
0.72325
0.71145
0.64671
0.53881
0.40411
0.26300
0.00000
0.00000
0.00000
0.00000
0.00000
0.00000
0.00000
0.00000
0.00000
0.00000
0.00000
0.01027
0.06247
0.14865
0.25577
0.36760
0.46721
0.53951
0.57357
0.56421
0.51287
0.42730
0.32048
0.20857
0.00000
0.00000
0.00000
0.00000
0.00000
0.00000
0.00000
0.00000
0.00000
0.00000
0.00000
0.01122
0.06821
0.16230
0.27925
0.40135
0.51011
0.58906
0.62624
0.61603
0.55996
0.46654
0.34991
0.22772
0.00000
0.00000
0.00000
0.00000
0.00000
0.00000
0.00000
0.00000
0.00000
0.00000
0.00000
0.01305
0.07935
0.18882
0.32488
0.46693
0.59346
0.68530
0.72856
0.71668
0.65146
0.54277
0.40708
0.26493
0.00000
0.00000
0.00000
0.00000
0.00000
0.00000
0.00000
0.00000
0.00000
0.00000
0.00000
0.01106
0.06725
0.16002
0.27533
0.39572
0.50295
0.58079
0.61745
0.60738
0.55210
0.45999
0.34500
0.22453
0.00000
0.00000
0.00000
0.00000
0.00000
0.00000
0.00000
0.00000
0.00000
0.00000
0.00000
0.01528
0.09289
0.22105
0.38033
0.54662
0.69474
0.80226
0.85290
0.83899
0.76264
0.63541
0.47656
0.31015
0.00000
0.00000
0.00000
0.00000
0.00000
0.00000
0.00000
0.00000
0.00000
0.00000
0.00000
0.00885
0.05384
0.12813
0.22045
0.31684
0.40269
0.46502
0.49437
0.48631
0.44205
0.36830
0.27623
0.17977
0.00000
0.00000
0.00000
0.00000
0.00000
0.00000
0.00000
0.00000
0.00000
0.00000
0.00000
0.00965
0.05866
0.13959
0.24017
0.34518
0.43872
0.50662
0.53859
0.52981
0.48160
0.40125
0.30094
0.19585
0.00000
0.00000
0.00000
0.00000
0.00000
0.00000
0.00000
0.00000
0.00000
0.00000
0.00000
0.01022
0.06217
0.14795
0.25456
0.36586
0.46500
0.53696
0.57086
0.56155
0.51044
0.42528
0.31896
0.20758
0.00000
0.00000
0.00000
0.00000
0.00000
0.00000
0.00000
0.00000
0.00000
0.00000
0.00000
0.01040
0.06322
0.15043
0.25882
0.37198
0.47278
0.54595
0.58041
0.57095
0.51899
0.43240
0.32430
0.21106
0.00000
0.00000
0.00000
0.00000
0.00000
0.00000
0.00000
0.00000
0.00000
0.00000
0.00000
0.01338
0.08136
0.19361
0.33312
0.47877
0.60851
0.70268
0.74703
0.73485
0.66798
0.55653
0.41740
0.27165
0.00000
0.00000
0.00000
0.00000
0.00000
0.00000
0.00000
0.00000
0.00000
0.00000
0.00000
0.00884
0.05377
0.12794
0.22013
0.31638
0.40212
0.46435
0.49366
0.48561
0.44142
0.36777
0.27583
0.17951
0.00000
0.00000
0.00000
0.00000
0.00000
0.00000
0.00000
0.00000
0.00000
0.00000
0.00000
0.01026
0.06241
0.14851
0.25553
0.36725
0.46677
0.53900
0.57303
0.56368
0.51238
0.42690
0.32018
0.20837
0.00000
0.00000
0.00000
0.00000
0.00000
0.00000
0.00000
0.00000
0.00000
0.00000
0.00000
0.01178
0.07162
0.17043
0.29323
0.42144
0.53564
0.61854
0.65758
0.64686
0.58799
0.48989
0.36742
0.23912
0.00000
0.00000
0.00000
0.00000
0.00000
0.00000
0.00000
0.00000
0.00000
0.00000
0.00000
0.01110
0.06748
0.16058
0.27629
0.39710
0.50470
0.58281
0.61960
0.60949
0.55403
0.46160
0.34620
0.22531
0.00000
0.00000
0.00000
0.00000
0.00000
0.00000
0.00000
0.00000
0.00000
0.00000
0.00000
0.00826
0.05022
0.11951
0.20563
0.29554
0.37562
0.43375
0.46113
0.45361
0.41233
0.34354
0.25766
0.16768
0.00000
0.00000
0.00000
0.00000
0.00000
0.00000
0.00000
0.00000
0.00000
0.00000
0.00000
0.01116
0.06786
0.16149
0.27785
0.39934
0.50755
0.58610
0.62310
0.61293
0.55715
0.46420
0.34815
0.22658
0.00000
0.00000
0.00000
0.00000
0.00000
0.00000
0.00000
0.00000
0.00000
0.00000
0.00000
0.00820
0.04984
0.11860
0.20407
0.29329
0.37277
0.43046
0.45763
0.45017
0.40920
0.34093
0.25570
0.16641
0.00000
0.00000
0.00000
0.00000
0.00000
0.00000
0.00000
0.00000
0.00000
0.00000
0.00000
0.00634
0.03854
0.09171
0.15780
0.22679
0.28824
0.33285
0.35386
0.34809
0.31642
0.26363
0.19772
0.12868
0.00000
0.00000
0.00000
0.00000
0.00000
0.00000
0.00000
0.00000
0.00000
0.00000
0.00000
0.01166
0.07092
0.16876
0.29037
0.41733
0.53042
0.61251
0.65117
0.64055
0.58226
0.48512
0.36384
0.23679
0.00000
0.00000
0.00000
0.00000
0.00000
0.00000
0.00000
0.00000
0.00000
0.00000
0.00000
0.00981
0.05963
0.14190
0.24414
0.35089
0.44597
0.51499
0.54750
0.53857
0.48956
0.40788
0.30591
0.19909
0.00000
0.00000
0.00000
0.00000
0.00000
0.00000
0.00000
0.00000
0.00000
0.00000
0.00000
0.01156
0.07029
0.16725
0.28777
0.41360
0.52567
0.60703
0.64535
0.63482
0.57705
0.48078
0.36059
0.23467
0.00000
0.00000
0.00000
0.00000
0.00000
0.00000
0.00000
0.00000
0.00000
0.00000
0.00000
0.01216
0.07397
0.17600
0.30283
0.43524
0.55318
0.63879
0.67911
0.66803
0.60724
0.50593
0.37945
0.24695
0.00000
0.00000
0.00000
0.00000
0.00000
0.00000
0.00000
0.00000
0.00000
0.00000
0.00000
0.00828
0.05765
0.13961
0.24094
0.34532
0.43591
0.49812
0.52193
0.50348
0.44576
0.35808
0.25455
0.15187
0.00000
0.00000
0.00000
0.00000
0.00000
0.00000
0.00000
0.00000
0.00000
0.00000
0.00000
0.00671
0.04672
0.11313
0.19524
0.27981
0.35322
0.40363
0.42292
0.40798
0.36121
0.29015
0.20626
0.12306
0.00000
0.00000
0.00000
0.00000
0.00000
0.00000
0.00000
0.00000
0.00000
0.00000
0.00000
0.00633
0.04405
0.10668
0.18412
0.26387
0.33310
0.38064
0.39883
0.38474
0.34063
0.27362
0.19451
0.11605
0.00000
0.00000
0.00000
0.00000
0.00000
0.00000
0.00000
0.00000
0.00000
0.00000
0.00000
0.01085
0.07555
0.18295
0.31574
0.45252
0.57125
0.65277
0.68396
0.65979
0.58416
0.46924
0.33358
0.19903
0.00000
0.00000
0.00000
0.00000
0.00000
0.00000
0.00000
0.00000
0.00000
0.00000
0.00000
0.01002
0.06976
0.16893
0.29155
0.41784
0.52747
0.60275
0.63155
0.60923
0.53939
0.43328
0.30801
0.18377
0.00000
0.00000
0.00000
0.00000
0.00000
0.00000
0.00000
0.00000
0.00000
0.00000
0.00000
0.00950
0.06615
0.16018
0.27644
0.39620
0.50014
0.57152
0.59883
0.57767
0.51145
0.41084
0.29206
0.17425
0.00000
0.00000
0.00000
0.00000
0.00000
0.00000
0.00000
0.00000
0.00000
0.00000
0.00000
0.01147
0.07987
0.19341
0.33379
0.47838
0.60389
0.69007
0.72305
0.69749
0.61754
0.49606
0.35264
0.21040
0.00000
0.00000
0.00000
0.00000
0.00000
0.00000
0.00000
0.00000
0.00000
0.00000
0.00000
0.01259
0.08765
0.21224
0.36630
0.52498
0.66271
0.75729
0.79347
0.76543
0.67769
0.54437
0.38699
0.23089
0.00000
0.00000
0.00000
0.00000
0.00000
0.00000
0.00000
0.00000
0.00000
0.00000
0.00000
0.00744
0.05182
0.12548
0.21656
0.31037
0.39180
0.44771
0.46911
0.45253
0.40065
0.32184
0.22879
0.13650
0.00000
0.00000
0.00000
0.00000
0.00000
0.00000
0.00000
0.00000
0.00000
0.00000
0.00000
0.01157
0.08058
0.19514
0.33678
0.48267
0.60930
0.69626
0.72953
0.70375
0.62307
0.50051
0.35580
0.21228
0.00000
0.00000
0.00000
0.00000
0.00000
0.00000
0.00000
0.00000
0.00000
0.00000
0.00000
0.01104
0.07688
0.18617
0.32129
0.46048
0.58128
0.66424
0.69598
0.67139
0.59442
0.47749
0.33944
0.20252
0.00000
0.00000
0.00000
0.00000
0.00000
0.00000
0.00000
0.00000
0.00000
0.00000
0.00000
0.00977
0.06805
0.16479
0.28441
0.40761
0.51455
0.58798
0.61608
0.59431
0.52618
0.42267
0.30047
0.17927
0.00000
0.00000
0.00000
0.00000
0.00000
0.00000
0.00000
0.00000
0.00000
0.00000
0.00000
0.00689
0.04799
0.11621
0.20055
0.28743
0.36284
0.41463
0.43444
0.41909
0.37104
0.29805
0.21188
0.12642
0.00000
0.00000
0.00000
0.00000
0.00000
0.00000
0.00000
0.00000
0.00000
0.00000
0.00000
0.01029
0.07165
0.17350
0.29944
0.42915
0.54174
0.61906
0.64864
0.62572
0.55399
0.44501
0.31635
0.18875
0.00000
0.00000
0.00000
0.00000
0.00000
0.00000
0.00000
0.00000
0.00000
0.00000
0.00000
0.01227
0.08545
0.20692
0.35711
0.51181
0.64609
0.73830
0.77357
0.74624
0.66069
0.53072
0.37728
0.22510
0.00000
0.00000
0.00000
0.00000
0.00000
0.00000
0.00000
0.00000
0.00000
0.00000
0.00000
0.00196
0.01366
0.03308
0.05710
0.08183
0.10330
0.11804
0.12368
0.11931
0.10563
0.08485
0.06032
0.03599
0.00000
0.00000
0.00000
0.00000
0.00000
0.00000
0.00000
0.00000
0.00000
0.00000
0.00000
0.00520
0.03622
0.08772
0.15138
0.21696
0.27388
0.31297
0.32792
0.31633
0.28007
0.22498
0.15993
0.09542
0.00000
0.00000
0.00000
0.00000
0.00000
0.00000
0.00000
0.00000
0.00000
0.00000
0.00000
0.01150
0.08008
0.19391
0.33466
0.47964
0.60547
0.69189
0.72495
0.69933
0.61916
0.49736
0.35357
0.21095
0.00000
0.00000
0.00000
0.00000
0.00000
0.00000
0.00000
0.00000
0.00000
0.00000
0.00000
0.00979
0.06816
0.16504
0.28484
0.40823
0.51533
0.58888
0.61702
0.59521
0.52698
0.42331
0.30093
0.17954
0.00000
0.00000
0.00000
0.00000
0.00000
0.00000
0.00000
0.00000
0.00000
0.00000
0.00000
0.01056
0.07350
0.17799
0.30718
0.44026
0.55576
0.63508
0.66542
0.64191
0.56832
0.45652
0.32453
0.19363
0.00000
0.00000
0.00000
0.00000
0.00000
0.00000
0.00000
0.00000
0.00000
0.00000
0.00000
0.01030
0.07169
0.17361
0.29962
0.42942
0.54207
0.61944
0.64904
0.62610
0.55432
0.44528
0.31654
0.18886
0.00000
0.00000
0.00000
0.00000
0.00000
0.00000
0.00000
0.00000
0.00000
0.00000
0.00000
0.01042
0.07253
0.17563
0.30310
0.43440
0.54837
0.62663
0.65657
0.63337
0.56076
0.45045
0.32022
0.19105
0.00000
0.00000
0.00000
0.00000
0.00000
0.00000
0.00000
0.00000
0.00000
0.00000
0.00000
0.00976
0.06798
0.16462
0.28411
0.40719
0.51402
0.58738
0.61545
0.59370
0.52564
0.42224
0.30016
0.17909
0.00000
0.00000
0.00000
0.00000
0.00000
0.00000
0.00000
0.00000
0.00000
0.00000
0.00000
0.00876
0.06099
0.14770
0.25490
0.36533
0.46117
0.52699
0.55217
0.53265
0.47159
0.37882
0.26930
0.16067
0.00000
0.00000
0.00000
0.00000
0.00000
0.00000
0.00000
0.00000
0.00000
0.00000
0.00000
0.01106
0.07700
0.18645
0.32178
0.46118
0.58217
0.66526
0.69705
0.67241
0.59533
0.47822
0.33996
0.20283
0.00000
0.00000
0.00000
0.00000
0.00000
0.00000
0.00000
0.00000
0.00000
0.00000
0.00000
0.00890
0.06198
0.15010
0.25904
0.37126
0.46866
0.53555
0.56114
0.54131
0.47926
0.38498
0.27367
0.16328
0.00000
0.00000
0.00000
0.00000
0.00000
0.00000
0.00000
0.00000
0.00000
0.00000
0.00000
0.01023
0.07120
0.17241
0.29755
0.42644
0.53832
0.61515
0.64454
0.62177
0.55049
0.44220
0.31435
0.18755
0.00000
0.00000
0.00000
0.00000
0.00000
0.00000
0.00000
0.00000
0.00000
0.00000
0.00000
0.00881
0.06132
0.14849
0.25627
0.36728
0.46364
0.52981
0.55512
0.53551
0.47412
0.38085
0.27074
0.16153
0.00000
0.00000
0.00000
0.00000
0.00000
0.00000
0.00000
0.00000
0.00000
0.00000
0.00000
0.01005
0.06998
0.16946
0.29245
0.41914
0.52910
0.60462
0.63351
0.61112
0.54106
0.43463
0.30897
0.18434
0.00000
0.00000
0.00000
0.00000
0.00000
0.00000
0.00000
0.00000
0.00000
0.00000
0.00000
0.00694
0.04832
0.11702
0.20195
0.28944
0.36538
0.41752
0.43747
0.42201
0.37363
0.30013
0.21336
0.12730
0.00000
0.00000
0.00000
0.00000
0.00000
0.00000
0.00000
0.00000
0.00000
0.00000
0.00000
0.01154
0.08036
0.19460
0.33586
0.48135
0.60763
0.69435
0.72753
0.70182
0.62136
0.49913
0.35482
0.21170
0.00000
0.00000
0.00000
0.00000
0.00000
0.00000
0.00000
0.00000
0.00000
0.00000
0.00000
0.00000
0.03021
0.10032
0.18734
0.27699
0.35459
0.40741
0.42680
0.40957
0.35855
0.28211
0.19277
0.10518
0.00000
0.00000
0.00000
0.00000
0.00000
0.00000
0.00000
0.00000
0.00000
0.00000
0.00000
0.00000
0.04004
0.13297
0.24830
0.36714
0.46999
0.54000
0.56569
0.54286
0.47524
0.37391
0.25550
0.13940
0.00000
0.00000
0.00000
0.00000
0.00000
0.00000
0.00000
0.00000
0.00000
0.00000
0.00000
0.00000
0.04129
0.13713
0.25607
0.37862
0.48469
0.55689
0.58339
0.55984
0.49010
0.38561
0.26349
0.14376
0.00000
0.00000
0.00000
0.00000
0.00000
0.00000
0.00000
0.00000
0.00000
0.00000
0.00000
0.00000
0.04264
0.14161
0.26444
0.39100
0.50054
0.57510
0.60246
0.57814
0.50612
0.39822
0.27210
0.14846
0.00000
0.00000
0.00000
0.00000
0.00000
0.00000
0.00000
0.00000
0.00000
0.00000
0.00000
0.00000
0.05233
0.17378
0.32452
0.47982
0.61425
0.70575
0.73933
0.70948
0.62110
0.48868
0.33392
0.18219
0.00000
0.00000
0.00000
0.00000
0.00000
0.00000
0.00000
0.00000
0.00000
0.00000
0.00000
0.00000
0.02801
0.09302
0.17371
0.25684
0.32879
0.37777
0.39574
0.37977
0.33246
0.26158
0.17874
0.09752
0.00000
0.00000
0.00000
0.00000
0.00000
0.00000
0.00000
0.00000
0.00000
0.00000
0.00000
0.00000
0.02838
0.09426
0.17602
0.26026
0.33317
0.38280
0.40102
0.38483
0.33689
0.26507
0.18112
0.09882
0.00000
0.00000
0.00000
0.00000
0.00000
0.00000
0.00000
0.00000
0.00000
0.00000
0.00000
0.00000
0.03411
0.11329
0.21155
0.31280
0.40043
0.46008
0.48197
0.46251
0.40490
0.31857
0.21768
0.11877
0.00000
0.00000
0.00000
0.00000
0.00000
0.00000
0.00000
0.00000
0.00000
0.00000
0.00000
0.00000
0.02757
0.09155
0.17097
0.25279
0.32360
0.37181
0.38950
0.37378
0.32722
0.25745
0.17592
0.09598
0.00000
0.00000
0.00000
0.00000
0.00000
0.00000
0.00000
0.00000
0.00000
0.00000
0.00000
0.00000
0.04077
0.13538
0.25281
0.37379
0.47851
0.54979
0.57595
0.55270
0.48385
0.38069
0.26013
0.14193
0.00000
0.00000
0.00000
0.00000
0.00000
0.00000
0.00000
0.00000
0.00000
0.00000
0.00000
0.00000
0.04004
0.13296
0.24829
0.36711
0.46996
0.53997
0.56566
0.54283
0.47521
0.37389
0.25548
0.13939
0.00000
0.00000
0.00000
0.00000
0.00000
0.00000
0.00000
0.00000
0.00000
0.00000
0.00000
0.00000
0.05302
0.17607
0.32880
0.48615
0.62235
0.71505
0.74908
0.71884
0.62930
0.49513
0.33832
0.18459
0.00000
0.00000
0.00000
0.00000
0.00000
0.00000
0.00000
0.00000
0.00000
0.00000
0.00000
0.00000
0.03731
0.12389
0.23135
0.34207
0.43790
0.50313
0.52707
0.50580
0.44279
0.34839
0.23806
0.12989
0.00000
0.00000
0.00000
0.00000
0.00000
0.00000
0.00000
0.00000
0.00000
0.00000
0.00000
0.00000
0.02907
0.09653
0.18027
0.26654
0.34121
0.39203
0.41069
0.39411
0.34502
0.27146
0.18549
0.10121
0.00000
0.00000
0.00000
0.00000
0.00000
0.00000
0.00000
0.00000
0.00000
0.00000
0.00000
0.00000
0.03161
0.10496
0.19601
0.28981
0.37100
0.42627
0.44655
0.42852
0.37514
0.29516
0.20169
0.11004
0.00000
0.00000
0.00000
0.00000
0.00000
0.00000
0.00000
0.00000
0.00000
0.00000
0.00000
0.00000
0.02561
0.08506
0.15883
0.23485
0.30064
0.34542
0.36186
0.34725
0.30399
0.23918
0.16343
0.08917
0.00000
0.00000
0.00000
0.00000
0.00000
0.00000
0.00000
0.00000
0.00000
0.00000
0.00000
0.00000
0.03889
0.12914
0.24115
0.35656
0.45645
0.52445
0.54940
0.52723
0.46155
0.36315
0.24814
0.13539
0.00000
0.00000
0.00000
0.00000
0.00000
0.00000
0.00000
0.00000
0.00000
0.00000
0.00000
0.00000
0.01130
0.03753
0.07009
0.10363
0.13266
0.15242
0.15967
0.15323
0.13414
0.10554
0.07212
0.03935
0.00000
0.00000
0.00000
0.00000
0.00000
0.00000
0.00000
0.00000
0.00000
0.00000
0.00000
0.00000
0.01764
0.05857
0.10937
0.16172
0.20702
0.23786
0.24918
0.23912
0.20933
0.16470
0.11254
0.06140
0.00000
0.00000
0.00000
0.00000
0.00000
0.00000
0.00000
0.00000
0.00000
0.00000
0.00000
0.00000
0.04062
0.13489
0.25189
0.37244
0.47678
0.54780
0.57386
0.55070
0.48210
0.37931
0.25919
0.14142
0.00000
0.00000
0.00000
0.00000
0.00000
0.00000
0.00000
0.00000
0.00000
0.00000
0.00000
0.00000
0.04460
0.14810
0.27656
0.40892
0.52347
0.60145
0.63007
0.60463
0.52932
0.41646
0.28457
0.15527
0.00000
0.00000
0.00000
0.00000
0.00000
0.00000
0.00000
0.00000
0.00000
0.00000
0.00000
0.00000
0.01274
0.04230
0.07900
0.11681
0.14953
0.17180
0.17998
0.17271
0.15120
0.11896
0.08129
0.04435
0.00000
0.00000
0.00000
0.00000
0.00000
0.00000
0.00000
0.00000
0.00000
0.00000
0.00000
0.00000
0.03553
0.11798
0.22032
0.32576
0.41703
0.47915
0.50195
0.48168
0.42168
0.33178
0.22671
0.12369
0.00000
0.00000
0.00000
0.00000
0.00000
0.00000
0.00000
0.00000
0.00000
0.00000
0.00000
0.00000
0.01275
0.04234
0.07906
0.11690
0.14965
0.17195
0.18013
0.17286
0.15133
0.11906
0.08136
0.04439
0.00000
0.00000
0.00000
0.00000
0.00000
0.00000
0.00000
0.00000
0.00000
0.00000
0.00000
0.00000
0.03050
0.10128
0.18912
0.27963
0.35797
0.41129
0.43086
0.41347
0.36196
0.28479
0.19460
0.10618
0.00000
0.00000
0.00000
0.00000
0.00000
0.00000
0.00000
0.00000
0.00000
0.00000
0.00000
0.00000
0.01651
0.05483
0.10240
0.15140
0.19382
0.22269
0.23328
0.22387
0.19598
0.15420
0.10536
0.05749
0.00000
0.00000
0.00000
0.00000
0.00000
0.00000
0.00000
0.00000
0.00000
0.00000
0.00000
0.00000
0.04493
0.14920
0.27861
0.41195
0.52736
0.60592
0.63475
0.60913
0.53325
0.41956
0.28669
0.15642
0.00000
0.00000
0.00000
0.00000
0.00000
0.00000
0.00000
0.00000
0.00000
0.00000
0.00000
0.00000
0.05139
0.17065
0.31866
0.47117
0.60317
0.69302
0.72599
0.69669
0.60990
0.47987
0.32790
0.17891
0.00000
0.00000
0.00000
0.00000
0.00000
0.00000
0.00000
0.00000
0.00000
0.00000
0.00000
0.00000
0.03562
0.11828
0.22088
0.32659
0.41809
0.48037
0.50322
0.48291
0.42275
0.33262
0.22728
0.12401
0.00000
0.00000
0.00000
0.00000
0.00000
0.00000
0.00000
0.00000
0.00000
0.00000
0.00000
0.00000
0.05072
0.16843
0.31453
0.46505
0.59534
0.68402
0.71657
0.68764
0.60198
0.47364
0.32364
0.17658
0.00000
0.00000
0.00000
0.00000
0.00000
0.00000
0.00000
0.00000
0.00000
0.00000
0.00000
0.00000
0.04806
0.17687
0.34282
0.51798
0.67288
0.78144
0.82541
0.79738
0.70207
0.55552
0.38239
0.21181
0.00000
0.00000
0.00000
0.00000
0.00000
0.00000
0.00000
0.00000
0.00000
0.00000
0.00000
0.00000
0.03793
0.13959
0.27056
0.40879
0.53103
0.61671
0.65141
0.62929
0.55407
0.43842
0.30178
0.16716
0.00000
0.00000
0.00000
0.00000
0.00000
0.00000
0.00000
0.00000
0.00000
0.00000
0.00000
0.00000
0.03830
0.14097
0.27323
0.41283
0.53628
0.62281
0.65785
0.63551
0.55955
0.44275
0.30477
0.16881
0.00000
0.00000
0.00000
0.00000
0.00000
0.00000
0.00000
0.00000
0.00000
0.00000
0.00000
0.00000
0.02840
0.10451
0.20256
0.30605
0.39757
0.46172
0.48770
0.47113
0.41482
0.32823
0.22594
0.12515
0.00000
0.00000
0.00000
0.00000
0.00000
0.00000
0.00000
0.00000
0.00000
0.00000
0.00000
0.00000
0.03285
0.12090
0.23433
0.35406
0.45993
0.53414
0.56419
0.54503
0.47989
0.37972
0.26137
0.14478
0.00000
0.00000
0.00000
0.00000
0.00000
0.00000
0.00000
0.00000
0.00000
0.00000
0.00000
0.00000
0.00907
0.03336
0.06467
0.09771
0.12693
0.14740
0.15570
0.15041
0.13243
0.10479
0.07213
0.03995
0.00000
0.00000
0.00000
0.00000
0.00000
0.00000
0.00000
0.00000
0.00000
0.00000
0.00000
0.00000
0.03936
0.14486
0.28077
0.42423
0.55109
0.64000
0.67601
0.65305
0.57500
0.45497
0.31318
0.17347
0.00000
0.00000
0.00000
0.00000
0.00000
0.00000
0.00000
0.00000
0.00000
0.00000
0.00000
0.00000
0.02704
0.09950
0.19286
0.29139
0.37853
0.43960
0.46433
0.44857
0.39495
0.31251
0.21511
0.11915
0.00000
0.00000
0.00000
0.00000
0.00000
0.00000
0.00000
0.00000
0.00000
0.00000
0.00000
0.00000
0.02075
0.07638
0.14804
0.22368
0.29057
0.33745
0.35644
0.34434
0.30318
0.23989
0.16513
0.09147
0.00000
0.00000
0.00000
0.00000
0.00000
0.00000
0.00000
0.00000
0.00000
0.00000
0.00000
0.00000
0.03493
0.12855
0.24916
0.37646
0.48903
0.56793
0.59989
0.57952
0.51025
0.40374
0.27791
0.15394
0.00000
0.00000
0.00000
0.00000
0.00000
0.00000
0.00000
0.00000
0.00000
0.00000
0.00000
0.00000
0.01971
0.07255
0.14061
0.21246
0.27599
0.32052
0.33855
0.32705
0.28796
0.22785
0.15684
0.08688
0.00000
0.00000
0.00000
0.00000
0.00000
0.00000
0.00000
0.00000
0.00000
0.00000
0.00000
0.00000
0.03062
0.11269
0.21843
0.33003
0.42872
0.49789
0.52590
0.50804
0.44732
0.35395
0.24364
0.13495
0.00000
0.00000
0.00000
0.00000
0.00000
0.00000
0.00000
0.00000
0.00000
0.00000
0.00000
0.00000
0.03588
0.13206
0.25596
0.38673
0.50238
0.58343
0.61626
0.59533
0.52417
0.41476
0.28550
0.15814
0.00000
0.00000
0.00000
0.00000
0.00000
0.00000
0.00000
0.00000
0.00000
0.00000
0.00000
0.00000
0.04063
0.14953
0.28983
0.43791
0.56885
0.66064
0.69781
0.67411
0.59354
0.46964
0.32328
0.17907
0.00000
0.00000
0.00000
0.00000
0.00000
0.00000
0.00000
0.00000
0.00000
0.00000
0.00000
0.00000
0.03011
0.11083
0.21481
0.32457
0.42162
0.48965
0.51720
0.49963
0.43992
0.34809
0.23960
0.13272
0.00000
0.00000
0.00000
0.00000
0.00000
0.00000
0.00000
0.00000
0.00000
0.00000
0.00000
0.00000
0.02554
0.09400
0.18220
0.27528
0.35760
0.41530
0.43867
0.42377
0.37312
0.29523
0.20322
0.11257
0.00000
0.00000
0.00000
0.00000
0.00000
0.00000
0.00000
0.00000
0.00000
0.00000
0.00000
0.00000
0.02900
0.10674
0.20688
0.31258
0.40605
0.47156
0.49810
0.48118
0.42367
0.33523
0.23076
0.12782
0.00000
0.00000
0.00000
0.00000
0.00000
0.00000
0.00000
0.00000
0.00000
0.00000
0.00000
0.00000
0.03669
0.13502
0.26170
0.39541
0.51365
0.59653
0.63009
0.60870
0.53594
0.42407
0.29191
0.16169
0.00000
0.00000
0.00000
0.00000
0.00000
0.00000
0.00000
0.00000
0.00000
0.00000
0.00000
0.00000
0.03381
0.12444
0.24120
0.36444
0.47342
0.54980
0.58073
0.56101
0.49396
0.39085
0.26904
0.14902
0.00000
0.00000
0.00000
0.00000
0.00000
0.00000
0.00000
0.00000
0.00000
0.00000
0.00000
0.00000
0.03213
0.11827
0.22923
0.34634
0.44991
0.52250
0.55190
0.53316
0.46943
0.37144
0.25568
0.14162
0.00000
0.00000
0.00000
0.00000
0.00000
0.00000
0.00000
0.00000
0.00000
0.00000
0.00000
0.00000
0.03832
0.14102
0.27333
0.41298
0.53647
0.62303
0.65809
0.63574
0.55975
0.44291
0.30487
0.16887
0.00000
0.00000
0.00000
0.00000
0.00000
0.00000
0.00000
0.00000
0.00000
0.00000
0.00000
0.00000
0.03486
0.12830
0.24868
0.37574
0.48810
0.56685
0.59875
0.57842
0.50928
0.40297
0.27738
0.15365
0.00000
0.00000
0.00000
0.00000
0.00000
0.00000
0.00000
0.00000
0.00000
0.00000
0.00000
0.00000
0.03620
0.13324
0.25824
0.39019
0.50687
0.58865
0.62177
0.60066
0.52886
0.41847
0.28805
0.15955
0.00000
0.00000
0.00000
0.00000
0.00000
0.00000
0.00000
0.00000
0.00000
0.00000
0.00000
0.00000
0.03757
0.13828
0.26801
0.40494
0.52603
0.61091
0.64528
0.62337
0.54886
0.43429
0.29894
0.16559
0.00000
0.00000
0.00000
0.00000
0.00000
0.00000
0.00000
0.00000
0.00000
0.00000
0.00000
0.00000
0.03042
0.11197
0.21702
0.32791
0.42596
0.49469
0.52252
0.50478
0.44444
0.35167
0.24207
0.13409
0.00000
0.00000
0.00000
0.00000
0.00000
0.00000
0.00000
0.00000
0.00000
0.00000
0.00000
0.00000
0.04255
0.15660
0.30354
0.45862
0.59576
0.69189
0.73081
0.70600
0.62161
0.49186
0.33857
0.18754
0.00000
0.00000
0.00000
0.00000
0.00000
0.00000
0.00000
0.00000
0.00000
0.00000
0.00000
0.00000
0.03381
0.12444
0.24119
0.36441
0.47339
0.54976
0.58069
0.56098
0.49392
0.39082
0.26902
0.14901
0.00000
0.00000
0.00000
0.00000
0.00000
0.00000
0.00000
0.00000
0.00000
0.00000
0.00000
0.00000
0.03422
0.12596
0.24413
0.36886
0.47917
0.55648
0.58779
0.56783
0.49996
0.39560
0.27231
0.15083
0.00000
0.00000
0.00000
0.00000
0.00000
0.00000
0.00000
0.00000
0.00000
0.00000
0.00000
0.00000
0.02820
0.10377
0.20113
0.30389
0.39477
0.45846
0.48425
0.46781
0.41189
0.32592
0.22434
0.12427
0.00000
0.00000
0.00000
0.00000
0.00000
0.00000
0.00000
0.00000
0.00000
0.00000
0.00000
0.00000
0.04311
0.15867
0.30754
0.46467
0.60362
0.70101
0.74045
0.71530
0.62981
0.49834
0.34303
0.19001
0.00000
0.00000
0.00000
0.00000
0.00000
0.00000
0.00000
0.00000
0.00000
0.00000
0.00000
0.00000
0.02509
0.09233
0.17896
0.27039
0.35125
0.40792
0.43087
0.41624
0.36649
0.28999
0.19961
0.11057
0.00000
0.00000
0.00000
0.00000
0.00000
