0.00000
0.00000
0.00000
0.00000
0.00000
0.00000
0.00000
0.03724
0.12902
0.25833
0.40241
0.53593
0.63538
0.68328
0.67119
0.60125
0.48575
0.34502
0.20382
0.00000
0.00000
0.00000
0.00000
0.00000
0.00000
0.00000
0.00000
0.00000
0.00000
0.00000
0.00000
0.03597
0.12464
0.24956
0.38876
0.51775
0.61383
0.66010
0.64843
0.58086
0.46928
0.33332
0.19691
0.00000
0.00000
0.00000
0.00000
0.00000
0.00000
0.00000
0.00000
0.00000
0.00000
0.00000
0.00000
0.03588
0.12432
0.24891
0.38775
0.51640
0.61223
0.65838
0.64673
0.57934
0.46805
0.33245
0.19639
0.00000
0.00000
0.00000
0.00000
0.00000
0.00000
0.00000
0.00000
0.00000
0.00000
0.00000
0.00000
0.04057
0.14057
0.28146
0.43844
0.58391
0.69227
0.74446
0.73129
0.65508
0.52925
0.37592
0.22207
0.00000
0.00000
0.00000
0.00000
0.00000
0.00000
0.00000
0.00000
0.00000
0.00000
0.00000
0.00000
0.04766
0.16513
0.33064
0.51505
0.68594
0.81324
0.87454
0.85907
0.76955
0.62172
0.44160
0.26087
0.00000
0.00000
0.00000
0.00000
0.00000
0.00000
0.00000
0.00000
0.00000
0.00000
0.00000
0.00000
0.04450
0.15418
0.30872
0.48091
0.64047
0.75932
0.81656
0.80212
0.71853
0.58050
0.41232
0.24358
0.00000
0.00000
0.00000
0.00000
0.00000
0.00000
0.00000
0.00000
0.00000
0.00000
0.00000
0.00000
0.04084
0.14150
0.28332
0.44134
0.58778
0.69685
0.74939
0.73613
0.65942
0.53275
0.37840
0.22354
0.00000
0.00000
0.00000
0.00000
0.00000
0.00000
0.00000
0.00000
0.00000
0.00000
0.00000
0.00000
0.03388
0.11739
0.23503
0.36613
0.48761
0.57809
0.62167
0.61068
0.54704
0.44196
0.31391
0.18544
0.00000
0.00000
0.00000
0.00000
0.00000
0.00000
0.00000
0.00000
0.00000
0.00000
0.00000
0.00000
0.04266
0.14781
0.29595
0.46102
0.61398
0.72792
0.78279
0.76895
0.68882
0.55650
0.39527
0.23350
0.00000
0.00000
0.00000
0.00000
0.00000
0.00000
0.00000
0.00000
0.00000
0.00000
0.00000
0.00000
0.03663
0.12691
0.25410
0.39584
0.52717
0.62500
0.67211
0.66022
0.59142
0.47781
0.33938
0.20049
0.00000
0.00000
0.00000
0.00000
0.00000
0.00000
0.00000
0.00000
0.00000
0.00000
0.00000
0.00000
0.03296
0.11421
0.22868
0.35623
0.47442
0.56247
0.60487
0.59417
0.53225
0.43001
0.30543
0.18043
0.00000
0.00000
0.00000
0.00000
0.00000
0.00000
0.00000
0.00000
0.00000
0.00000
0.00000
0.00000
0.04051
0.14035
0.28102
0.43776
0.58301
0.69120
0.74330
0.73016
0.65407
0.52842
0.37533
0.22172
0.00000
0.00000
0.00000
0.00000
0.00000
0.00000
0.00000
0.00000
0.00000
0.00000
0.00000
0.00000
0.03452
0.11959
0.23945
0.37301
0.49677
0.58896
0.63336
0.62215
0.55732
0.45026
0.31981
0.18893
0.00000
0.00000
0.00000
0.00000
0.00000
0.00000
0.00000
0.00000
0.00000
0.00000
0.00000
0.00000
0.03858
0.13367
0.26764
0.41692
0.55526
0.65830
0.70792
0.69540
0.62293
0.50327
0.35747
0.21117
0.00000
0.00000
0.00000
0.00000
0.00000
0.00000
0.00000
0.00000
0.00000
0.00000
0.00000
0.00000
0.03120
0.10810
0.21644
0.33716
0.44902
0.53235
0.57248
0.56235
0.50375
0.40698
0.28907
0.17077
0.00000
0.00000
0.00000
0.00000
0.00000
0.00000
0.00000
0.00000
0.00000
0.00000
0.00000
0.00000
0.04168
0.14440
0.28912
0.45038
0.59980
0.71111
0.76472
0.75119
0.67291
0.54365
0.38615
0.22811
0.00000
0.00000
0.00000
0.00000
0.00000
0.00000
0.00000
0.00000
0.00000
0.00000
0.00000
0.00000
0.03984
0.13804
0.27640
0.43056
0.57342
0.67983
0.73107
0.71814
0.64331
0.51973
0.36916
0.21808
0.00000
0.00000
0.00000
0.00000
0.00000
0.00000
0.00000
0.00000
0.00000
0.00000
0.00000
0.00000
0.02985
0.10342
0.20708
0.32258
0.42961
0.50934
0.54773
0.53804
0.48197
0.38939
0.27658
0.16339
0.00000
0.00000
0.00000
0.00000
0.00000
0.00000
0.00000
0.00000
0.00000
0.00000
0.00000
0.00000
0.03216
0.11142
0.22309
0.34752
0.46282
0.54871
0.59008
0.57964
0.51924
0.41949
0.29796
0.17602
0.00000
0.00000
0.00000
0.00000
0.00000
0.00000
0.00000
0.00000
0.00000
0.00000
0.00000
0.00000
0.04155
0.14395
0.28822
0.44899
0.59795
0.70892
0.76236
0.74887
0.67083
0.54197
0.38495
0.22741
0.00000
0.00000
0.00000
0.00000
0.00000
0.00000
0.00000
0.00000
0.00000
0.00000
0.00000
0.00000
0.04725
0.16372
0.32780
0.51063
0.68006
0.80626
0.86703
0.85170
0.76294
0.61639
0.43781
0.25863
0.00000
0.00000
0.00000
0.00000
0.00000
0.00000
0.00000
0.00000
0.00000
0.00000
0.00000
0.00000
0.03988
0.13818
0.27668
0.43100
0.57400
0.68052
0.73182
0.71887
0.64396
0.52026
0.36953
0.21830
0.00000
0.00000
0.00000
0.00000
0.00000
0.00000
0.00000
0.00000
0.00000
0.00000
0.00000
0.00000
0.04421
0.15319
0.30672
0.47780
0.63632
0.75441
0.81128
0.79693
0.71388
0.57675
0.40966
0.24200
0.00000
0.00000
0.00000
0.00000
0.00000
0.00000
0.00000
0.00000
0.00000
0.00000
0.00000
0.00000
0.04132
0.14318
0.28668
0.44657
0.59474
0.70511
0.75827
0.74485
0.66723
0.53906
0.38289
0.22619
0.00000
0.00000
0.00000
0.00000
0.00000
0.00000
0.00000
0.00000
0.00000
0.00000
0.00000
0.00000
0.03377
0.11701
0.23429
0.36497
0.48606
0.57626
0.61971
0.60874
0.54531
0.44056
0.31292
0.18486
0.00000
0.00000
0.00000
0.00000
0.00000
0.00000
0.00000
0.00000
0.00000
0.00000
0.00000
0.00000
0.04115
0.14259
0.28549
0.44473
0.59229
0.70220
0.75514
0.74178
0.66448
0.53684
0.38131
0.22525
0.00000
0.00000
0.00000
0.00000
0.00000
0.00000
0.00000
0.00000
0.00000
0.00000
0.00000
0.00000
0.04127
0.14298
0.28627
0.44595
0.59391
0.70412
0.75720
0.74381
0.66630
0.53831
0.38235
0.22587
0.00000
0.00000
0.00000
0.00000
0.00000
0.00000
0.00000
0.00000
0.00000
0.00000
0.00000
0.00000
0.03882
0.13451
0.26933
0.41956
0.55876
0.66245
0.71239
0.69979
0.62686
0.50645
0.35972
0.21250
0.00000
0.00000
0.00000
0.00000
0.00000
0.00000
0.00000
0.00000
0.00000
0.00000
0.00000
0.00000
0.03653
0.12656
0.25341
0.39476
0.52573
0.62330
0.67028
0.65843
0.58981
0.47651
0.33846
0.19994
0.00000
0.00000
0.00000
0.00000
0.00000
0.00000
0.00000
0.00000
0.00000
0.00000
0.00000
0.00000
0.03002
0.10400
0.20823
0.32438
0.43200
0.51217
0.55078
0.54104
0.48466
0.39156
0.27812
0.16430
0.00000
0.00000
0.00000
0.00000
0.00000
0.00000
0.00000
0.00000
0.00000
0.00000
0.00000
0.00000
0.03319
0.11499
0.23023
0.35865
0.47765
0.56629
0.60898
0.59820
0.53587
0.43293
0.30750
0.18165
0.00000
0.00000
0.00000
0.00000
0.00000
0.00000
0.00000
0.00000
0.00000
0.00000
0.00000
0.00000
0.00755
0.15268
0.32306
0.49557
0.64677
0.75613
0.80881
0.79765
0.72415
0.59832
0.43722
0.26275
0.09858
0.00000
0.00000
0.00000
0.00000
0.00000
0.00000
0.00000
0.00000
0.00000
0.00000
0.00000
0.00763
0.15430
0.32650
0.50085
0.65366
0.76419
0.81743
0.80614
0.73187
0.60469
0.44188
0.26555
0.09963
0.00000
0.00000
0.00000
0.00000
0.00000
0.00000
0.00000
0.00000
0.00000
0.00000
0.00000
0.00763
0.15434
0.32658
0.50096
0.65381
0.76436
0.81762
0.80633
0.73204
0.60483
0.44198
0.26561
0.09966
0.00000
0.00000
0.00000
0.00000
0.00000
0.00000
0.00000
0.00000
0.00000
0.00000
0.00000
0.00604
0.12214
0.25846
0.39647
0.51743
0.60493
0.64707
0.63814
0.57934
0.47867
0.34979
0.21020
0.07887
0.00000
0.00000
0.00000
0.00000
0.00000
0.00000
0.00000
0.00000
0.00000
0.00000
0.00000
0.00771
0.15579
0.32964
0.50566
0.65994
0.77154
0.82529
0.81389
0.73891
0.61050
0.44613
0.26810
0.10059
0.00000
0.00000
0.00000
0.00000
0.00000
0.00000
0.00000
0.00000
0.00000
0.00000
0.00000
0.00681
0.13762
0.29120
0.44669
0.58298
0.68155
0.72904
0.71897
0.65273
0.53930
0.39410
0.23683
0.08886
0.00000
0.00000
0.00000
0.00000
0.00000
0.00000
0.00000
0.00000
0.00000
0.00000
0.00000
0.00640
0.12943
0.27387
0.42011
0.54829
0.64100
0.68566
0.67619
0.61389
0.50721
0.37065
0.22274
0.08357
0.00000
0.00000
0.00000
0.00000
0.00000
0.00000
0.00000
0.00000
0.00000
0.00000
0.00000
0.00660
0.13354
0.28256
0.43344
0.56569
0.66134
0.70742
0.69765
0.63337
0.52331
0.38241
0.22981
0.08623
0.00000
0.00000
0.00000
0.00000
0.00000
0.00000
0.00000
0.00000
0.00000
0.00000
0.00000
0.00625
0.12640
0.26746
0.41027
0.53545
0.62599
0.66960
0.66036
0.59952
0.49534
0.36197
0.21752
0.08162
0.00000
0.00000
0.00000
0.00000
0.00000
0.00000
0.00000
0.00000
0.00000
0.00000
0.00000
0.00630
0.12742
0.26962
0.41360
0.53979
0.63107
0.67503
0.66571
0.60438
0.49935
0.36490
0.21929
0.08228
0.00000
0.00000
0.00000
0.00000
0.00000
0.00000
0.00000
0.00000
0.00000
0.00000
0.00000
0.00515
0.10416
0.22039
0.33808
0.44123
0.51584
0.55178
0.54416
0.49402
0.40818
0.29828
0.17925
0.06726
0.00000
0.00000
0.00000
0.00000
0.00000
0.00000
0.00000
0.00000
0.00000
0.00000
0.00000
0.00671
0.13568
0.28710
0.44041
0.57478
0.67198
0.71879
0.70887
0.64356
0.53173
0.38856
0.23350
0.08761
0.00000
0.00000
0.00000
0.00000
0.00000
0.00000
0.00000
0.00000
0.00000
0.00000
0.00000
0.00776
0.15687
0.33193
0.50918
0.66454
0.77691
0.83103
0.81956
0.74405
0.61475
0.44923
0.26997
0.10129
0.00000
0.00000
0.00000
0.00000
0.00000
0.00000
0.00000
0.00000
0.00000
0.00000
0.00000
0.00865
0.17481
0.36990
0.56743
0.74055
0.86578
0.92609
0.91331
0.82916
0.68508
0.50062
0.30085
0.11288
0.00000
0.00000
0.00000
0.00000
0.00000
0.00000
0.00000
0.00000
0.00000
0.00000
0.00000
0.00589
0.11906
0.25194
0.38647
0.50438
0.58967
0.63075
0.62204
0.56473
0.46660
0.34097
0.20490
0.07688
0.00000
0.00000
0.00000
0.00000
0.00000
0.00000
0.00000
0.00000
0.00000
0.00000
0.00000
0.00650
0.13137
0.27798
0.42641
0.55651
0.65062
0.69594
0.68634
0.62310
0.51482
0.37621
0.22608
0.08483
0.00000
0.00000
0.00000
0.00000
0.00000
0.00000
0.00000
0.00000
0.00000
0.00000
0.00000
0.00757
0.15308
0.32392
0.49688
0.64849
0.75815
0.81096
0.79977
0.72608
0.59991
0.43839
0.26345
0.09885
0.00000
0.00000
0.00000
0.00000
0.00000
0.00000
0.00000
0.00000
0.00000
0.00000
0.00000
0.00717
0.14498
0.30677
0.47057
0.61415
0.71800
0.76802
0.75742
0.68763
0.56814
0.41517
0.24950
0.09361
0.00000
0.00000
0.00000
0.00000
0.00000
0.00000
0.00000
0.00000
0.00000
0.00000
0.00000
0.00600
0.12131
0.25670
0.39377
0.51392
0.60082
0.64267
0.63380
0.57541
0.47542
0.34741
0.20878
0.07833
0.00000
0.00000
0.00000
0.00000
0.00000
0.00000
0.00000
0.00000
0.00000
0.00000
0.00000
0.00775
0.15674
0.33165
0.50875
0.66397
0.77625
0.83033
0.81886
0.74342
0.61423
0.44885
0.26974
0.10121
0.00000
0.00000
0.00000
0.00000
0.00000
0.00000
0.00000
0.00000
0.00000
0.00000
0.00000
0.00750
0.15170
0.32099
0.49239
0.64263
0.75130
0.80364
0.79254
0.71952
0.59449
0.43443
0.26107
0.09795
0.00000
0.00000
0.00000
0.00000
0.00000
0.00000
0.00000
0.00000
0.00000
0.00000
0.00000
0.00522
0.10563
0.22351
0.34287
0.44748
0.52314
0.55959
0.55186
0.50102
0.41396
0.30250
0.18179
0.06821
0.00000
0.00000
0.00000
0.00000
0.00000
0.00000
0.00000
0.00000
0.00000
0.00000
0.00000
0.00657
0.13275
0.28091
0.43090
0.56238
0.65747
0.70328
0.69357
0.62967
0.52025
0.38017
0.22846
0.08572
0.00000
0.00000
0.00000
0.00000
0.00000
0.00000
0.00000
0.00000
0.00000
0.00000
0.00000
0.00692
0.13985
0.29592
0.45394
0.59244
0.69262
0.74087
0.73064
0.66332
0.54806
0.40049
0.24068
0.09030
0.00000
0.00000
0.00000
0.00000
0.00000
0.00000
0.00000
0.00000
0.00000
0.00000
0.00000
0.00636
0.12865
0.27223
0.41759
0.54500
0.63716
0.68155
0.67214
0.61021
0.50418
0.36843
0.22141
0.08307
0.00000
0.00000
0.00000
0.00000
0.00000
0.00000
0.00000
0.00000
0.00000
0.00000
0.00000
0.00697
0.14088
0.29809
0.45727
0.59678
0.69770
0.74630
0.73600
0.66819
0.55208
0.40343
0.24244
0.09097
0.00000
0.00000
0.00000
0.00000
0.00000
0.00000
0.00000
0.00000
0.00000
0.00000
0.00000
0.00749
0.15151
0.32059
0.49177
0.64182
0.75035
0.80262
0.79154
0.71861
0.59374
0.43388
0.26074
0.09783
0.00000
0.00000
0.00000
0.00000
0.00000
0.00000
0.00000
0.00000
0.00000
0.00000
0.00000
0.00640
0.12947
0.27396
0.42025
0.54848
0.64122
0.68589
0.67642
0.61410
0.50739
0.37078
0.22282
0.08360
0.00000
0.00000
0.00000
0.00000
0.00000
0.00000
0.00000
0.00000
0.00000
0.00000
0.00000
0.00824
0.16667
0.35268
0.54100
0.70606
0.82545
0.88296
0.87077
0.79054
0.65317
0.47731
0.28684
0.10762
0.00000
0.00000
0.00000
0.00000
0.00000
0.00000
0.00000
0.00000
0.00000
0.00000
0.00478
0.04576
0.14011
0.27133
0.41653
0.55032
0.64936
0.69633
0.68303
0.61179
0.49505
0.35320
0.21101
0.09333
0.00000
0.00000
0.00000
0.00000
0.00000
0.00000
0.00000
0.00000
0.00000
0.00000
0.00296
0.02834
0.08677
0.16805
0.25798
0.34085
0.40218
0.43127
0.42304
0.37892
0.30661
0.21875
0.13069
0.05780
0.00000
0.00000
0.00000
0.00000
0.00000
0.00000
0.00000
0.00000
0.00000
0.00000
0.00411
0.03933
0.12041
0.23319
0.35798
0.47297
0.55808
0.59845
0.58702
0.52580
0.42546
0.30355
0.18135
0.08021
0.00000
0.00000
0.00000
0.00000
0.00000
0.00000
0.00000
0.00000
0.00000
0.00000
0.00368
0.03522
0.10784
0.20885
0.32061
0.42359
0.49982
0.53597
0.52574
0.47090
0.38104
0.27186
0.16242
0.07183
0.00000
0.00000
0.00000
0.00000
0.00000
0.00000
0.00000
0.00000
0.00000
0.00000
0.00564
0.05398
0.16527
0.32008
0.49135
0.64918
0.76601
0.82141
0.80573
0.72169
0.58398
0.41664
0.24892
0.11009
0.00000
0.00000
0.00000
0.00000
0.00000
0.00000
0.00000
0.00000
0.00000
0.00000
0.00548
0.05239
0.16040
0.31063
0.47685
0.63003
0.74341
0.79718
0.78196
0.70040
0.56675
0.40435
0.24157
0.10684
0.00000
0.00000
0.00000
0.00000
0.00000
0.00000
0.00000
0.00000
0.00000
0.00000
0.00561
0.05367
0.16430
0.31819
0.48846
0.64537
0.76151
0.81659
0.80100
0.71745
0.58055
0.41420
0.24745
0.10944
0.00000
0.00000
0.00000
0.00000
0.00000
0.00000
0.00000
0.00000
0.00000
0.00000
0.00458
0.04377
0.13402
0.25955
0.39843
0.52642
0.62115
0.66608
0.65336
0.58521
0.47354
0.33785
0.20184
0.08927
0.00000
0.00000
0.00000
0.00000
0.00000
0.00000
0.00000
0.00000
0.00000
0.00000
0.00460
0.04397
0.13461
0.26069
0.40019
0.52874
0.62389
0.66902
0.65624
0.58779
0.47563
0.33934
0.20273
0.08967
0.00000
0.00000
0.00000
0.00000
0.00000
0.00000
0.00000
0.00000
0.00000
0.00000
0.00539
0.05154
0.15778
0.30557
0.46908
0.61976
0.73129
0.78419
0.76921
0.68898
0.55751
0.39776
0.23764
0.10510
0.00000
0.00000
0.00000
0.00000
0.00000
0.00000
0.00000
0.00000
0.00000
0.00000
0.00426
0.04071
0.12465
0.24140
0.37058
0.48962
0.57773
0.61952
0.60769
0.54431
0.44044
0.31424
0.18774
0.08303
0.00000
0.00000
0.00000
0.00000
0.00000
0.00000
0.00000
0.00000
0.00000
0.00000
0.00464
0.04434
0.13574
0.26288
0.40355
0.53318
0.62913
0.67464
0.66176
0.59274
0.47963
0.34220
0.20444
0.09042
0.00000
0.00000
0.00000
0.00000
0.00000
0.00000
0.00000
0.00000
0.00000
0.00000
0.00488
0.04666
0.14284
0.27663
0.42466
0.56108
0.66204
0.70993
0.69638
0.62374
0.50472
0.36010
0.21513
0.09515
0.00000
0.00000
0.00000
0.00000
0.00000
0.00000
0.00000
0.00000
0.00000
0.00000
0.00443
0.04238
0.12974
0.25126
0.38572
0.50962
0.60133
0.64482
0.63251
0.56654
0.45843
0.32707
0.19540
0.08642
0.00000
0.00000
0.00000
0.00000
0.00000
0.00000
0.00000
0.00000
0.00000
0.00000
0.00371
0.03546
0.10856
0.21024
0.32275
0.42642
0.50315
0.53955
0.52925
0.47405
0.38359
0.27367
0.16350
0.07231
0.00000
0.00000
0.00000
0.00000
0.00000
0.00000
0.00000
0.00000
0.00000
0.00000
0.00463
0.04429
0.13558
0.26258
0.40308
0.53256
0.62840
0.67385
0.66098
0.59204
0.47907
0.34180
0.20420
0.09031
0.00000
0.00000
0.00000
0.00000
0.00000
0.00000
0.00000
0.00000
0.00000
0.00000
0.00376
0.03599
0.11017
0.21336
0.32754
0.43275
0.51062
0.54756
0.53710
0.48108
0.38928
0.27774
0.16593
0.07339
0.00000
0.00000
0.00000
0.00000
0.00000
0.00000
0.00000
0.00000
0.00000
0.00000
0.00476
0.04556
0.13949
0.27013
0.41469
0.54789
0.64649
0.69325
0.68001
0.60909
0.49286
0.35164
0.21008
0.09291
0.00000
0.00000
0.00000
0.00000
0.00000
0.00000
0.00000
0.00000
0.00000
0.00000
0.00562
0.05376
0.16458
0.31873
0.48928
0.64645
0.76279
0.81796
0.80234
0.71866
0.58152
0.41489
0.24787
0.10963
0.00000
0.00000
0.00000
0.00000
0.00000
0.00000
0.00000
0.00000
0.00000
0.00000
0.00415
0.03965
0.12139
0.23510
0.36090
0.47683
0.56264
0.60333
0.59181
0.53009
0.42894
0.30603
0.18283
0.08086
0.00000
0.00000
0.00000
0.00000
0.00000
0.00000
0.00000
0.00000
0.00000
0.00000
0.00393
0.03763
0.11519
0.22309
0.34247
0.45248
0.53390
0.57252
0.56159
0.50301
0.40703
0.29040
0.17349
0.07673
0.00000
0.00000
0.00000
0.00000
0.00000
0.00000
0.00000
0.00000
0.00000
0.00000
0.00382
0.03654
0.11187
0.21666
0.33259
0.43943
0.51850
0.55601
0.54539
0.48851
0.39529
0.28202
0.16849
0.07452
0.00000
0.00000
0.00000
0.00000
0.00000
0.00000
0.00000
0.00000
0.00000
0.00000
0.00453
0.04332
0.13263
0.25685
0.39429
0.52095
0.61470
0.65916
0.64657
0.57913
0.46862
0.33434
0.19975
0.08834
0.00000
0.00000
0.00000
0.00000
0.00000
0.00000
0.00000
0.00000
0.00000
0.00000
0.00605
0.05788
0.17719
0.34316
0.52679
0.69601
0.82126
0.88066
0.86385
0.77375
0.62610
0.44670
0.26687
0.11803
0.00000
0.00000
0.00000
0.00000
0.00000
0.00000
0.00000
0.00000
0.00000
0.00000
0.00347
0.03316
0.10152
0.19661
0.30181
0.39876
0.47052
0.50455
0.49492
0.44330
0.35871
0.25592
0.15290
0.06762
0.00000
0.00000
0.00000
0.00000
0.00000
0.00000
0.00000
0.00000
0.00000
0.00000
0.00321
0.03067
0.09389
0.18184
0.27914
0.36881
0.43518
0.46665
0.45774
0.41000
0.33176
0.23670
0.14141
0.06254
0.00000
0.00000
0.00000
0.00000
0.00000
0.00000
0.00000
0.00000
0.00000
0.00000
0.00453
0.04335
0.13272
0.25703
0.39457
0.52132
0.61513
0.65962
0.64703
0.57954
0.46895
0.33458
0.19989
0.08841
0.00000
0.00000
0.00000
0.00000
0.00000
0.00000
0.00000
0.00000
0.00000
0.00000
0.00477
0.04563
0.13969
0.27053
0.41530
0.54870
0.64744
0.69427
0.68101
0.60998
0.49359
0.35215
0.21039
0.09305
0.00000
0.00000
0.00000
0.00000
0.00000
0.00000
0.00000
0.00000
0.00000
0.00000
0.00528
0.05049
0.15456
0.29933
0.45951
0.60712
0.71637
0.76819
0.75352
0.67493
0.54614
0.38965
0.23279
0.10296
0.00000
0.00000
0.00000
0.00000
0.00000
0.00000
0.00000
0.00000
0.00000
0.00000
0.00471
0.04507
0.13798
0.26721
0.41020
0.54196
0.63949
0.68575
0.67265
0.60249
0.48753
0.34783
0.20780
0.09191
0.00000
0.00000
0.00000
0.00000
0.00000
0.00000
0.00000
0.00000
0.00000
0.00000
0.00587
0.05613
0.17186
0.33283
0.51093
0.67505
0.79653
0.85415
0.83784
0.75045
0.60725
0.43325
0.25883
0.11448
0.00000
0.00000
0.00000
0.00000
0.00000
0.00000
0.00000
0.00000
0.00000
0.00000
0.00000
0.04021
0.12819
0.24726
0.37740
0.49678
0.58533
0.62819
0.61815
0.55690
0.45473
0.32880
0.20026
0.00000
0.00000
0.00000
0.00000
0.00000
0.00000
0.00000
0.00000
0.00000
0.00000
0.00000
0.00000
0.04533
0.14452
0.27876
0.42549
0.56008
0.65991
0.70822
0.69691
0.62786
0.51267
0.37070
0.22578
0.00000
0.00000
0.00000
0.00000
0.00000
0.00000
0.00000
0.00000
0.00000
0.00000
0.00000
0.00000
0.02733
0.08715
0.16809
0.25656
0.33771
0.39791
0.42704
0.42022
0.37858
0.30913
0.22352
0.13614
0.00000
0.00000
0.00000
0.00000
0.00000
0.00000
0.00000
0.00000
0.00000
0.00000
0.00000
0.00000
0.04741
0.15114
0.29152
0.44497
0.58571
0.69012
0.74064
0.72881
0.65660
0.53614
0.38767
0.23611
0.00000
0.00000
0.00000
0.00000
0.00000
0.00000
0.00000
0.00000
0.00000
0.00000
0.00000
0.00000
0.02814
0.08971
0.17303
0.26411
0.34764
0.40961
0.43960
0.43258
0.38972
0.31822
0.23010
0.14014
0.00000
0.00000
0.00000
0.00000
0.00000
0.00000
0.00000
0.00000
0.00000
0.00000
0.00000
0.00000
0.03069
0.09785
0.18874
0.28808
0.37921
0.44680
0.47951
0.47185
0.42510
0.34711
0.25099
0.15287
0.00000
0.00000
0.00000
0.00000
0.00000
0.00000
0.00000
0.00000
0.00000
0.00000
0.00000
0.00000
0.03814
0.12161
0.23456
0.35802
0.47127
0.55527
0.59593
0.58640
0.52830
0.43138
0.31192
0.18998
0.00000
0.00000
0.00000
0.00000
0.00000
0.00000
0.00000
0.00000
0.00000
0.00000
0.00000
0.00000
0.03800
0.12114
0.23366
0.35666
0.46947
0.55315
0.59365
0.58417
0.52629
0.42973
0.31073
0.18925
0.00000
0.00000
0.00000
0.00000
0.00000
0.00000
0.00000
0.00000
0.00000
0.00000
0.00000
0.00000
0.02040
0.06503
0.12542
0.19144
0.25199
0.29691
0.31865
0.31356
0.28249
0.23066
0.16679
0.10158
0.00000
0.00000
0.00000
0.00000
0.00000
0.00000
0.00000
0.00000
0.00000
0.00000
0.00000
0.00000
0.03814
0.12159
0.23453
0.35798
0.47121
0.55520
0.59585
0.58633
0.52824
0.43133
0.31188
0.18996
0.00000
0.00000
0.00000
0.00000
0.00000
0.00000
0.00000
0.00000
0.00000
0.00000
0.00000
0.00000
0.02241
0.07145
0.13781
0.21035
0.27688
0.32624
0.35012
0.34453
0.31039
0.25345
0.18326
0.11162
0.00000
0.00000
0.00000
0.00000
0.00000
0.00000
0.00000
0.00000
0.00000
0.00000
0.00000
0.00000
0.02590
0.08257
0.15926
0.24310
0.31999
0.37703
0.40463
0.39817
0.35872
0.29291
0.21179
0.12900
0.00000
0.00000
0.00000
0.00000
0.00000
0.00000
0.00000
0.00000
0.00000
0.00000
0.00000
0.00000
0.02899
0.09241
0.17824
0.27207
0.35812
0.42196
0.45285
0.44562
0.40146
0.32781
0.23703
0.14437
0.00000
0.00000
0.00000
0.00000
0.00000
0.00000
0.00000
0.00000
0.00000
0.00000
0.00000
0.00000
0.02768
0.08824
0.17019
0.25978
0.34194
0.40290
0.43239
0.42548
0.38333
0.31300
0.22632
0.13785
0.00000
0.00000
0.00000
0.00000
0.00000
0.00000
0.00000
0.00000
0.00000
0.00000
0.00000
0.00000
0.03157
0.10066
0.19416
0.29636
0.39010
0.45963
0.49329
0.48540
0.43731
0.35708
0.25819
0.15726
0.00000
0.00000
0.00000
0.00000
0.00000
0.00000
0.00000
0.00000
0.00000
0.00000
0.00000
0.00000
0.03228
0.10290
0.19848
0.30295
0.39878
0.46986
0.50426
0.49620
0.44704
0.36503
0.26394
0.16076
0.00000
0.00000
0.00000
0.00000
0.00000
0.00000
0.00000
0.00000
0.00000
0.00000
0.00000
0.00000
0.03425
0.10918
0.21059
0.32144
0.42312
0.49854
0.53504
0.52649
0.47433
0.38731
0.28005
0.17057
0.00000
0.00000
0.00000
0.00000
0.00000
0.00000
0.00000
0.00000
0.00000
0.00000
0.00000
0.00000
0.02626
0.08372
0.16149
0.24649
0.32445
0.38229
0.41027
0.40372
0.36372
0.29699
0.21475
0.13079
0.00000
0.00000
0.00000
0.00000
0.00000
0.00000
0.00000
0.00000
0.00000
0.00000
0.00000
0.00000
0.02998
0.09557
0.18434
0.28137
0.37037
0.43639
0.46834
0.46086
0.41520
0.33903
0.24514
0.14931
0.00000
0.00000
0.00000
0.00000
0.00000
0.00000
0.00000
0.00000
0.00000
0.00000
0.00000
0.00000
0.05168
0.16474
0.31776
0.48502
0.63843
0.75224
0.80731
0.79441
0.71570
0.58440
0.42256
0.25737
0.00000
0.00000
0.00000
0.00000
0.00000
0.00000
0.00000
0.00000
0.00000
0.00000
0.00000
0.00000
0.02832
0.09028
0.17414
0.26580
0.34988
0.41224
0.44242
0.43535
0.39222
0.32026
0.23157
0.14104
0.00000
0.00000
0.00000
0.00000
0.00000
0.00000
0.00000
0.00000
0.00000
0.00000
0.00000
0.00000
0.04308
0.13734
0.26489
0.40433
0.53222
0.62709
0.67300
0.66224
0.59663
0.48717
0.35226
0.21455
0.00000
0.00000
0.00000
0.00000
0.00000
0.00000
0.00000
0.00000
0.00000
0.00000
0.00000
0.00000
0.05203
0.16588
0.31994
0.48835
0.64282
0.75740
0.81285
0.79986
0.72061
0.58841
0.42546
0.25913
0.00000
0.00000
0.00000
0.00000
0.00000
0.00000
0.00000
0.00000
0.00000
0.00000
0.00000
0.00000
0.03255
0.10378
0.20017
0.30554
0.40218
0.47387
0.50856
0.50044
0.45085
0.36814
0.26619
0.16213
0.00000
0.00000
0.00000
0.00000
0.00000
0.00000
0.00000
0.00000
0.00000
0.00000
0.00000
0.00000
0.04128
0.13162
0.25386
0.38749
0.51006
0.60097
0.64497
0.63467
0.57178
0.46688
0.33759
0.20561
0.00000
0.00000
0.00000
0.00000
0.00000
0.00000
0.00000
0.00000
0.00000
0.00000
0.00000
0.00000
0.02859
0.09114
0.17580
0.26833
0.35321
0.41617
0.44664
0.43950
0.39595
0.32331
0.23378
0.14239
0.00000
0.00000
0.00000
0.00000
0.00000
0.00000
0.00000
0.00000
0.00000
0.00000
0.00000
0.00000
0.05245
0.16720
0.32250
0.49225
0.64795
0.76345
0.81934
0.80625
0.72636
0.59311
0.42886
0.26120
0.00000
0.00000
0.00000
0.00000
0.00000
0.00000
0.00000
0.00000
0.00000
0.00000
0.00000
0.00000
0.03499
0.11154
0.21513
0.32837
0.43224
0.50929
0.54658
0.53784
0.48455
0.39566
0.28609
0.17425
0.00000
0.00000
0.00000
0.00000
0.00000
0.00000
0.00000
0.00000
0.00000
0.00000
0.00000
0.00000
0.05078
0.16189
0.31226
0.47663
0.62739
0.73922
0.79334
0.78066
0.70331
0.57429
0.41525
0.25291
0.00000
0.00000
0.00000
0.00000
0.00000
0.00000
0.00000
0.00000
0.00000
0.00000
0.00000
0.00000
0.04328
0.13798
0.26614
0.40623
0.53472
0.63003
0.67616
0.66535
0.59943
0.48946
0.35391
0.21556
0.00000
0.00000
0.00000
0.00000
0.00000
0.00000
0.00000
0.00000
0.00000
0.00000
0.00000
0.00255
0.05762
0.15193
0.27104
0.39675
0.50983
0.59300
0.63354
0.62525
0.56940
0.47452
0.35513
0.22948
0.00000
0.00000
0.00000
0.00000
0.00000
0.00000
0.00000
0.00000
0.00000
0.00000
0.00000
0.00187
0.04224
0.11137
0.19868
0.29083
0.37373
0.43470
0.46441
0.45834
0.41739
0.34784
0.26032
0.16822
0.00000
0.00000
0.00000
0.00000
0.00000
0.00000
0.00000
0.00000
0.00000
0.00000
0.00000
0.00206
0.04662
0.12293
0.21930
0.32101
0.41251
0.47981
0.51261
0.50590
0.46071
0.38394
0.28734
0.18567
0.00000
0.00000
0.00000
0.00000
0.00000
0.00000
0.00000
0.00000
0.00000
0.00000
0.00000
0.00149
0.03360
0.08859
0.15804
0.23134
0.29728
0.34578
0.36942
0.36458
0.33202
0.27669
0.20708
0.13381
0.00000
0.00000
0.00000
0.00000
0.00000
0.00000
0.00000
0.00000
0.00000
0.00000
0.00000
0.00232
0.05239
0.13813
0.24642
0.36072
0.46353
0.53915
0.57601
0.56847
0.51769
0.43143
0.32288
0.20864
0.00000
0.00000
0.00000
0.00000
0.00000
0.00000
0.00000
0.00000
0.00000
0.00000
0.00000
0.00275
0.06203
0.16354
0.29176
0.42708
0.54881
0.63834
0.68198
0.67305
0.61293
0.51080
0.38228
0.24702
0.00000
0.00000
0.00000
0.00000
0.00000
0.00000
0.00000
0.00000
0.00000
0.00000
0.00000
0.00262
0.05909
0.15579
0.27792
0.40683
0.52279
0.60807
0.64964
0.64114
0.58386
0.48658
0.36415
0.23531
0.00000
0.00000
0.00000
0.00000
0.00000
0.00000
0.00000
0.00000
0.00000
0.00000
0.00000
0.00235
0.05314
0.14009
0.24993
0.36584
0.47012
0.54681
0.58419
0.57655
0.52504
0.43756
0.32747
0.21160
0.00000
0.00000
0.00000
0.00000
0.00000
0.00000
0.00000
0.00000
0.00000
0.00000
0.00000
0.00282
0.06364
0.16778
0.29933
0.43816
0.56305
0.65490
0.69967
0.69051
0.62883
0.52405
0.39219
0.25343
0.00000
0.00000
0.00000
0.00000
0.00000
0.00000
0.00000
0.00000
0.00000
0.00000
0.00000
0.00295
0.06673
0.17594
0.31388
0.45946
0.59042
0.68674
0.73369
0.72409
0.65940
0.54953
0.41126
0.26575
0.00000
0.00000
0.00000
0.00000
0.00000
0.00000
0.00000
0.00000
0.00000
0.00000
0.00000
0.00272
0.06151
0.16217
0.28931
0.42349
0.54420
0.63298
0.67625
0.66740
0.60778
0.50651
0.37907
0.24495
0.00000
0.00000
0.00000
0.00000
0.00000
0.00000
0.00000
0.00000
0.00000
0.00000
0.00000
0.00256
0.05788
0.15261
0.27226
0.39854
0.51214
0.59569
0.63641
0.62808
0.57198
0.47667
0.35674
0.23052
0.00000
0.00000
0.00000
0.00000
0.00000
0.00000
0.00000
0.00000
0.00000
0.00000
0.00000
0.00174
0.03924
0.10345
0.18457
0.27017
0.34718
0.40381
0.43142
0.42577
0.38774
0.32313
0.24183
0.15626
0.00000
0.00000
0.00000
0.00000
0.00000
0.00000
0.00000
0.00000
0.00000
0.00000
0.00000
0.00115
0.02601
0.06857
0.12233
0.17907
0.23011
0.26765
0.28595
0.28221
0.25700
0.21418
0.16029
0.10357
0.00000
0.00000
0.00000
0.00000
0.00000
0.00000
0.00000
0.00000
0.00000
0.00000
0.00000
0.00282
0.06361
0.16770
0.29918
0.43794
0.56277
0.65457
0.69932
0.69017
0.62852
0.52379
0.39200
0.25330
0.00000
0.00000
0.00000
0.00000
0.00000
0.00000
0.00000
0.00000
0.00000
0.00000
0.00000
0.00247
0.05571
0.14689
0.26205
0.38360
0.49293
0.57335
0.61254
0.60453
0.55052
0.45879
0.34336
0.22187
0.00000
0.00000
0.00000
0.00000
0.00000
0.00000
0.00000
0.00000
0.00000
0.00000
0.00000
0.00286
0.06465
0.17045
0.30408
0.44511
0.57199
0.66530
0.71078
0.70147
0.63881
0.53237
0.39842
0.25745
0.00000
0.00000
0.00000
0.00000
0.00000
0.00000
0.00000
0.00000
0.00000
0.00000
0.00000
0.00281
0.06350
0.16741
0.29866
0.43718
0.56179
0.65344
0.69811
0.68897
0.62742
0.52288
0.39132
0.25286
0.00000
0.00000
0.00000
0.00000
0.00000
0.00000
0.00000
0.00000
0.00000
0.00000
0.00000
0.00281
0.06348
0.16736
0.29857
0.43705
0.56163
0.65325
0.69790
0.68877
0.62724
0.52273
0.39121
0.25279
0.00000
0.00000
0.00000
0.00000
0.00000
0.00000
0.00000
0.00000
0.00000
0.00000
0.00000
0.00321
0.07254
0.19126
0.34120
0.49946
0.64182
0.74652
0.79756
0.78712
0.71680
0.59737
0.44706
0.28888
0.00000
0.00000
0.00000
0.00000
0.00000
0.00000
0.00000
0.00000
0.00000
0.00000
0.00000
0.00227
0.05119
0.13496
0.24077
0.35245
0.45290
0.52679
0.56280
0.55543
0.50582
0.42153
0.31547
0.20385
0.00000
0.00000
0.00000
0.00000
0.00000
0.00000
0.00000
0.00000
0.00000
0.00000
0.00000
0.00257
0.05794
0.15277
0.27254
0.39895
0.51266
0.59630
0.63706
0.62872
0.57256
0.47716
0.35710
0.23075
0.00000
0.00000
0.00000
0.00000
0.00000
0.00000
0.00000
0.00000
0.00000
0.00000
0.00000
0.00134
0.03029
0.07987
0.14249
0.20858
0.26803
0.31175
0.33307
0.32871
0.29934
0.24947
0.18670
0.12064
0.00000
0.00000
0.00000
0.00000
0.00000
0.00000
0.00000
0.00000
0.00000
0.00000
0.00000
0.00220
0.04980
0.13129
0.23422
0.34286
0.44058
0.51246
0.54749
0.54032
0.49206
0.41007
0.30689
0.19831
0.00000
0.00000
0.00000
0.00000
0.00000
0.00000
0.00000
0.00000
0.00000
0.00000
0.00000
0.00318
0.07177
0.18922
0.33757
0.49415
0.63499
0.73858
0.78907
0.77875
0.70918
0.59101
0.44231
0.28581
0.00000
0.00000
0.00000
0.00000
0.00000
0.00000
0.00000
0.00000
0.00000
0.00000
0.00000
0.00251
0.05662
0.14928
0.26632
0.38984
0.50096
0.58268
0.62252
0.61437
0.55949
0.46626
0.34895
0.22548
0.00000
0.00000
0.00000
0.00000
0.00000
0.00000
0.00000
0.00000
0.00000
0.00000
0.00000
0.00190
0.04295
0.11323
0.20201
0.29570
0.37998
0.44197
0.47218
0.46600
0.42438
0.35366
0.26468
0.17103
0.00000
0.00000
0.00000
0.00000
0.00000
0.00000
0.00000
0.00000
0.00000
0.00000
0.00000
0.00199
0.04495
0.11852
0.21144
0.30951
0.39773
0.46262
0.49424
0.48778
0.44420
0.37019
0.27704
0.17902
0.00000
0.00000
0.00000
0.00000
0.00000
0.00000
0.00000
0.00000
0.00000
0.00000
0.00000
0.00249
0.05617
0.14809
0.26419
0.38673
0.49696
0.57803
0.61755
0.60946
0.55502
0.46254
0.34616
0.22368
0.00000
0.00000
0.00000
0.00000
0.00000
0.00000
0.00000
0.00000
0.00000
0.00000
0.00000
0.00256
0.05793
0.15273
0.27247
0.39884
0.51252
0.59613
0.63689
0.62855
0.57240
0.47702
0.35700
0.23069
0.00000
0.00000
0.00000
0.00000
0.00000
0.00000
0.00000
0.00000
0.00000
0.00000
0.00000
0.00215
0.04863
0.12821
0.22873
0.33482
0.43025
0.50044
0.53465
0.52765
0.48051
0.40045
0.29969
0.19365
0.00000
0.00000
0.00000
0.00000
0.00000
0.00000
0.00000
0.00000
0.00000
0.00000
0.00000
0.01094
0.06761
0.15714
0.26665
0.38041
0.48205
0.55698
0.59442
0.58898
0.54145
0.45867
0.35252
0.23828
0.00000
0.00000
0.00000
0.00000
0.00000
0.00000
0.00000
0.00000
0.00000
0.00000
0.00000
0.01018
0.06290
0.14620
0.24808
0.35391
0.44848
0.51819
0.55302
0.54796
0.50374
0.42672
0.32797
0.22168
0.00000
0.00000
0.00000
0.00000
0.00000
0.00000
0.00000
0.00000
0.00000
0.00000
0.00000
0.00964
0.05957
0.13845
0.23494
0.33517
0.42473
0.49074
0.52373
0.51894
0.47706
0.40412
0.31060
0.20994
0.00000
0.00000
0.00000
0.00000
0.00000
0.00000
0.00000
0.00000
0.00000
0.00000
0.00000
0.00855
0.05285
0.12284
0.20845
0.29737
0.37683
0.43540
0.46466
0.46041
0.42326
0.35855
0.27557
0.18627
0.00000
0.00000
0.00000
0.00000
0.00000
0.00000
0.00000
0.00000
0.00000
0.00000
0.00000
0.01067
0.06593
0.15323
0.26003
0.37095
0.47007
0.54314
0.57964
0.57434
0.52799
0.44726
0.34376
0.23235
0.00000
0.00000
0.00000
0.00000
0.00000
0.00000
0.00000
0.00000
0.00000
0.00000
0.00000
0.00767
0.04738
0.11011
0.18684
0.26655
0.33777
0.39027
0.41650
0.41269
0.37939
0.32138
0.24701
0.16696
0.00000
0.00000
0.00000
0.00000
0.00000
0.00000
0.00000
0.00000
0.00000
0.00000
0.00000
0.01114
0.06888
0.16007
0.27163
0.38751
0.49105
0.56738
0.60551
0.59997
0.55156
0.46723
0.35910
0.24273
0.00000
0.00000
0.00000
0.00000
0.00000
0.00000
0.00000
0.00000
0.00000
0.00000
0.00000
0.01121
0.06926
0.16098
0.27316
0.38969
0.49382
0.57057
0.60892
0.60335
0.55466
0.46986
0.36112
0.24409
0.00000
0.00000
0.00000
0.00000
0.00000
0.00000
0.00000
0.00000
0.00000
0.00000
0.00000
0.01075
0.06646
0.15447
0.26212
0.37395
0.47386
0.54752
0.58432
0.57897
0.53225
0.45087
0.34653
0.23423
0.00000
0.00000
0.00000
0.00000
0.00000
0.00000
0.00000
0.00000
0.00000
0.00000
0.00000
0.01001
0.06184
0.14373
0.24389
0.34794
0.44091
0.50944
0.54368
0.53870
0.49523
0.41951
0.32243
0.21794
0.00000
0.00000
0.00000
0.00000
0.00000
0.00000
0.00000
0.00000
0.00000
0.00000
0.00000
0.00962
0.05947
0.13822
0.23455
0.33461
0.42402
0.48992
0.52285
0.51807
0.47626
0.40344
0.31008
0.20959
0.00000
0.00000
0.00000
0.00000
0.00000
0.00000
0.00000
0.00000
0.00000
0.00000
0.00000
0.01007
0.06223
0.14463
0.24543
0.35012
0.44368
0.51264
0.54709
0.54209
0.49835
0.42215
0.32446
0.21931
0.00000
0.00000
0.00000
0.00000
0.00000
0.00000
0.00000
0.00000
0.00000
0.00000
0.00000
0.00836
0.05167
0.12008
0.20376
0.29069
0.36836
0.42562
0.45422
0.45007
0.41375
0.35049
0.26938
0.18208
0.00000
0.00000
0.00000
0.00000
0.00000
0.00000
0.00000
0.00000
0.00000
0.00000
0.00000
0.00769
0.04755
0.11051
0.18752
0.26751
0.33899
0.39168
0.41801
0.41418
0.38076
0.32254
0.24790
0.16756
0.00000
0.00000
0.00000
0.00000
0.00000
0.00000
0.00000
0.00000
0.00000
0.00000
0.00000
0.00945
0.05838
0.13569
0.23025
0.32847
0.41624
0.48093
0.51326
0.50856
0.46752
0.39604
0.30439
0.20574
0.00000
0.00000
0.00000
0.00000
0.00000
0.00000
0.00000
0.00000
0.00000
0.00000
0.00000
0.00927
0.05731
0.13320
0.22603
0.32245
0.40861
0.47212
0.50385
0.49924
0.45895
0.38878
0.29881
0.20197
0.00000
0.00000
0.00000
0.00000
0.00000
0.00000
0.00000
0.00000
0.00000
0.00000
0.00000
0.01036
0.06402
0.14880
0.25249
0.36021
0.45646
0.52741
0.56285
0.55771
0.51270
0.43431
0.33380
0.22563
0.00000
0.00000
0.00000
0.00000
0.00000
0.00000
0.00000
0.00000
0.00000
0.00000
0.00000
0.00975
0.06026
0.14004
0.23764
0.33902
0.42960
0.49637
0.52974
0.52489
0.48254
0.40876
0.31416
0.21235
0.00000
0.00000
0.00000
0.00000
0.00000
0.00000
0.00000
0.00000
0.00000
0.00000
0.00000
0.01017
0.06287
0.14612
0.24795
0.35373
0.44824
0.51791
0.55272
0.54767
0.50347
0.42650
0.32780
0.22156
0.00000
0.00000
0.00000
0.00000
0.00000
0.00000
0.00000
0.00000
0.00000
0.00000
0.00000
0.01257
0.07769
0.18056
0.30639
0.43710
0.55390
0.63999
0.68300
0.67676
0.62215
0.52702
0.40506
0.27379
0.00000
0.00000
0.00000
0.00000
0.00000
0.00000
0.00000
0.00000
0.00000
0.00000
0.00000
0.00956
0.05911
0.13737
0.23310
0.33255
0.42140
0.48690
0.51963
0.51488
0.47333
0.40096
0.30817
0.20830
0.00000
0.00000
0.00000
0.00000
0.00000
0.00000
0.00000
0.00000
0.00000
0.00000
0.00000
0.00928
0.05737
0.13334
0.22627
0.32279
0.40904
0.47262
0.50439
0.49977
0.45945
0.38920
0.29913
0.20219
0.00000
0.00000
0.00000
0.00000
0.00000
0.00000
0.00000
0.00000
0.00000
0.00000
0.00000
0.01028
0.06353
0.14765
0.25054
0.35743
0.45293
0.52333
0.55851
0.55340
0.50874
0.43096
0.33123
0.22388
0.00000
0.00000
0.00000
0.00000
0.00000
0.00000
0.00000
0.00000
0.00000
0.00000
0.00000
0.00923
0.05708
0.13265
0.22510
0.32112
0.40693
0.47017
0.50177
0.49719
0.45707
0.38718
0.29758
0.20114
0.00000
0.00000
0.00000
0.00000
0.00000
0.00000
0.00000
0.00000
0.00000
0.00000
0.00000
0.00844
0.05215
0.12121
0.20568
0.29342
0.37182
0.42962
0.45849
0.45430
0.41764
0.35378
0.27191
0.18379
0.00000
0.00000
0.00000
0.00000
0.00000
0.00000
0.00000
0.00000
0.00000
0.00000
0.00000
0.00621
0.03836
0.08915
0.15128
0.21582
0.27348
0.31599
0.33723
0.33414
0.30718
0.26021
0.20000
0.13518
0.00000
0.00000
0.00000
0.00000
0.00000
0.00000
0.00000
0.00000
0.00000
0.00000
0.00000
0.01454
0.08988
0.20890
0.35449
0.50571
0.64084
0.74045
0.79021
0.78298
0.71980
0.60975
0.46864
0.31676
0.00000
0.00000
0.00000
0.00000
0.00000
0.00000
0.00000
0.00000
0.00000
0.00000
0.00000
0.01104
0.06826
0.15865
0.26922
0.38407
0.48669
0.56234
0.60013
0.59465
0.54666
0.46308
0.35591
0.24057
0.00000
0.00000
0.00000
0.00000
0.00000
0.00000
0.00000
0.00000
0.00000
0.00000
0.00000
0.00785
0.04853
0.11280
0.19141
0.27306
0.34602
0.39980
0.42667
0.42277
0.38866
0.32923
0.25304
0.17104
0.00000
0.00000
0.00000
0.00000
0.00000
0.00000
0.00000
0.00000
0.00000
0.00000
0.00000
0.01108
0.06851
0.15923
0.27020
0.38546
0.48846
0.56438
0.60231
0.59680
0.54865
0.46476
0.35721
0.24144
0.00000
0.00000
0.00000
0.00000
0.00000
0.00000
0.00000
0.00000
0.00000
0.00000
0.00000
0.02205
0.06545
0.13902
0.23191
0.33045
0.42012
0.48770
0.52324
0.52151
0.48275
0.41268
0.32163
0.22300
0.13132
0.00000
0.00000
0.00000
0.00000
0.00000
0.00000
0.00000
0.00000
0.00000
0.00000
0.02806
0.08328
0.17689
0.29509
0.42047
0.53456
0.62056
0.66578
0.66357
0.61426
0.52510
0.40924
0.28374
0.16710
0.00000
0.00000
0.00000
0.00000
0.00000
0.00000
0.00000
0.00000
0.00000
0.00000
0.01811
0.05375
0.11417
0.19046
0.27139
0.34503
0.40053
0.42972
0.42830
0.39647
0.33892
0.26414
0.18314
0.10785
0.00000
0.00000
0.00000
0.00000
0.00000
0.00000
0.00000
0.00000
0.00000
0.00000
0.01836
0.05450
0.11576
0.19311
0.27516
0.34983
0.40610
0.43570
0.43425
0.40198
0.34363
0.26781
0.18568
0.10935
0.00000
0.00000
0.00000
0.00000
0.00000
0.00000
0.00000
0.00000
0.00000
0.00000
0.01500
0.04452
0.09456
0.15774
0.22477
0.28575
0.33172
0.35590
0.35471
0.32835
0.28069
0.21876
0.15168
0.08932
0.00000
0.00000
0.00000
0.00000
0.00000
0.00000
0.00000
0.00000
0.00000
0.00000
0.02849
0.08455
0.17959
0.29960
0.42690
0.54274
0.63004
0.67596
0.67372
0.62365
0.53313
0.41550
0.28808
0.16965
0.00000
0.00000
0.00000
0.00000
0.00000
0.00000
0.00000
0.00000
0.00000
0.00000
0.01856
0.05507
0.11697
0.19514
0.27806
0.35351
0.41037
0.44028
0.43882
0.40621
0.34725
0.27063
0.18764
0.11050
0.00000
0.00000
0.00000
0.00000
0.00000
0.00000
0.00000
0.00000
0.00000
0.00000
0.02445
0.07255
0.15411
0.25709
0.36632
0.46572
0.54064
0.58004
0.57811
0.53515
0.45748
0.35654
0.24720
0.14558
0.00000
0.00000
0.00000
0.00000
0.00000
0.00000
0.00000
0.00000
0.00000
0.00000
0.02922
0.08671
0.18418
0.30725
0.43781
0.55660
0.64614
0.69322
0.69092
0.63958
0.54675
0.42611
0.29544
0.17398
0.00000
0.00000
0.00000
0.00000
0.00000
0.00000
0.00000
0.00000
0.00000
0.00000
0.02318
0.06880
0.14613
0.24377
0.34735
0.44160
0.51264
0.55000
0.54817
0.50744
0.43378
0.33807
0.23440
0.13804
0.00000
0.00000
0.00000
0.00000
0.00000
0.00000
0.00000
0.00000
0.00000
0.00000
0.02077
0.06166
0.13096
0.21848
0.31131
0.39578
0.45945
0.49293
0.49130
0.45479
0.38878
0.30300
0.21008
0.12372
0.00000
0.00000
0.00000
0.00000
0.00000
0.00000
0.00000
0.00000
0.00000
0.00000
0.02704
0.08026
0.17048
0.28439
0.40523
0.51519
0.59806
0.64165
0.63952
0.59199
0.50607
0.39441
0.27346
0.16104
0.00000
0.00000
0.00000
0.00000
0.00000
0.00000
0.00000
0.00000
0.00000
0.00000
0.02546
0.07557
0.16051
0.26777
0.38154
0.48507
0.56310
0.60413
0.60213
0.55738
0.47648
0.37135
0.25747
0.15162
0.00000
0.00000
0.00000
0.00000
0.00000
0.00000
0.00000
0.00000
0.00000
0.00000
0.02454
0.07284
0.15471
0.25809
0.36775
0.46754
0.54275
0.58230
0.58037
0.53724
0.45926
0.35793
0.24816
0.14615
0.00000
0.00000
0.00000
0.00000
0.00000
0.00000
0.00000
0.00000
0.00000
0.00000
0.01709
0.05071
0.10771
0.17969
0.25604
0.32551
0.37787
0.40541
0.40407
0.37404
0.31975
0.24920
0.17278
0.10175
0.00000
0.00000
0.00000
0.00000
0.00000
0.00000
0.00000
0.00000
0.00000
0.00000
0.03055
0.09066
0.19256
0.32124
0.45774
0.58194
0.67555
0.72478
0.72238
0.66869
0.57164
0.44551
0.30889
0.18191
0.00000
0.00000
0.00000
0.00000
0.00000
0.00000
0.00000
0.00000
0.00000
0.00000
0.03277
0.09727
0.20660
0.34466
0.49111
0.62437
0.72481
0.77763
0.77505
0.71745
0.61332
0.47799
0.33141
0.19517
0.00000
0.00000
0.00000
0.00000
0.00000
0.00000
0.00000
0.00000
0.00000
0.00000
0.02475
0.07345
0.15601
0.26025
0.37084
0.47146
0.54730
0.58719
0.58524
0.54174
0.46311
0.36093
0.25025
0.14737
0.00000
0.00000
0.00000
0.00000
0.00000
0.00000
0.00000
0.00000
0.00000
0.00000
0.01838
0.05456
0.11589
0.19333
0.27547
0.35022
0.40655
0.43618
0.43473
0.40243
0.34402
0.26811
0.18589
0.10947
0.00000
0.00000
0.00000
0.00000
0.00000
0.00000
0.00000
0.00000
0.00000
0.00000
0.02899
0.08604
0.18275
0.30488
0.43442
0.55230
0.64114
0.68786
0.68558
0.63463
0.54252
0.42281
0.29315
0.17264
0.00000
0.00000
0.00000
0.00000
0.00000
0.00000
0.00000
0.00000
0.00000
0.00000
0.02246
0.06666
0.14160
0.23622
0.33658
0.42791
0.49675
0.53295
0.53118
0.49170
0.42034
0.32759
0.22713
0.13376
0.00000
0.00000
0.00000
0.00000
0.00000
0.00000
0.00000
0.00000
0.00000
0.00000
0.01951
0.05789
0.12296
0.20513
0.29229
0.37160
0.43138
0.46282
0.46128
0.42700
0.36502
0.28448
0.19724
0.11616
0.00000
0.00000
0.00000
0.00000
0.00000
0.00000
0.00000
0.00000
0.00000
0.00000
0.02986
0.08863
0.18825
0.31405
0.44748
0.56891
0.66042
0.70855
0.70620
0.65372
0.55883
0.43553
0.30197
0.17783
0.00000
0.00000
0.00000
0.00000
0.00000
0.00000
0.00000
0.00000
0.00000
0.00000
0.02969
0.08811
0.18715
0.31221
0.44487
0.56559
0.65657
0.70442
0.70208
0.64990
0.55557
0.43299
0.30021
0.17679
0.00000
0.00000
0.00000
0.00000
0.00000
0.00000
0.00000
0.00000
0.00000
0.00000
0.02230
0.06619
0.14059
0.23453
0.33418
0.42486
0.49321
0.52915
0.52740
0.48820
0.41734
0.32526
0.22551
0.13281
0.00000
0.00000
0.00000
0.00000
0.00000
0.00000
0.00000
0.00000
0.00000
0.00000
0.02328
0.06909
0.14676
0.24483
0.34885
0.44351
0.51486
0.55238
0.55054
0.50963
0.43566
0.33953
0.23541
0.13863
0.00000
0.00000
0.00000
0.00000
0.00000
0.00000
0.00000
0.00000
0.00000
0.00000
0.02323
0.06895
0.14645
0.24431
0.34811
0.44257
0.51376
0.55120
0.54937
0.50855
0.43473
0.33881
0.23491
0.13834
0.00000
0.00000
0.00000
0.00000
0.00000
0.00000
0.00000
0.00000
0.00000
0.00000
0.02513
0.07457
0.15840
0.26424
0.37652
0.47869
0.55569
0.59619
0.59421
0.55005
0.47021
0.36646
0.25408
0.14963
0.00000
0.00000
0.00000
0.00000
0.00000
0.00000
0.00000
0.00000
0.00000
0.00000
0.01338
0.03970
0.08433
0.14069
0.20046
0.25486
0.29585
0.31742
0.31636
0.29285
0.25035
0.19511
0.13528
0.07966
0.00000
0.00000
0.00000
0.00000
0.00000
0.00000
0.00000
0.00000
0.00000
0.00000
0.02527
0.07501
0.15932
0.26578
0.37871
0.48147
0.55892
0.59965
0.59766
0.55324
0.47294
0.36859
0.25556
0.15050
0.00000
0.00000
0.00000
0.00000
0.00000
0.00000
0.00000
0.00000
0.00000
0.00000
0.01713
0.05085
0.10800
0.18017
0.25673
0.32639
0.37889
0.40650
0.40516
0.37505
0.32061
0.24987
0.17324
0.10202
0.00000
0.00000
0.00000
0.00000
0.00000
0.00000
0.00000
0.00000
0.00000
0.00000
0.01674
0.07996
0.18707
0.32221
0.46533
0.59522
0.69260
0.74306
0.73910
0.68132
0.57827
0.44524
0.30196
0.00000
0.00000
0.00000
0.00000
0.00000
0.00000
0.00000
0.00000
0.00000
0.00000
0.00000
0.01550
0.07403
0.17321
0.29833
0.43085
0.55110
0.64127
0.68799
0.68433
0.63082
0.53541
0.41225
0.27958
0.00000
0.00000
0.00000
0.00000
0.00000
0.00000
0.00000
0.00000
0.00000
0.00000
0.00000
0.01391
0.06643
0.15542
0.26769
0.38659
0.49450
0.57540
0.61732
0.61403
0.56603
0.48042
0.36990
0.25086
0.00000
0.00000
0.00000
0.00000
0.00000
0.00000
0.00000
0.00000
0.00000
0.00000
0.00000
0.01578
0.07540
0.17642
0.30385
0.43882
0.56130
0.65314
0.70072
0.69699
0.64250
0.54532
0.41988
0.28475
0.00000
0.00000
0.00000
0.00000
0.00000
0.00000
0.00000
0.00000
0.00000
0.00000
0.00000
0.00921
0.04400
0.10294
0.17731
0.25607
0.32754
0.38113
0.40890
0.40672
0.37492
0.31822
0.24501
0.16616
0.00000
0.00000
0.00000
0.00000
0.00000
0.00000
0.00000
0.00000
0.00000
0.00000
0.00000
0.01200
0.05734
0.13417
0.23109
0.33374
0.42689
0.49674
0.53293
0.53009
0.48864
0.41474
0.31933
0.21657
0.00000
0.00000
0.00000
0.00000
0.00000
0.00000
0.00000
0.00000
0.00000
0.00000
0.00000
0.01162
0.05552
0.12990
0.22374
0.32313
0.41332
0.48094
0.51598
0.51323
0.47311
0.40155
0.30918
0.20968
0.00000
0.00000
0.00000
0.00000
0.00000
0.00000
0.00000
0.00000
0.00000
0.00000
0.00000
0.01168
0.05578
0.13051
0.22478
0.32463
0.41523
0.48318
0.51837
0.51561
0.47530
0.40341
0.31061
0.21065
0.00000
0.00000
0.00000
0.00000
0.00000
0.00000
0.00000
0.00000
0.00000
0.00000
0.00000
0.01265
0.06043
0.14139
0.24353
0.35171
0.44987
0.52348
0.56162
0.55863
0.51495
0.43707
0.33652
0.22822
0.00000
0.00000
0.00000
0.00000
0.00000
0.00000
0.00000
0.00000
0.00000
0.00000
0.00000
0.01285
0.06139
0.14364
0.24740
0.35728
0.45701
0.53179
0.57053
0.56749
0.52312
0.44400
0.34186
0.23184
0.00000
0.00000
0.00000
0.00000
0.00000
0.00000
0.00000
0.00000
0.00000
0.00000
0.00000
0.01316
0.06284
0.14703
0.25325
0.36573
0.46782
0.54436
0.58402
0.58091
0.53549
0.45450
0.34994
0.23733
0.00000
0.00000
0.00000
0.00000
0.00000
0.00000
0.00000
0.00000
0.00000
0.00000
0.00000
0.01413
0.06748
0.15789
0.27194
0.39273
0.50235
0.58454
0.62712
0.62378
0.57501
0.48804
0.37577
0.25484
0.00000
0.00000
0.00000
0.00000
0.00000
0.00000
0.00000
0.00000
0.00000
0.00000
0.00000
0.01319
0.06299
0.14738
0.25385
0.36660
0.46893
0.54566
0.58541
0.58229
0.53676
0.45558
0.35078
0.23789
0.00000
0.00000
0.00000
0.00000
0.00000
0.00000
0.00000
0.00000
0.00000
0.00000
0.00000
0.01421
0.06788
0.15881
0.27353
0.39503
0.50529
0.58796
0.63080
0.62744
0.57838
0.49090
0.37797
0.25634
0.00000
0.00000
0.00000
0.00000
0.00000
0.00000
0.00000
0.00000
0.00000
0.00000
0.00000
0.01736
0.08292
0.19400
0.33414
0.48256
0.61726
0.71825
0.77057
0.76647
0.70654
0.59968
0.46173
0.31314
0.00000
0.00000
0.00000
0.00000
0.00000
0.00000
0.00000
0.00000
0.00000
0.00000
0.00000
0.01252
0.05979
0.13990
0.24095
0.34798
0.44511
0.51794
0.55567
0.55271
0.50950
0.43244
0.33296
0.22581
0.00000
0.00000
0.00000
0.00000
0.00000
0.00000
0.00000
0.00000
0.00000
0.00000
0.00000
0.01386
0.06620
0.15490
0.26679
0.38529
0.49284
0.57347
0.61525
0.61197
0.56413
0.47881
0.36866
0.25002
0.00000
0.00000
0.00000
0.00000
0.00000
0.00000
0.00000
0.00000
0.00000
0.00000
0.00000
0.01602
0.07654
0.17909
0.30846
0.44548
0.56982
0.66305
0.71136
0.70757
0.65225
0.55360
0.42625
0.28907
0.00000
0.00000
0.00000
0.00000
0.00000
0.00000
0.00000
0.00000
0.00000
0.00000
0.00000
0.01768
0.08445
0.19759
0.34033
0.49149
0.62868
0.73154
0.78484
0.78065
0.71962
0.61078
0.47028
0.31893
0.00000
0.00000
0.00000
0.00000
0.00000
0.00000
0.00000
0.00000
0.00000
0.00000
0.00000
0.01047
0.05003
0.11704
0.20159
0.29114
0.37240
0.43333
0.46490
0.46243
0.42627
0.36180
0.27857
0.18892
0.00000
0.00000
0.00000
0.00000
0.00000
0.00000
0.00000
0.00000
0.00000
0.00000
0.00000
0.01390
0.06642
0.15540
0.26765
0.38654
0.49443
0.57533
0.61724
0.61395
0.56595
0.48035
0.36985
0.25083
0.00000
0.00000
0.00000
0.00000
0.00000
0.00000
0.00000
0.00000
0.00000
0.00000
0.00000
0.01533
0.07322
0.17131
0.29505
0.42611
0.54504
0.63422
0.68043
0.67680
0.62389
0.52953
0.40771
0.27651
0.00000
0.00000
0.00000
0.00000
0.00000
0.00000
0.00000
0.00000
0.00000
0.00000
0.00000
0.01255
0.05993
0.14023
0.24152
0.34880
0.44616
0.51916
0.55698
0.55401
0.51070
0.43346
0.33374
0.22634
0.00000
0.00000
0.00000
0.00000
0.00000
0.00000
0.00000
0.00000
0.00000
0.00000
0.00000
0.01246
0.05953
0.13927
0.23988
0.34643
0.44312
0.51563
0.55319
0.55024
0.50722
0.43051
0.33147
0.22480
0.00000
0.00000
0.00000
0.00000
0.00000
0.00000
0.00000
0.00000
0.00000
0.00000
0.00000
0.01983
0.09472
0.22162
0.38171
0.55126
0.70513
0.82050
0.88027
0.87559
0.80713
0.68505
0.52746
0.35772
0.00000
0.00000
0.00000
0.00000
0.00000
0.00000
0.00000
0.00000
0.00000
0.00000
0.00000
0.01264
0.06040
0.14132
0.24340
0.35151
0.44962
0.52319
0.56131
0.55832
0.51466
0.43682
0.33634
0.22810
0.00000
0.00000
0.00000
0.00000
0.00000
0.00000
0.00000
0.00000
0.00000
0.00000
0.00000
0.01075
0.05136
0.12017
0.20697
0.29891
0.38234
0.44490
0.47731
0.47477
0.43765
0.37145
0.28600
0.19396
0.00000
0.00000
0.00000
0.00000
0.00000
0.00000
0.00000
0.00000
0.00000
0.00000
0.00000
0.01496
0.07144
0.16715
0.28789
0.41577
0.53182
0.61883
0.66391
0.66038
0.60875
0.51668
0.39782
0.26979
0.00000
0.00000
0.00000
0.00000
0.00000
0.00000
0.00000
0.00000
0.00000
0.00000
0.00000
0.01278
0.06103
0.14278
0.24592
0.35516
0.45429
0.52862
0.56713
0.56411
0.52000
0.44136
0.33982
0.23046
0.00000
0.00000
0.00000
0.00000
0.00000
0.00000
0.00000
0.00000
0.00000
0.00000
0.00000
0.01538
0.07348
0.17192
0.29610
0.42763
0.54699
0.63649
0.68285
0.67922
0.62611
0.53142
0.40917
0.27749
0.00000
0.00000
0.00000
0.00000
0.00000
0.00000
0.00000
0.00000
0.00000
0.00000
0.00000
0.01449
0.06923
0.16198
0.27898
0.40290
0.51536
0.59968
0.64337
0.63994
0.58991
0.50069
0.38551
0.26145
0.00000
0.00000
0.00000
0.00000
0.00000
0.00000
0.00000
0.00000
0.00000
0.00000
0.00000
0.01091
0.06635
0.15788
0.27165
0.39042
0.49622
0.57301
0.60918
0.59925
0.54471
0.45384
0.34038
0.22152
0.00000
0.00000
0.00000
0.00000
0.00000
0.00000
0.00000
0.00000
0.00000
0.00000
0.00000
0.00996
0.06055
0.14409
0.24792
0.35632
0.45288
0.52297
0.55598
0.54691
0.49714
0.41420
0.31065
0.20217
0.00000
0.00000
0.00000
0.00000
0.00000
0.00000
0.00000
0.00000
0.00000
0.00000
0.00000
0.01101
0.06696
0.15933
0.27413
0.39399
0.50076
0.57826
0.61476
0.60473
0.54970
0.45799
0.34349
0.22355
0.00000
0.00000
0.00000
0.00000
0.00000
0.00000
0.00000
0.00000
0.00000
0.00000
0.00000
0.01128
0.06860
0.16324
0.28088
0.40368
0.51307
0.59248
0.62987
0.61960
0.56321
0.46925
0.35194
0.22904
0.00000
0.00000
0.00000
0.00000
0.00000
0.00000
0.00000
0.00000
0.00000
0.00000
0.00000
0.00944
0.05740
0.13659
0.23501
0.33777
0.42930
0.49574
0.52703
0.51843
0.47125
0.39263
0.29447
0.19165
0.00000
0.00000
0.00000
0.00000
0.00000
0.00000
0.00000
0.00000
0.00000
0.00000
0.00000
0.01361
0.08275
0.19691
0.33879
0.48692
0.61887
0.71464
0.75975
0.74736
0.67935
0.56601
0.42451
0.27627
0.00000
0.00000
0.00000
0.00000
0.00000
0.00000
0.00000
0.00000
0.00000
0.00000
0.00000
0.01299
0.07898
0.18793
0.32335
0.46473
0.59067
0.68208
0.72513
0.71331
0.64839
0.54022
0.40517
0.26368
0.00000
0.00000
0.00000
0.00000
0.00000
0.00000
0.00000
0.00000
0.00000
0.00000
0.00000
0.01165
0.07083
0.16854
0.28998
0.41677
0.52971
0.61169
0.65030
0.63969
0.58148
0.48447
0.36335
0.23647
0.00000
0.00000
0.00000
0.00000
0.00000
0.00000
0.00000
0.00000
0.00000
0.00000
0.00000
0.00954
0.05803
0.13808
0.23758
0.34146
0.43398
0.50115
0.53278
0.52409
0.47640
0.39692
0.29769
0.19374
0.00000
0.00000
0.00000
0.00000
0.00000
0.00000
0.00000
0.00000
0.00000
0.00000
0.00000
0.01173
0.07130
0.16967
0.29192
0.41956
0.53325
0.61578
0.65465
0.64398
0.58537
0.48771
0.36579
0.23806
0.00000
0.00000
0.00000
0.00000
0.00000
0.00000
0.00000
0.00000
0.00000
0.00000
0.00000
0.01401
0.08520
0.20273
0.34882
0.50134
0.63719
0.73580
0.78224
0.76949
0.69946
0.58277
0.43708
0.28445
0.00000
0.00000
0.00000
0.00000
0.00000
0.00000
0.00000
0.00000
0.00000
0.00000
0.00000
0.01147
0.06977
0.16603
0.28567
0.41058
0.52183
0.60259
0.64063
0.63018
0.57283
0.47727
0.35795
0.23296
0.00000
0.00000
0.00000
0.00000
0.00000
0.00000
0.00000
0.00000
0.00000
0.00000
0.00000
0.01179
0.07169
0.17059
0.29352
0.42185
0.53616
0.61914
0.65822
0.64749
0.58856
0.49037
0.36778
0.23935
0.00000
0.00000
0.00000
0.00000
0.00000
0.00000
0.00000
0.00000
0.00000
0.00000
0.00000
0.00985
0.05993
0.14260
0.24536
0.35263
0.44819
0.51755
0.55022
0.54125
0.49199
0.40991
0.30743
0.20008
0.00000
0.00000
0.00000
0.00000
0.00000
0.00000
0.00000
0.00000
0.00000
0.00000
0.00000
0.00955
0.05806
0.13815
0.23769
0.34162
0.43419
0.50139
0.53304
0.52435
0.47663
0.39711
0.29783
0.19383
0.00000
0.00000
0.00000
0.00000
0.00000
0.00000
0.00000
0.00000
0.00000
0.00000
0.00000
0.01305
0.07936
0.18884
0.32491
0.46697
0.59351
0.68537
0.72863
0.71675
0.65152
0.54282
0.40712
0.26496
0.00000
0.00000
0.00000
0.00000
0.00000
0.00000
0.00000
0.00000
0.00000
0.00000
0.00000
0.01378
0.08379
0.19939
0.34306
0.49306
0.62667
0.72365
0.76933
0.75679
0.68791
0.57315
0.42986
0.27976
0.00000
0.00000
0.00000
0.00000
0.00000
0.00000
0.00000
0.00000
0.00000
0.00000
0.00000
0.00988
0.06006
0.14293
0.24592
0.35344
0.44922
0.51874
0.55148
0.54249
0.49312
0.41085
0.30814
0.20054
0.00000
0.00000
0.00000
0.00000
0.00000
0.00000
0.00000
0.00000
0.00000
0.00000
0.00000
0.00923
0.05615
0.13361
0.22988
0.33040
0.41993
0.48492
0.51553
0.50712
0.46097
0.38406
0.28805
0.18746
0.00000
0.00000
0.00000
0.00000
0.00000
0.00000
0.00000
0.00000
0.00000
0.00000
0.00000
0.01134
0.06895
0.16407
0.28229
0.40571
0.51565
0.59546
0.63304
0.62272
0.56605
0.47161
0.35371
0.23020
0.00000
0.00000
0.00000
0.00000
0.00000
0.00000
0.00000
0.00000
0.00000
0.00000
0.00000
0.00966
0.05872
0.13972
0.24040
0.34551
0.43913
0.50710
0.53910
0.53031
0.48205
0.40163
0.30122
0.19604
0.00000
0.00000
0.00000
0.00000
0.00000
0.00000
0.00000
0.00000
0.00000
0.00000
0.00000
0.01214
0.07380
0.17562
0.30217
0.43429
0.55197
0.63740
0.67763
0.66658
0.60592
0.50483
0.37863
0.24641
0.00000
0.00000
0.00000
0.00000
0.00000
0.00000
0.00000
0.00000
0.00000
0.00000
0.00000
0.01229
0.07474
0.17785
0.30600
0.43979
0.55897
0.64547
0.68622
0.67503
0.61360
0.51123
0.38342
0.24953
0.00000
0.00000
0.00000
0.00000
0.00000
0.00000
0.00000
0.00000
0.00000
0.00000
0.00000
0.01363
0.08291
0.19729
0.33945
0.48787
0.62008
0.71604
0.76124
0.74883
0.68068
0.56712
0.42534
0.27681
0.00000
0.00000
0.00000
0.00000
0.00000
0.00000
0.00000
0.00000
0.00000
0.00000
0.00000
0.00945
0.05746
0.13673
0.23526
0.33812
0.42975
0.49626
0.52758
0.51898
0.47175
0.39304
0.29478
0.19185
0.00000
0.00000
0.00000
0.00000
0.00000
0.00000
0.00000
0.00000
0.00000
0.00000
0.00000
0.01171
0.07123
0.16951
0.29165
0.41917
0.53275
0.61520
0.65404
0.64337
0.58482
0.48725
0.36544
0.23783
0.00000
0.00000
0.00000
0.00000
0.00000
0.00000
0.00000
0.00000
0.00000
0.00000
0.00000
0.00786
0.04778
0.11371
0.19564
0.28118
0.35738
0.41268
0.43873
0.43158
0.39230
0.32685
0.24514
0.15954
0.00000
0.00000
0.00000
0.00000
0.00000
0.00000
0.00000
0.00000
0.00000
0.00000
0.00000
0.01525
0.09274
0.22068
0.37969
0.54571
0.69358
0.80092
0.85148
0.83759
0.76137
0.63434
0.47576
0.30963
0.00000
0.00000
0.00000
0.00000
0.00000
0.00000
0.00000
0.00000
0.00000
0.00000
0.00000
0.01268
0.07708
0.18342
0.31559
0.45358
0.57649
0.66571
0.70773
0.69618
0.63283
0.52725
0.39544
0.25735
0.00000
0.00000
0.00000
0.00000
0.00000
0.00000
0.00000
0.00000
0.00000
0.00000
0.00000
0.01290
0.07843
0.18662
0.32110
0.46149
0.58655
0.67732
0.72008
0.70833
0.64387
0.53645
0.40234
0.26185
0.00000
0.00000
0.00000
0.00000
0.00000
0.00000
0.00000
0.00000
0.00000
0.00000
0.00000
0.01047
0.07293
0.17661
0.30480
0.43684
0.55145
0.63015
0.66026
0.63693
0.56392
0.45298
0.32202
0.19213
0.00000
0.00000
0.00000
0.00000
0.00000
0.00000
0.00000
0.00000
0.00000
0.00000
0.00000
0.01154
0.08032
0.19450
0.33568
0.48109
0.60731
0.69398
0.72714
0.70145
0.62104
0.49887
0.35464
0.21159
0.00000
0.00000
0.00000
0.00000
0.00000
0.00000
0.00000
0.00000
0.00000
0.00000
0.00000
0.01216
0.08466
0.20501
0.35380
0.50707
0.64010
0.73146
0.76641
0.73933
0.65457
0.52581
0.37379
0.22302
0.00000
0.00000
0.00000
0.00000
0.00000
0.00000
0.00000
0.00000
0.00000
0.00000
0.00000
0.01126
0.07843
0.18992
0.32776
0.46975
0.59299
0.67762
0.71000
0.68491
0.60639
0.48710
0.34627
0.20660
0.00000
0.00000
0.00000
0.00000
0.00000
0.00000
0.00000
0.00000
0.00000
0.00000
0.00000
0.01077
0.07497
0.18155
0.31332
0.44906
0.56687
0.64777
0.67872
0.65473
0.57968
0.46565
0.33102
0.19750
0.00000
0.00000
0.00000
0.00000
0.00000
0.00000
0.00000
0.00000
0.00000
0.00000
0.00000
0.00678
0.04717
0.11423
0.19714
0.28255
0.35667
0.40758
0.42705
0.41196
0.36473
0.29299
0.20828
0.12427
0.00000
0.00000
0.00000
0.00000
0.00000
0.00000
0.00000
0.00000
0.00000
0.00000
0.00000
0.01075
0.07486
0.18127
0.31285
0.44837
0.56600
0.64678
0.67768
0.65373
0.57879
0.46494
0.33052
0.19720
0.00000
0.00000
0.00000
0.00000
0.00000
0.00000
0.00000
0.00000
0.00000
0.00000
0.00000
0.00933
0.06499
0.15738
0.27161
0.38926
0.49139
0.56152
0.58835
0.56756
0.50250
0.40365
0.28695
0.17120
0.00000
0.00000
0.00000
0.00000
0.00000
0.00000
0.00000
0.00000
0.00000
0.00000
0.00000
0.01233
0.08582
0.20783
0.35868
0.51406
0.64892
0.74154
0.77697
0.74951
0.66359
0.53305
0.37894
0.22609
0.00000
0.00000
0.00000
0.00000
0.00000
0.00000
0.00000
0.00000
0.00000
0.00000
0.00000
0.00872
0.06070
0.14699
0.25368
0.36357
0.45896
0.52446
0.54952
0.53010
0.46933
0.37701
0.26801
0.15990
0.00000
0.00000
0.00000
0.00000
0.00000
0.00000
0.00000
0.00000
0.00000
0.00000
0.00000
0.00884
0.06155
0.14905
0.25724
0.36867
0.46539
0.53181
0.55722
0.53753
0.47591
0.38229
0.27176
0.16214
0.00000
0.00000
0.00000
0.00000
0.00000
0.00000
0.00000
0.00000
0.00000
0.00000
0.00000
0.01055
0.07349
0.17796
0.30712
0.44017
0.55565
0.63495
0.66529
0.64178
0.56821
0.45643
0.32447
0.19359
0.00000
0.00000
0.00000
0.00000
0.00000
0.00000
0.00000
0.00000
0.00000
0.00000
0.00000
0.00612
0.04262
0.10320
0.17811
0.25527
0.32224
0.36823
0.38582
0.37219
0.32952
0.26470
0.18817
0.11227
0.00000
0.00000
0.00000
0.00000
0.00000
0.00000
0.00000
0.00000
0.00000
0.00000
0.00000
0.00879
0.06120
0.14819
0.25576
0.36655
0.46272
0.52875
0.55402
0.53444
0.47318
0.38009
0.27020
0.16121
0.00000
0.00000
0.00000
0.00000
0.00000
0.00000
0.00000
0.00000
0.00000
0.00000
0.00000
0.01073
0.07473
0.18096
0.31231
0.44760
0.56502
0.64566
0.67651
0.65261
0.57779
0.46413
0.32994
0.19686
0.00000
0.00000
0.00000
0.00000
0.00000
0.00000
0.00000
0.00000
0.00000
0.00000
0.00000
0.01271
0.08851
0.21432
0.36989
0.53012
0.66920
0.76471
0.80125
0.77293
0.68433
0.54971
0.39078
0.23315
0.00000
0.00000
0.00000
0.00000
0.00000
0.00000
0.00000
0.00000
0.00000
0.00000
0.00000
0.00804
0.05596
0.13551
0.23386
0.33517
0.42310
0.48349
0.50659
0.48869
0.43266
0.34755
0.24707
0.14741
0.00000
0.00000
0.00000
0.00000
0.00000
0.00000
0.00000
0.00000
0.00000
0.00000
0.00000
0.01173
0.08164
0.19769
0.34118
0.48898
0.61727
0.70537
0.73907
0.71295
0.63122
0.50705
0.36045
0.21506
0.00000
0.00000
0.00000
0.00000
0.00000
0.00000
0.00000
0.00000
0.00000
0.00000
0.00000
0.00731
0.05093
0.12333
0.21284
0.30505
0.38508
0.44003
0.46106
0.44477
0.39378
0.31632
0.22486
0.13416
0.00000
0.00000
0.00000
0.00000
0.00000
0.00000
0.00000
0.00000
0.00000
0.00000
0.00000
0.01223
0.08518
0.20628
0.35601
0.51023
0.64409
0.73601
0.77118
0.74392
0.65864
0.52908
0.37611
0.22440
0.00000
0.00000
0.00000
0.00000
0.00000
0.00000
0.00000
0.00000
0.00000
0.00000
0.00000
0.01071
0.07456
0.18056
0.31162
0.44661
0.56378
0.64424
0.67503
0.65117
0.57652
0.46311
0.32922
0.19642
0.00000
0.00000
0.00000
0.00000
0.00000
0.00000
0.00000
0.00000
0.00000
0.00000
0.00000
0.00602
0.04195
0.10158
0.17531
0.25126
0.31717
0.36244
0.37976
0.36634
0.32434
0.26054
0.18521
0.11051
0.00000
0.00000
0.00000
0.00000
0.00000
0.00000
0.00000
0.00000
0.00000
0.00000
0.00000
0.00689
0.04796
0.11614
0.20043
0.28726
0.36262
0.41438
0.43418
0.41883
0.37082
0.29787
0.21175
0.12634
0.00000
0.00000
0.00000
0.00000
0.00000
0.00000
0.00000
0.00000
0.00000
0.00000
0.00000
0.01017
0.07082
0.17150
0.29599
0.42421
0.53550
0.61193
0.64117
0.61851
0.54761
0.43988
0.31271
0.18657
0.00000
0.00000
0.00000
0.00000
0.00000
0.00000
0.00000
0.00000
0.00000
0.00000
0.00000
0.00697
0.04854
0.11754
0.20285
0.29072
0.36699
0.41937
0.43941
0.42388
0.37529
0.30146
0.21430
0.12786
0.00000
0.00000
0.00000
0.00000
0.00000
0.00000
0.00000
0.00000
0.00000
0.00000
0.00000
0.00744
0.05181
0.12545
0.21651
0.31030
0.39171
0.44761
0.46900
0.45243
0.40056
0.32176
0.22874
0.13647
0.00000
0.00000
0.00000
0.00000
0.00000
0.00000
0.00000
0.00000
0.00000
0.00000
0.00000
0.00899
0.06259
0.15157
0.26158
0.37490
0.47325
0.54079
0.56664
0.54661
0.48395
0.38875
0.27636
0.16488
0.00000
0.00000
0.00000
0.00000
0.00000
0.00000
0.00000
0.00000
0.00000
0.00000
0.00000
0.01049
0.07304
0.17686
0.30524
0.43747
0.55224
0.63105
0.66121
0.63784
0.56472
0.45363
0.32248
0.19240
0.00000
0.00000
0.00000
0.00000
0.00000
0.00000
0.00000
0.00000
0.00000
0.00000
0.00000
0.01205
0.08387
0.20310
0.35051
0.50235
0.63414
0.72465
0.75927
0.73244
0.64848
0.52091
0.37031
0.22094
0.00000
0.00000
0.00000
0.00000
0.00000
0.00000
0.00000
0.00000
0.00000
0.00000
0.00000
0.00967
0.06733
0.16304
0.28138
0.40327
0.50907
0.58172
0.60952
0.58798
0.52058
0.41817
0.29727
0.17736
0.00000
0.00000
0.00000
0.00000
0.00000
0.00000
0.00000
0.00000
0.00000
0.00000
0.00000
0.00928
0.06465
0.15655
0.27017
0.38721
0.48880
0.55856
0.58525
0.56456
0.49984
0.40152
0.28543
0.17030
0.00000
0.00000
0.00000
0.00000
0.00000
0.00000
0.00000
0.00000
0.00000
0.00000
0.00000
0.00000
0.02543
0.08446
0.15772
0.23320
0.29853
0.34300
0.35932
0.34481
0.30186
0.23750
0.16229
0.08855
0.00000
0.00000
0.00000
0.00000
0.00000
0.00000
0.00000
0.00000
0.00000
0.00000
0.00000
0.00000
0.05435
0.18049
0.33705
0.49835
0.63797
0.73300
0.76788
0.73688
0.64509
0.50755
0.34682
0.18923
0.00000
0.00000
0.00000
0.00000
0.00000
0.00000
0.00000
0.00000
0.00000
0.00000
0.00000
0.00000
0.02598
0.08628
0.16112
0.23823
0.30497
0.35040
0.36707
0.35225
0.30838
0.24263
0.16579
0.09046
0.00000
0.00000
0.00000
0.00000
0.00000
0.00000
0.00000
0.00000
0.00000
0.00000
0.00000
0.00000
0.04209
0.13978
0.26102
0.38594
0.49406
0.56766
0.59467
0.57066
0.49958
0.39307
0.26859
0.14654
0.00000
0.00000
0.00000
0.00000
0.00000
0.00000
0.00000
0.00000
0.00000
0.00000
0.00000
0.00000
0.04856
0.16126
0.30113
0.44524
0.56998
0.65488
0.68604
0.65835
0.57634
0.45346
0.30986
0.16906
0.00000
0.00000
0.00000
0.00000
0.00000
0.00000
0.00000
0.00000
0.00000
0.00000
0.00000
0.00000
0.04578
0.15204
0.28391
0.41978
0.53738
0.61743
0.64681
0.62070
0.54338
0.42753
0.29213
0.15939
0.00000
0.00000
0.00000
0.00000
0.00000
0.00000
0.00000
0.00000
0.00000
0.00000
0.00000
0.00000
0.04557
0.15135
0.28263
0.41789
0.53496
0.61465
0.64389
0.61790
0.54093
0.42560
0.29082
0.15867
0.00000
0.00000
0.00000
0.00000
0.00000
0.00000
0.00000
0.00000
0.00000
0.00000
0.00000
0.00000
0.04823
0.16018
0.29913
0.44228
0.56618
0.65053
0.68148
0.65397
0.57251
0.45045
0.30779
0.16794
0.00000
0.00000
0.00000
0.00000
0.00000
0.00000
0.00000
0.00000
0.00000
0.00000
0.00000
0.00000
0.03176
0.10546
0.19693
0.29118
0.37276
0.42829
0.44866
0.43055
0.37692
0.29656
0.20264
0.11056
0.00000
0.00000
0.00000
0.00000
0.00000
0.00000
0.00000
0.00000
0.00000
0.00000
0.00000
0.00000
0.05188
0.17229
0.32173
0.47571
0.60897
0.69969
0.73298
0.70339
0.61577
0.48449
0.33106
0.18063
0.00000
0.00000
0.00000
0.00000
0.00000
0.00000
0.00000
0.00000
0.00000
0.00000
0.00000
0.00000
0.04715
0.15659
0.29241
0.43235
0.55348
0.63592
0.66618
0.63929
0.55966
0.44033
0.30088
0.16417
0.00000
0.00000
0.00000
0.00000
0.00000
0.00000
0.00000
0.00000
0.00000
0.00000
0.00000
0.00000
0.04302
0.14285
0.26676
0.39442
0.50492
0.58013
0.60774
0.58320
0.51056
0.40170
0.27449
0.14976
0.00000
0.00000
0.00000
0.00000
0.00000
0.00000
0.00000
0.00000
0.00000
0.00000
0.00000
0.00000
0.03033
0.10072
0.18808
0.27809
0.35599
0.40902
0.42849
0.41119
0.35997
0.28322
0.19353
0.10559
0.00000
0.00000
0.00000
0.00000
0.00000
0.00000
0.00000
0.00000
0.00000
0.00000
0.00000
0.00000
0.04560
0.15144
0.28279
0.41813
0.53527
0.61501
0.64427
0.61826
0.54125
0.42585
0.29099
0.15877
0.00000
0.00000
0.00000
0.00000
0.00000
0.00000
0.00000
0.00000
0.00000
0.00000
0.00000
0.00000
0.04273
0.14191
0.26500
0.39182
0.50159
0.57631
0.60373
0.57936
0.50719
0.39906
0.27268
0.14878
0.00000
0.00000
0.00000
0.00000
0.00000
0.00000
0.00000
0.00000
0.00000
0.00000
0.00000
0.00000
0.04454
0.14791
0.27621
0.40840
0.52282
0.60070
0.62928
0.60388
0.52865
0.41594
0.28422
0.15507
0.00000
0.00000
0.00000
0.00000
0.00000
0.00000
0.00000
0.00000
0.00000
0.00000
0.00000
0.00000
0.03627
0.12046
0.22495
0.33261
0.42579
0.48922
0.51250
0.49181
0.43055
0.33875
0.23147
0.12629
0.00000
0.00000
0.00000
0.00000
0.00000
0.00000
0.00000
0.00000
0.00000
0.00000
0.00000
0.00000
0.04508
0.14972
0.27958
0.41338
0.52918
0.60801
0.63694
0.61123
0.53509
0.42101
0.28768
0.15696
0.00000
0.00000
0.00000
0.00000
0.00000
0.00000
0.00000
0.00000
0.00000
0.00000
0.00000
0.00000
0.05822
0.19334
0.36103
0.53381
0.68336
0.78515
0.82251
0.78931
0.69099
0.54367
0.37149
0.20269
0.00000
0.00000
0.00000
0.00000
0.00000
0.00000
0.00000
0.00000
0.00000
0.00000
0.00000
0.00000
0.03098
0.10289
0.19213
0.28407
0.36366
0.41783
0.43771
0.42004
0.36772
0.28932
0.19769
0.10786
0.00000
0.00000
0.00000
0.00000
0.00000
0.00000
0.00000
0.00000
0.00000
0.00000
0.00000
0.00000
0.04422
0.14684
0.27421
0.40545
0.51903
0.59635
0.62472
0.59950
0.52483
0.41293
0.28216
0.15395
0.00000
0.00000
0.00000
0.00000
0.00000
0.00000
0.00000
0.00000
0.00000
0.00000
0.00000
0.00000
0.01731
0.05748
0.10733
0.15870
0.20316
0.23342
0.24452
0.23465
0.20542
0.16163
0.11044
0.06026
0.00000
0.00000
0.00000
0.00000
0.00000
0.00000
0.00000
0.00000
0.00000
0.00000
0.00000
0.00000
0.05843
0.19404
0.36235
0.53576
0.68586
0.78802
0.82552
0.79220
0.69351
0.54565
0.37285
0.20343
0.00000
0.00000
0.00000
0.00000
0.00000
0.00000
0.00000
0.00000
0.00000
0.00000
0.00000
0.00000
0.03569
0.11851
0.22131
0.32723
0.41890
0.48130
0.50420
0.48385
0.42358
0.33327
0.22772
0.12425
0.00000
0.00000
0.00000
0.00000
0.00000
0.00000
0.00000
0.00000
0.00000
0.00000
0.00000
0.00000
0.04921
0.16341
0.30516
0.45120
0.57760
0.66364
0.69522
0.66715
0.58405
0.45953
0.31400
0.17132
0.00000
0.00000
0.00000
0.00000
0.00000
0.00000
0.00000
0.00000
0.00000
0.00000
0.00000
0.00000
0.02146
0.07127
0.13308
0.19677
0.25190
0.28942
0.30319
0.29095
0.25471
0.20040
0.13694
0.07471
0.00000
0.00000
0.00000
0.00000
0.00000
0.00000
0.00000
0.00000
0.00000
0.00000
0.00000
0.00000
0.03856
0.12807
0.23915
0.35360
0.45267
0.52010
0.54484
0.52285
0.45772
0.36013
0.24608
0.13427
0.00000
0.00000
0.00000
0.00000
0.00000
0.00000
0.00000
0.00000
0.00000
0.00000
0.00000
0.00000
0.03012
0.10003
0.18680
0.27620
0.35357
0.40624
0.42557
0.40839
0.35752
0.28129
0.19221
0.10487
0.00000
0.00000
0.00000
0.00000
0.00000
0.00000
0.00000
0.00000
0.00000
0.00000
0.00000
0.00000
0.02165
0.07189
0.13425
0.19850
0.25412
0.29197
0.30586
0.29351
0.25695
0.20217
0.13814
0.07537
0.00000
0.00000
0.00000
0.00000
0.00000
0.00000
0.00000
0.00000
0.00000
0.00000
0.00000
0.00000
0.04885
0.16224
0.30296
0.44795
0.57344
0.65886
0.69021
0.66235
0.57985
0.45622
0.31174
0.17009
0.00000
0.00000
0.00000
0.00000
0.00000
0.00000
0.00000
0.00000
0.00000
0.00000
0.00000
0.00000
0.01559
0.05738
0.11122
0.16804
0.21829
0.25351
0.26778
0.25869
0.22777
0.18022
0.12405
0.06872
0.00000
0.00000
0.00000
0.00000
0.00000
0.00000
0.00000
0.00000
0.00000
0.00000
0.00000
0.00000
0.01673
0.06159
0.11937
0.18036
0.23430
0.27210
0.28741
0.27765
0.24446
0.19344
0.13315
0.07375
0.00000
0.00000
0.00000
0.00000
0.00000
0.00000
0.00000
0.00000
0.00000
0.00000
0.00000
0.00000
0.04924
0.18121
0.35123
0.53069
0.68938
0.80061
0.84566
0.81694
0.71929
0.56915
0.39177
0.21701
0.00000
0.00000
0.00000
0.00000
0.00000
0.00000
0.00000
0.00000
0.00000
0.00000
0.00000
0.00000
0.04986
0.18349
0.35564
0.53735
0.69804
0.81066
0.85627
0.82719
0.72832
0.57629
0.39669
0.21973
0.00000
0.00000
0.00000
0.00000
0.00000
0.00000
0.00000
0.00000
0.00000
0.00000
0.00000
0.00000
0.02945
0.10839
0.21008
0.31742
0.41234
0.47887
0.50581
0.48864
0.43023
0.34043
0.23433
0.12980
0.00000
0.00000
0.00000
0.00000
0.00000
0.00000
0.00000
0.00000
0.00000
0.00000
0.00000
0.00000
0.02219
0.08167
0.15829
0.23916
0.31067
0.36080
0.38110
0.36816
0.32415
0.25649
0.17655
0.09780
0.00000
0.00000
0.00000
0.00000
0.00000
0.00000
0.00000
0.00000
0.00000
0.00000
0.00000
0.00000
0.04001
0.14725
0.28541
0.43124
0.56019
0.65058
0.68718
0.66385
0.58450
0.46249
0.31835
0.17634
0.00000
0.00000
0.00000
0.00000
0.00000
0.00000
0.00000
0.00000
0.00000
0.00000
0.00000
0.00000
0.04018
0.14787
0.28660
0.43303
0.56252
0.65328
0.69004
0.66661
0.58693
0.46442
0.31968
0.17707
0.00000
0.00000
0.00000
0.00000
0.00000
0.00000
0.00000
0.00000
0.00000
0.00000
0.00000
0.00000
0.03784
0.13927
0.26994
0.40786
0.52983
0.61531
0.64993
0.62786
0.55282
0.43742
0.30110
0.16678
0.00000
0.00000
0.00000
0.00000
0.00000
0.00000
0.00000
0.00000
0.00000
0.00000
0.00000
0.00000
0.04509
0.16594
0.32163
0.48595
0.63127
0.73312
0.77437
0.74807
0.65866
0.52117
0.35875
0.19871
0.00000
0.00000
0.00000
0.00000
0.00000
0.00000
0.00000
0.00000
0.00000
0.00000
0.00000
0.00000
0.03894
0.14332
0.27779
0.41971
0.54522
0.63319
0.66882
0.64611
0.56888
0.45013
0.30985
0.17163
0.00000
0.00000
0.00000
0.00000
0.00000
0.00000
0.00000
0.00000
0.00000
0.00000
0.00000
0.00000
0.02385
0.08777
0.17012
0.25704
0.33391
0.38778
0.40960
0.39569
0.34840
0.27567
0.18976
0.10511
0.00000
0.00000
0.00000
0.00000
0.00000
0.00000
0.00000
0.00000
0.00000
0.00000
0.00000
0.00000
0.04288
0.15781
0.30588
0.46216
0.60037
0.69723
0.73646
0.71145
0.62642
0.49566
0.34118
0.18899
0.00000
0.00000
0.00000
0.00000
0.00000
0.00000
0.00000
0.00000
0.00000
0.00000
0.00000
0.00000
0.01410
0.05188
0.10056
0.15194
0.19737
0.22921
0.24211
0.23389
0.20593
0.16295
0.11216
0.06213
0.00000
0.00000
0.00000
0.00000
0.00000
0.00000
0.00000
0.00000
0.00000
0.00000
0.00000
0.00000
0.02246
0.08265
0.16019
0.24204
0.31442
0.36514
0.38569
0.37259
0.32806
0.25958
0.17868
0.09897
0.00000
0.00000
0.00000
0.00000
0.00000
0.00000
0.00000
0.00000
0.00000
0.00000
0.00000
0.00000
0.03033
0.11164
0.21638
0.32694
0.42470
0.49322
0.52097
0.50328
0.44313
0.35063
0.24135
0.13369
0.00000
0.00000
0.00000
0.00000
0.00000
0.00000
0.00000
0.00000
0.00000
0.00000
0.00000
0.00000
0.01510
0.05559
0.10775
0.16280
0.21148
0.24560
0.25942
0.25061
0.22065
0.17460
0.12018
0.06657
0.00000
0.00000
0.00000
0.00000
0.00000
0.00000
0.00000
0.00000
0.00000
0.00000
0.00000
0.00000
0.02774
0.10209
0.19788
0.29899
0.38839
0.45106
0.47644
0.46026
0.40525
0.32066
0.22072
0.12226
0.00000
0.00000
0.00000
0.00000
0.00000
0.00000
0.00000
0.00000
0.00000
0.00000
0.00000
0.00000
0.03772
0.13883
0.26909
0.40658
0.52816
0.61338
0.64789
0.62589
0.55108
0.43605
0.30015
0.16626
0.00000
0.00000
0.00000
0.00000
0.00000
0.00000
0.00000
0.00000
0.00000
0.00000
0.00000
0.00000
0.04111
0.15130
0.29326
0.44310
0.57560
0.66846
0.70607
0.68210
0.60057
0.47521
0.32711
0.18119
0.00000
0.00000
0.00000
0.00000
0.00000
0.00000
0.00000
0.00000
0.00000
0.00000
0.00000
0.00000
0.03343
0.12303
0.23846
0.36030
0.46805
0.54356
0.57414
0.55465
0.48835
0.38641
0.26599
0.14733
0.00000
0.00000
0.00000
0.00000
0.00000
0.00000
0.00000
0.00000
0.00000
0.00000
0.00000
0.00000
0.03127
0.11508
0.22306
0.33702
0.43780
0.50844
0.53705
0.51881
0.45680
0.36145
0.24880
0.13781
0.00000
0.00000
0.00000
0.00000
0.00000
0.00000
0.00000
0.00000
0.00000
0.00000
0.00000
0.00000
0.04322
0.15908
0.30833
0.46586
0.60517
0.70281
0.74236
0.71715
0.63143
0.49963
0.34391
0.19050
0.00000
0.00000
0.00000
0.00000
0.00000
0.00000
0.00000
0.00000
0.00000
0.00000
0.00000
0.00000
0.03747
0.13790
0.26728
0.40384
0.52460
0.60924
0.64351
0.62166
0.54736
0.43310
0.29812
0.16513
0.00000
0.00000
0.00000
0.00000
0.00000
0.00000
0.00000
0.00000
0.00000
0.00000
0.00000
0.00000
0.04019
0.14793
0.28671
0.43320
0.56275
0.65354
0.69031
0.66687
0.58716
0.46460
0.31980
0.17714
0.00000
0.00000
0.00000
0.00000
0.00000
0.00000
0.00000
0.00000
0.00000
0.00000
0.00000
0.00000
0.02887
0.10624
0.20592
0.31112
0.40416
0.46937
0.49578
0.47894
0.42170
0.33367
0.22968
0.12722
0.00000
0.00000
0.00000
0.00000
0.00000
0.00000
0.00000
0.00000
0.00000
0.00000
0.00000
0.00000
0.04666
0.17172
0.33284
0.50290
0.65328
0.75868
0.80137
0.77415
0.68162
0.53934
0.37125
0.20564
0.00000
0.00000
0.00000
0.00000
0.00000
0.00000
0.00000
0.00000
0.00000
0.00000
0.00000
0.00000
0.02825
0.10395
0.20149
0.30443
0.39547
0.45928
0.48512
0.46864
0.41263
0.32650
0.22474
0.12449
0.00000
0.00000
0.00000
0.00000
0.00000
0.00000
0.00000
0.00000
0.00000
0.00000
0.00000
0.00000
0.03229
0.11882
0.23030
0.34797
0.45202
0.52495
0.55449
0.53566
0.47164
0.37319
0.25688
0.14229
0.00000
0.00000
0.00000
0.00000
0.00000
0.00000
0.00000
0.00000
0.00000
0.00000
0.00000
0.00000
0.03554
0.13078
0.25349
0.38300
0.49753
0.57780
0.61031
0.58959
0.51911
0.41076
0.28274
0.15661
0.00000
0.00000
0.00000
0.00000
0.00000
0.00000
0.00000
0.00000
0.00000
0.00000
0.00000
0.00000
0.04634
0.17053
0.33053
0.49940
0.64874
0.75341
0.79580
0.76877
0.67689
0.53559
0.36867
0.20421
0.00000
0.00000
0.00000
0.00000
0.00000
