0.00000
0.00000
0.00000
0.00000
0.00000
0.00000
0.00000
0.04230
0.14656
0.29345
0.45713
0.60880
0.72178
0.77619
0.76246
0.68301
0.55180
0.39194
0.23153
0.00000
0.00000
0.00000
0.00000
0.00000
0.00000
0.00000
0.00000
0.00000
0.00000
0.00000
0.00000
0.04336
0.15022
0.30078
0.46855
0.62400
0.73980
0.79557
0.78150
0.70006
0.56558
0.40173
0.23732
0.00000
0.00000
0.00000
0.00000
0.00000
0.00000
0.00000
0.00000
0.00000
0.00000
0.00000
0.00000
0.03900
0.13513
0.27056
0.42147
0.56131
0.66548
0.71564
0.70298
0.62973
0.50876
0.36136
0.21347
0.00000
0.00000
0.00000
0.00000
0.00000
0.00000
0.00000
0.00000
0.00000
0.00000
0.00000
0.00000
0.03709
0.12851
0.25731
0.40082
0.53381
0.63288
0.68058
0.66854
0.59888
0.48384
0.34366
0.20301
0.00000
0.00000
0.00000
0.00000
0.00000
0.00000
0.00000
0.00000
0.00000
0.00000
0.00000
0.00000
0.03943
0.13662
0.27354
0.42612
0.56750
0.67281
0.72353
0.71073
0.63667
0.51437
0.36535
0.21583
0.00000
0.00000
0.00000
0.00000
0.00000
0.00000
0.00000
0.00000
0.00000
0.00000
0.00000
0.00000
0.03938
0.13643
0.27316
0.42552
0.56670
0.67186
0.72251
0.70973
0.63577
0.51364
0.36483
0.21552
0.00000
0.00000
0.00000
0.00000
0.00000
0.00000
0.00000
0.00000
0.00000
0.00000
0.00000
0.00000
0.02832
0.09812
0.19646
0.30604
0.40758
0.48322
0.51964
0.51045
0.45726
0.36942
0.26240
0.15501
0.00000
0.00000
0.00000
0.00000
0.00000
0.00000
0.00000
0.00000
0.00000
0.00000
0.00000
0.00000
0.03636
0.12598
0.25225
0.39295
0.52332
0.62044
0.66721
0.65541
0.58711
0.47433
0.33691
0.19903
0.00000
0.00000
0.00000
0.00000
0.00000
0.00000
0.00000
0.00000
0.00000
0.00000
0.00000
0.00000
0.04090
0.14171
0.28373
0.44199
0.58863
0.69787
0.75047
0.73720
0.66038
0.53352
0.37895
0.22386
0.00000
0.00000
0.00000
0.00000
0.00000
0.00000
0.00000
0.00000
0.00000
0.00000
0.00000
0.00000
0.03938
0.13646
0.27322
0.42561
0.56683
0.67202
0.72267
0.70989
0.63591
0.51376
0.36492
0.21557
0.00000
0.00000
0.00000
0.00000
0.00000
0.00000
0.00000
0.00000
0.00000
0.00000
0.00000
0.00000
0.03704
0.12833
0.25694
0.40025
0.53305
0.63197
0.67961
0.66759
0.59802
0.48315
0.34317
0.20273
0.00000
0.00000
0.00000
0.00000
0.00000
0.00000
0.00000
0.00000
0.00000
0.00000
0.00000
0.00000
0.04064
0.14079
0.28190
0.43914
0.58484
0.69337
0.74564
0.73245
0.65612
0.53008
0.37651
0.22242
0.00000
0.00000
0.00000
0.00000
0.00000
0.00000
0.00000
0.00000
0.00000
0.00000
0.00000
0.00000
0.04616
0.15992
0.32020
0.49880
0.66429
0.78757
0.84693
0.83195
0.74526
0.60210
0.42766
0.25264
0.00000
0.00000
0.00000
0.00000
0.00000
0.00000
0.00000
0.00000
0.00000
0.00000
0.00000
0.00000
0.03899
0.13509
0.27048
0.42135
0.56114
0.66528
0.71543
0.70277
0.62954
0.50861
0.36126
0.21341
0.00000
0.00000
0.00000
0.00000
0.00000
0.00000
0.00000
0.00000
0.00000
0.00000
0.00000
0.00000
0.03801
0.13170
0.26371
0.41079
0.54709
0.64861
0.69751
0.68517
0.61377
0.49587
0.35221
0.20806
0.00000
0.00000
0.00000
0.00000
0.00000
0.00000
0.00000
0.00000
0.00000
0.00000
0.00000
0.00000
0.03670
0.12715
0.25458
0.39658
0.52815
0.62617
0.67337
0.66146
0.59253
0.47871
0.34002
0.20086
0.00000
0.00000
0.00000
0.00000
0.00000
0.00000
0.00000
0.00000
0.00000
0.00000
0.00000
0.00000
0.04105
0.14224
0.28480
0.44365
0.59084
0.70049
0.75329
0.73997
0.66286
0.53553
0.38038
0.22470
0.00000
0.00000
0.00000
0.00000
0.00000
0.00000
0.00000
0.00000
0.00000
0.00000
0.00000
0.00000
0.03572
0.12376
0.24780
0.38601
0.51409
0.60949
0.65543
0.64384
0.57674
0.46596
0.33096
0.19551
0.00000
0.00000
0.00000
0.00000
0.00000
0.00000
0.00000
0.00000
0.00000
0.00000
0.00000
0.00000
0.04487
0.15545
0.31125
0.48486
0.64573
0.76556
0.82327
0.80871
0.72443
0.58528
0.41571
0.24558
0.00000
0.00000
0.00000
0.00000
0.00000
0.00000
0.00000
0.00000
0.00000
0.00000
0.00000
0.00000
0.04008
0.13887
0.27806
0.43315
0.57687
0.68392
0.73548
0.72247
0.64718
0.52286
0.37138
0.21939
0.00000
0.00000
0.00000
0.00000
0.00000
0.00000
0.00000
0.00000
0.00000
0.00000
0.00000
0.00000
0.03510
0.12161
0.24349
0.37931
0.50516
0.59890
0.64405
0.63266
0.56673
0.45786
0.32521
0.19212
0.00000
0.00000
0.00000
0.00000
0.00000
0.00000
0.00000
0.00000
0.00000
0.00000
0.00000
0.00000
0.04319
0.14963
0.29959
0.46670
0.62154
0.73689
0.79243
0.77842
0.69730
0.56335
0.40014
0.23638
0.00000
0.00000
0.00000
0.00000
0.00000
0.00000
0.00000
0.00000
0.00000
0.00000
0.00000
0.00000
0.04066
0.14087
0.28205
0.43937
0.58514
0.69373
0.74603
0.73283
0.65646
0.53036
0.37671
0.22254
0.00000
0.00000
0.00000
0.00000
0.00000
0.00000
0.00000
0.00000
0.00000
0.00000
0.00000
0.00000
0.03611
0.12511
0.25050
0.39023
0.51970
0.61614
0.66259
0.65087
0.58304
0.47104
0.33458
0.19765
0.00000
0.00000
0.00000
0.00000
0.00000
0.00000
0.00000
0.00000
0.00000
0.00000
0.00000
0.00000
0.04036
0.13984
0.28000
0.43618
0.58090
0.68869
0.74061
0.72751
0.65170
0.52651
0.37397
0.22092
0.00000
0.00000
0.00000
0.00000
0.00000
0.00000
0.00000
0.00000
0.00000
0.00000
0.00000
0.00000
0.03773
0.13074
0.26177
0.40778
0.54307
0.64386
0.69239
0.68014
0.60927
0.49223
0.34962
0.20654
0.00000
0.00000
0.00000
0.00000
0.00000
0.00000
0.00000
0.00000
0.00000
0.00000
0.00000
0.00000
0.03429
0.11880
0.23787
0.37054
0.49348
0.58506
0.62917
0.61804
0.55363
0.44728
0.31770
0.18768
0.00000
0.00000
0.00000
0.00000
0.00000
0.00000
0.00000
0.00000
0.00000
0.00000
0.00000
0.00000
0.03965
0.13737
0.27505
0.42847
0.57063
0.67652
0.72752
0.71465
0.64018
0.51720
0.36736
0.21702
0.00000
0.00000
0.00000
0.00000
0.00000
0.00000
0.00000
0.00000
0.00000
0.00000
0.00000
0.00000
0.04473
0.15499
0.31032
0.48340
0.64379
0.76326
0.82080
0.80628
0.72226
0.58352
0.41446
0.24484
0.00000
0.00000
0.00000
0.00000
0.00000
0.00000
0.00000
0.00000
0.00000
0.00000
0.00000
0.00000
0.03798
0.13161
0.26351
0.41049
0.54668
0.64813
0.69699
0.68466
0.61331
0.49550
0.35194
0.20791
0.00000
0.00000
0.00000
0.00000
0.00000
0.00000
0.00000
0.00000
0.00000
0.00000
0.00000
0.00000
0.03310
0.11470
0.22966
0.35775
0.47645
0.56487
0.60745
0.59671
0.53452
0.43184
0.30673
0.18120
0.00000
0.00000
0.00000
0.00000
0.00000
0.00000
0.00000
0.00000
0.00000
0.00000
0.00000
0.00000
0.00727
0.14705
0.31115
0.47729
0.62292
0.72825
0.77899
0.76823
0.69745
0.57625
0.42110
0.25306
0.09495
0.00000
0.00000
0.00000
0.00000
0.00000
0.00000
0.00000
0.00000
0.00000
0.00000
0.00000
0.00708
0.14308
0.30275
0.46441
0.60610
0.70859
0.75796
0.74749
0.67862
0.56070
0.40973
0.24623
0.09239
0.00000
0.00000
0.00000
0.00000
0.00000
0.00000
0.00000
0.00000
0.00000
0.00000
0.00000
0.00497
0.10046
0.21257
0.32608
0.42557
0.49754
0.53220
0.52485
0.47649
0.39369
0.28769
0.17289
0.06487
0.00000
0.00000
0.00000
0.00000
0.00000
0.00000
0.00000
0.00000
0.00000
0.00000
0.00000
0.00715
0.14452
0.30581
0.46911
0.61223
0.71576
0.76562
0.75506
0.68549
0.56637
0.41388
0.24872
0.09332
0.00000
0.00000
0.00000
0.00000
0.00000
0.00000
0.00000
0.00000
0.00000
0.00000
0.00000
0.00750
0.15153
0.32064
0.49186
0.64193
0.75048
0.80276
0.79168
0.71874
0.59384
0.43395
0.26078
0.09785
0.00000
0.00000
0.00000
0.00000
0.00000
0.00000
0.00000
0.00000
0.00000
0.00000
0.00000
0.00637
0.12881
0.27257
0.41811
0.54568
0.63795
0.68240
0.67298
0.61097
0.50480
0.36889
0.22168
0.08318
0.00000
0.00000
0.00000
0.00000
0.00000
0.00000
0.00000
0.00000
0.00000
0.00000
0.00000
0.00706
0.14270
0.30196
0.46320
0.60452
0.70675
0.75598
0.74555
0.67686
0.55924
0.40867
0.24559
0.09215
0.00000
0.00000
0.00000
0.00000
0.00000
0.00000
0.00000
0.00000
0.00000
0.00000
0.00000
0.00601
0.12154
0.25719
0.39452
0.51489
0.60196
0.64389
0.63501
0.57650
0.47632
0.34807
0.20917
0.07848
0.00000
0.00000
0.00000
0.00000
0.00000
0.00000
0.00000
0.00000
0.00000
0.00000
0.00000
0.00707
0.14300
0.30259
0.46417
0.60580
0.70824
0.75758
0.74712
0.67828
0.56042
0.40953
0.24610
0.09234
0.00000
0.00000
0.00000
0.00000
0.00000
0.00000
0.00000
0.00000
0.00000
0.00000
0.00000
0.00789
0.15956
0.33763
0.51792
0.67595
0.79025
0.84530
0.83363
0.75682
0.62531
0.45695
0.27460
0.10303
0.00000
0.00000
0.00000
0.00000
0.00000
0.00000
0.00000
0.00000
0.00000
0.00000
0.00000
0.00729
0.14731
0.31172
0.47816
0.62406
0.72958
0.78041
0.76964
0.69873
0.57731
0.42187
0.25352
0.09512
0.00000
0.00000
0.00000
0.00000
0.00000
0.00000
0.00000
0.00000
0.00000
0.00000
0.00000
0.00754
0.15234
0.32235
0.49448
0.64535
0.75447
0.80703
0.79589
0.72256
0.59700
0.43626
0.26217
0.09837
0.00000
0.00000
0.00000
0.00000
0.00000
0.00000
0.00000
0.00000
0.00000
0.00000
0.00000
0.00619
0.12522
0.26496
0.40645
0.53046
0.62016
0.66336
0.65421
0.59393
0.49072
0.35860
0.21550
0.08086
0.00000
0.00000
0.00000
0.00000
0.00000
0.00000
0.00000
0.00000
0.00000
0.00000
0.00000
0.00668
0.13504
0.28574
0.43832
0.57206
0.66879
0.71538
0.70551
0.64050
0.52920
0.38672
0.23240
0.08720
0.00000
0.00000
0.00000
0.00000
0.00000
0.00000
0.00000
0.00000
0.00000
0.00000
0.00000
0.00717
0.14494
0.30668
0.47045
0.61399
0.71781
0.76781
0.75721
0.68745
0.56799
0.41506
0.24943
0.09359
0.00000
0.00000
0.00000
0.00000
0.00000
0.00000
0.00000
0.00000
0.00000
0.00000
0.00000
0.00525
0.10613
0.22456
0.34448
0.44958
0.52560
0.56222
0.55446
0.50337
0.41590
0.30392
0.18264
0.06853
0.00000
0.00000
0.00000
0.00000
0.00000
0.00000
0.00000
0.00000
0.00000
0.00000
0.00000
0.00656
0.13255
0.28047
0.43023
0.56150
0.65645
0.70218
0.69249
0.62869
0.51944
0.37958
0.22811
0.08559
0.00000
0.00000
0.00000
0.00000
0.00000
0.00000
0.00000
0.00000
0.00000
0.00000
0.00000
0.00690
0.13947
0.29512
0.45270
0.59083
0.69073
0.73885
0.72865
0.66152
0.54657
0.39940
0.24002
0.09006
0.00000
0.00000
0.00000
0.00000
0.00000
0.00000
0.00000
0.00000
0.00000
0.00000
0.00000
0.00629
0.12707
0.26888
0.41245
0.53829
0.62931
0.67316
0.66386
0.60270
0.49797
0.36389
0.21868
0.08205
0.00000
0.00000
0.00000
0.00000
0.00000
0.00000
0.00000
0.00000
0.00000
0.00000
0.00000
0.00707
0.14303
0.30266
0.46427
0.60593
0.70839
0.75774
0.74728
0.67843
0.56054
0.40961
0.24616
0.09236
0.00000
0.00000
0.00000
0.00000
0.00000
0.00000
0.00000
0.00000
0.00000
0.00000
0.00000
0.00669
0.13533
0.28636
0.43928
0.57330
0.67025
0.71694
0.70704
0.64190
0.53036
0.38756
0.23290
0.08739
0.00000
0.00000
0.00000
0.00000
0.00000
0.00000
0.00000
0.00000
0.00000
0.00000
0.00000
0.00744
0.15040
0.31824
0.48818
0.63713
0.74486
0.79675
0.78576
0.71336
0.58940
0.43071
0.25883
0.09712
0.00000
0.00000
0.00000
0.00000
0.00000
0.00000
0.00000
0.00000
0.00000
0.00000
0.00000
0.00662
0.13389
0.28330
0.43458
0.56717
0.66308
0.70927
0.69948
0.63504
0.52468
0.38342
0.23041
0.08645
0.00000
0.00000
0.00000
0.00000
0.00000
0.00000
0.00000
0.00000
0.00000
0.00000
0.00000
0.00694
0.14030
0.29688
0.45541
0.59436
0.69486
0.74327
0.73301
0.66547
0.54983
0.40179
0.24146
0.09060
0.00000
0.00000
0.00000
0.00000
0.00000
0.00000
0.00000
0.00000
0.00000
0.00000
0.00000
0.00582
0.11767
0.24899
0.38194
0.49847
0.58276
0.62336
0.61475
0.55811
0.46113
0.33697
0.20250
0.07598
0.00000
0.00000
0.00000
0.00000
0.00000
0.00000
0.00000
0.00000
0.00000
0.00000
0.00000
0.00667
0.13476
0.28516
0.43742
0.57088
0.66742
0.71391
0.70406
0.63919
0.52812
0.38592
0.23192
0.08702
0.00000
0.00000
0.00000
0.00000
0.00000
0.00000
0.00000
0.00000
0.00000
0.00000
0.00000
0.00679
0.13725
0.29043
0.44551
0.58144
0.67976
0.72712
0.71708
0.65101
0.53788
0.39306
0.23621
0.08863
0.00000
0.00000
0.00000
0.00000
0.00000
0.00000
0.00000
0.00000
0.00000
0.00000
0.00000
0.00744
0.15051
0.31847
0.48853
0.63758
0.74539
0.79732
0.78631
0.71387
0.58982
0.43101
0.25901
0.09718
0.00000
0.00000
0.00000
0.00000
0.00000
0.00000
0.00000
0.00000
0.00000
0.00000
0.00370
0.03536
0.10827
0.20967
0.32187
0.42526
0.50179
0.53809
0.52781
0.47276
0.38255
0.27293
0.16306
0.07212
0.00000
0.00000
0.00000
0.00000
0.00000
0.00000
0.00000
0.00000
0.00000
0.00000
0.00496
0.04746
0.14531
0.28142
0.43201
0.57079
0.67350
0.72222
0.70843
0.63454
0.51346
0.36633
0.21886
0.09680
0.00000
0.00000
0.00000
0.00000
0.00000
0.00000
0.00000
0.00000
0.00000
0.00000
0.00476
0.04555
0.13946
0.27009
0.41461
0.54780
0.64638
0.69313
0.67990
0.60898
0.49278
0.35158
0.21004
0.09290
0.00000
0.00000
0.00000
0.00000
0.00000
0.00000
0.00000
0.00000
0.00000
0.00000
0.00453
0.04330
0.13255
0.25671
0.39407
0.52066
0.61436
0.65879
0.64621
0.57881
0.46836
0.33416
0.19964
0.08830
0.00000
0.00000
0.00000
0.00000
0.00000
0.00000
0.00000
0.00000
0.00000
0.00000
0.00296
0.02830
0.08663
0.16778
0.25756
0.34029
0.40153
0.43057
0.42235
0.37830
0.30611
0.21840
0.13048
0.05771
0.00000
0.00000
0.00000
0.00000
0.00000
0.00000
0.00000
0.00000
0.00000
0.00000
0.00344
0.03286
0.10061
0.19485
0.29912
0.39521
0.46633
0.50006
0.49051
0.43935
0.35551
0.25364
0.15153
0.06702
0.00000
0.00000
0.00000
0.00000
0.00000
0.00000
0.00000
0.00000
0.00000
0.00000
0.00552
0.05276
0.16152
0.31281
0.48020
0.63445
0.74862
0.80278
0.78745
0.70532
0.57073
0.40719
0.24327
0.10759
0.00000
0.00000
0.00000
0.00000
0.00000
0.00000
0.00000
0.00000
0.00000
0.00000
0.00462
0.04422
0.13540
0.26222
0.40253
0.53183
0.62754
0.67293
0.66008
0.59123
0.47841
0.34133
0.20392
0.09019
0.00000
0.00000
0.00000
0.00000
0.00000
0.00000
0.00000
0.00000
0.00000
0.00000
0.00278
0.02660
0.08144
0.15773
0.24213
0.31990
0.37747
0.40477
0.39704
0.35563
0.28777
0.20531
0.12266
0.05425
0.00000
0.00000
0.00000
0.00000
0.00000
0.00000
0.00000
0.00000
0.00000
0.00000
0.00575
0.05502
0.16843
0.32620
0.50075
0.66160
0.78066
0.83713
0.82114
0.73550
0.59515
0.42461
0.25368
0.11220
0.00000
0.00000
0.00000
0.00000
0.00000
0.00000
0.00000
0.00000
0.00000
0.00000
0.00558
0.05333
0.16329
0.31623
0.48545
0.64139
0.75681
0.81155
0.79605
0.71303
0.57697
0.41164
0.24593
0.10877
0.00000
0.00000
0.00000
0.00000
0.00000
0.00000
0.00000
0.00000
0.00000
0.00000
0.00509
0.04868
0.14903
0.28862
0.44307
0.58540
0.69074
0.74070
0.72656
0.65078
0.52660
0.37570
0.22446
0.09927
0.00000
0.00000
0.00000
0.00000
0.00000
0.00000
0.00000
0.00000
0.00000
0.00000
0.00551
0.05268
0.16128
0.31234
0.47948
0.63350
0.74751
0.80158
0.78627
0.70426
0.56987
0.40658
0.24290
0.10743
0.00000
0.00000
0.00000
0.00000
0.00000
0.00000
0.00000
0.00000
0.00000
0.00000
0.00547
0.05235
0.16028
0.31041
0.47652
0.62958
0.74288
0.79661
0.78140
0.69990
0.56635
0.40406
0.24140
0.10677
0.00000
0.00000
0.00000
0.00000
0.00000
0.00000
0.00000
0.00000
0.00000
0.00000
0.00588
0.05621
0.17208
0.33327
0.51160
0.67594
0.79757
0.85526
0.83893
0.75143
0.60804
0.43381
0.25917
0.11463
0.00000
0.00000
0.00000
0.00000
0.00000
0.00000
0.00000
0.00000
0.00000
0.00000
0.00467
0.04468
0.13680
0.26493
0.40670
0.53734
0.63404
0.67990
0.66692
0.59736
0.48337
0.34486
0.20603
0.09112
0.00000
0.00000
0.00000
0.00000
0.00000
0.00000
0.00000
0.00000
0.00000
0.00000
0.00545
0.05216
0.15969
0.30926
0.47475
0.62726
0.74013
0.79367
0.77851
0.69731
0.56425
0.40257
0.24051
0.10637
0.00000
0.00000
0.00000
0.00000
0.00000
0.00000
0.00000
0.00000
0.00000
0.00000
0.00515
0.04924
0.15075
0.29195
0.44817
0.59213
0.69869
0.74923
0.73492
0.65827
0.53266
0.38003
0.22704
0.10042
0.00000
0.00000
0.00000
0.00000
0.00000
0.00000
0.00000
0.00000
0.00000
0.00000
0.00462
0.04417
0.13522
0.26187
0.40199
0.53112
0.62670
0.67203
0.65920
0.59045
0.47778
0.34087
0.20365
0.09007
0.00000
0.00000
0.00000
0.00000
0.00000
0.00000
0.00000
0.00000
0.00000
0.00000
0.00559
0.05345
0.16364
0.31691
0.48650
0.64277
0.75844
0.81330
0.79777
0.71456
0.57821
0.41253
0.24646
0.10900
0.00000
0.00000
0.00000
0.00000
0.00000
0.00000
0.00000
0.00000
0.00000
0.00000
0.00550
0.05265
0.16119
0.31217
0.47922
0.63315
0.74709
0.80113
0.78583
0.70387
0.56956
0.40636
0.24277
0.10737
0.00000
0.00000
0.00000
0.00000
0.00000
0.00000
0.00000
0.00000
0.00000
0.00000
0.00488
0.04664
0.14280
0.27655
0.42453
0.56090
0.66183
0.70970
0.69615
0.62354
0.50456
0.35998
0.21506
0.09512
0.00000
0.00000
0.00000
0.00000
0.00000
0.00000
0.00000
0.00000
0.00000
0.00000
0.00354
0.03385
0.10362
0.20068
0.30806
0.40702
0.48026
0.51500
0.50517
0.45248
0.36614
0.26122
0.15606
0.06902
0.00000
0.00000
0.00000
0.00000
0.00000
0.00000
0.00000
0.00000
0.00000
0.00000
0.00350
0.03348
0.10250
0.19850
0.30472
0.40260
0.47505
0.50941
0.49969
0.44757
0.36216
0.25839
0.15437
0.06827
0.00000
0.00000
0.00000
0.00000
0.00000
0.00000
0.00000
0.00000
0.00000
0.00000
0.00547
0.05228
0.16006
0.30999
0.47586
0.62872
0.74186
0.79552
0.78033
0.69894
0.56557
0.40351
0.24107
0.10662
0.00000
0.00000
0.00000
0.00000
0.00000
0.00000
0.00000
0.00000
0.00000
0.00000
0.00405
0.03876
0.11866
0.22979
0.35276
0.46607
0.54994
0.58972
0.57846
0.51813
0.41926
0.29912
0.17871
0.07904
0.00000
0.00000
0.00000
0.00000
0.00000
0.00000
0.00000
0.00000
0.00000
0.00000
0.00486
0.04648
0.14231
0.27561
0.42309
0.55900
0.65959
0.70730
0.69379
0.62143
0.50285
0.35876
0.21434
0.09480
0.00000
0.00000
0.00000
0.00000
0.00000
0.00000
0.00000
0.00000
0.00000
0.00000
0.00391
0.03739
0.11447
0.22169
0.34032
0.44964
0.53056
0.56893
0.55807
0.49986
0.40448
0.28858
0.17241
0.07625
0.00000
0.00000
0.00000
0.00000
0.00000
0.00000
0.00000
0.00000
0.00000
0.00000
0.00507
0.04854
0.14860
0.28778
0.44177
0.58368
0.68872
0.73853
0.72443
0.64887
0.52506
0.37461
0.22380
0.09898
0.00000
0.00000
0.00000
0.00000
0.00000
0.00000
0.00000
0.00000
0.00000
0.00000
0.00516
0.04932
0.15100
0.29243
0.44892
0.59312
0.69986
0.75048
0.73615
0.65937
0.53355
0.38066
0.22742
0.10058
0.00000
0.00000
0.00000
0.00000
0.00000
0.00000
0.00000
0.00000
0.00000
0.00000
0.00389
0.03719
0.11385
0.22048
0.33846
0.44718
0.52765
0.56582
0.55501
0.49713
0.40226
0.28700
0.17146
0.07583
0.00000
0.00000
0.00000
0.00000
0.00000
0.00000
0.00000
0.00000
0.00000
0.00000
0.00000
0.02046
0.06523
0.12581
0.19204
0.25278
0.29783
0.31964
0.31453
0.28337
0.23138
0.16731
0.10190
0.00000
0.00000
0.00000
0.00000
0.00000
0.00000
0.00000
0.00000
0.00000
0.00000
0.00000
0.00000
0.04585
0.14619
0.28196
0.43038
0.56651
0.66750
0.71637
0.70492
0.63507
0.51857
0.37496
0.22837
0.00000
0.00000
0.00000
0.00000
0.00000
0.00000
0.00000
0.00000
0.00000
0.00000
0.00000
0.00000
0.03749
0.11953
0.23056
0.35192
0.46323
0.54580
0.58576
0.57640
0.51929
0.42402
0.30660
0.18674
0.00000
0.00000
0.00000
0.00000
0.00000
0.00000
0.00000
0.00000
0.00000
0.00000
0.00000
0.00000
0.04749
0.15140
0.29202
0.44574
0.58672
0.69131
0.74192
0.73006
0.65773
0.53706
0.38833
0.23652
0.00000
0.00000
0.00000
0.00000
0.00000
0.00000
0.00000
0.00000
0.00000
0.00000
0.00000
0.00000
0.03760
0.11986
0.23118
0.35287
0.46448
0.54727
0.58734
0.57796
0.52069
0.42517
0.30743
0.18724
0.00000
0.00000
0.00000
0.00000
0.00000
0.00000
0.00000
0.00000
0.00000
0.00000
0.00000
0.00000
0.03945
0.12577
0.24259
0.37028
0.48740
0.57427
0.61632
0.60647
0.54638
0.44614
0.32259
0.19648
0.00000
0.00000
0.00000
0.00000
0.00000
0.00000
0.00000
0.00000
0.00000
0.00000
0.00000
0.00000
0.04974
0.15858
0.30587
0.46687
0.61455
0.72409
0.77711
0.76469
0.68892
0.56253
0.40675
0.24774
0.00000
0.00000
0.00000
0.00000
0.00000
0.00000
0.00000
0.00000
0.00000
0.00000
0.00000
0.00000
0.04317
0.13764
0.26547
0.40521
0.53338
0.62846
0.67447
0.66369
0.59793
0.48824
0.35303
0.21502
0.00000
0.00000
0.00000
0.00000
0.00000
0.00000
0.00000
0.00000
0.00000
0.00000
0.00000
0.00000
0.05008
0.15966
0.30795
0.47005
0.61873
0.72902
0.78240
0.76990
0.69361
0.56637
0.40952
0.24943
0.00000
0.00000
0.00000
0.00000
0.00000
0.00000
0.00000
0.00000
0.00000
0.00000
0.00000
0.00000
0.02626
0.08371
0.16147
0.24646
0.32441
0.38224
0.41023
0.40367
0.36367
0.29696
0.21472
0.13078
0.00000
0.00000
0.00000
0.00000
0.00000
0.00000
0.00000
0.00000
0.00000
0.00000
0.00000
0.00000
0.02428
0.07742
0.14933
0.22794
0.30003
0.35352
0.37940
0.37333
0.33634
0.27464
0.19858
0.12095
0.00000
0.00000
0.00000
0.00000
0.00000
0.00000
0.00000
0.00000
0.00000
0.00000
0.00000
0.00000
0.02397
0.07642
0.14739
0.22497
0.29613
0.34892
0.37447
0.36848
0.33197
0.27107
0.19600
0.11938
0.00000
0.00000
0.00000
0.00000
0.00000
0.00000
0.00000
0.00000
0.00000
0.00000
0.00000
0.00000
0.03639
0.11600
0.22374
0.34152
0.44954
0.52967
0.56845
0.55937
0.50394
0.41149
0.29754
0.18122
0.00000
0.00000
0.00000
0.00000
0.00000
0.00000
0.00000
0.00000
0.00000
0.00000
0.00000
0.00000
0.03119
0.09945
0.19181
0.29278
0.38538
0.45408
0.48732
0.47953
0.43202
0.35276
0.25507
0.15536
0.00000
0.00000
0.00000
0.00000
0.00000
0.00000
0.00000
0.00000
0.00000
0.00000
0.00000
0.00000
0.05258
0.16764
0.32334
0.49354
0.64965
0.76545
0.82149
0.80836
0.72827
0.59466
0.42998
0.26189
0.00000
0.00000
0.00000
0.00000
0.00000
0.00000
0.00000
0.00000
0.00000
0.00000
0.00000
0.00000
0.03979
0.12684
0.24465
0.37343
0.49155
0.57917
0.62157
0.61164
0.55104
0.44995
0.32534
0.19815
0.00000
0.00000
0.00000
0.00000
0.00000
0.00000
0.00000
0.00000
0.00000
0.00000
0.00000
0.00000
0.02908
0.09271
0.17882
0.27294
0.35928
0.42332
0.45431
0.44705
0.40276
0.32887
0.23779
0.14483
0.00000
0.00000
0.00000
0.00000
0.00000
0.00000
0.00000
0.00000
0.00000
0.00000
0.00000
0.00000
0.01358
0.04329
0.08351
0.12746
0.16778
0.19769
0.21216
0.20877
0.18808
0.15358
0.11105
0.06764
0.00000
0.00000
0.00000
0.00000
0.00000
0.00000
0.00000
0.00000
0.00000
0.00000
0.00000
0.00000
0.04900
0.15621
0.30130
0.45989
0.60536
0.71327
0.76549
0.75326
0.67862
0.55412
0.40067
0.24403
0.00000
0.00000
0.00000
0.00000
0.00000
0.00000
0.00000
0.00000
0.00000
0.00000
0.00000
0.00000
0.02538
0.08091
0.15605
0.23820
0.31354
0.36943
0.39648
0.39014
0.35148
0.28700
0.20752
0.12639
0.00000
0.00000
0.00000
0.00000
0.00000
0.00000
0.00000
0.00000
0.00000
0.00000
0.00000
0.00000
0.03684
0.11746
0.22656
0.34582
0.45520
0.53634
0.57561
0.56641
0.51029
0.41667
0.30128
0.18350
0.00000
0.00000
0.00000
0.00000
0.00000
0.00000
0.00000
0.00000
0.00000
0.00000
0.00000
0.00000
0.03984
0.12701
0.24497
0.37391
0.49218
0.57992
0.62237
0.61243
0.55175
0.45053
0.32576
0.19841
0.00000
0.00000
0.00000
0.00000
0.00000
0.00000
0.00000
0.00000
0.00000
0.00000
0.00000
0.00000
0.03214
0.10247
0.19765
0.30168
0.39710
0.46789
0.50215
0.49412
0.44516
0.36349
0.26283
0.16008
0.00000
0.00000
0.00000
0.00000
0.00000
0.00000
0.00000
0.00000
0.00000
0.00000
0.00000
0.00000
0.02616
0.08342
0.16089
0.24558
0.32326
0.38088
0.40877
0.40223
0.36238
0.29590
0.21396
0.13031
0.00000
0.00000
0.00000
0.00000
0.00000
0.00000
0.00000
0.00000
0.00000
0.00000
0.00000
0.00000
0.04664
0.14870
0.28681
0.43778
0.57625
0.67897
0.72868
0.71704
0.64599
0.52748
0.38140
0.23230
0.00000
0.00000
0.00000
0.00000
0.00000
0.00000
0.00000
0.00000
0.00000
0.00000
0.00000
0.00000
0.03781
0.12055
0.23252
0.35491
0.46717
0.55044
0.59074
0.58130
0.52370
0.42763
0.30920
0.18832
0.00000
0.00000
0.00000
0.00000
0.00000
0.00000
0.00000
0.00000
0.00000
0.00000
0.00000
0.00000
0.01859
0.05926
0.11430
0.17446
0.22965
0.27058
0.29039
0.28575
0.25744
0.21021
0.15200
0.09258
0.00000
0.00000
0.00000
0.00000
0.00000
0.00000
0.00000
0.00000
0.00000
0.00000
0.00000
0.00000
0.02791
0.08897
0.17160
0.26192
0.34477
0.40623
0.43597
0.42900
0.38650
0.31559
0.22819
0.13899
0.00000
0.00000
0.00000
0.00000
0.00000
0.00000
0.00000
0.00000
0.00000
0.00000
0.00000
0.00000
0.02707
0.08630
0.16645
0.25407
0.33443
0.39404
0.42289
0.41614
0.37490
0.30613
0.22135
0.13482
0.00000
0.00000
0.00000
0.00000
0.00000
0.00000
0.00000
0.00000
0.00000
0.00000
0.00000
0.00000
0.03500
0.11159
0.21524
0.32854
0.43245
0.50954
0.54684
0.53811
0.48479
0.39585
0.28623
0.17433
0.00000
0.00000
0.00000
0.00000
0.00000
0.00000
0.00000
0.00000
0.00000
0.00000
0.00000
0.00230
0.05189
0.13682
0.24409
0.35730
0.45914
0.53404
0.57055
0.56309
0.51279
0.42734
0.31982
0.20666
0.00000
0.00000
0.00000
0.00000
0.00000
0.00000
0.00000
0.00000
0.00000
0.00000
0.00000
0.00256
0.05784
0.15249
0.27205
0.39823
0.51174
0.59523
0.63592
0.62759
0.57153
0.47630
0.35646
0.23034
0.00000
0.00000
0.00000
0.00000
0.00000
0.00000
0.00000
0.00000
0.00000
0.00000
0.00000
0.00231
0.05212
0.13742
0.24517
0.35888
0.46117
0.53640
0.57307
0.56557
0.51505
0.42923
0.32123
0.20757
0.00000
0.00000
0.00000
0.00000
0.00000
0.00000
0.00000
0.00000
0.00000
0.00000
0.00000
0.00178
0.04024
0.10609
0.18927
0.27705
0.35602
0.41410
0.44241
0.43662
0.39761
0.33136
0.24799
0.16024
0.00000
0.00000
0.00000
0.00000
0.00000
0.00000
0.00000
0.00000
0.00000
0.00000
0.00000
0.00178
0.04020
0.10598
0.18907
0.27676
0.35565
0.41367
0.44195
0.43616
0.39720
0.33102
0.24773
0.16008
0.00000
0.00000
0.00000
0.00000
0.00000
0.00000
0.00000
0.00000
0.00000
0.00000
0.00000
0.00244
0.05502
0.14506
0.25879
0.37881
0.48679
0.56620
0.60491
0.59699
0.54366
0.45307
0.33908
0.21910
0.00000
0.00000
0.00000
0.00000
0.00000
0.00000
0.00000
0.00000
0.00000
0.00000
0.00000
0.00251
0.05674
0.14959
0.26688
0.39066
0.50201
0.58391
0.62382
0.61566
0.56066
0.46724
0.34968
0.22596
0.00000
0.00000
0.00000
0.00000
0.00000
0.00000
0.00000
0.00000
0.00000
0.00000
0.00000
0.00230
0.05203
0.13718
0.24473
0.35823
0.46034
0.53544
0.57204
0.56455
0.51412
0.42846
0.32065
0.20720
0.00000
0.00000
0.00000
0.00000
0.00000
0.00000
0.00000
0.00000
0.00000
0.00000
0.00000
0.00215
0.04846
0.12777
0.22795
0.33367
0.42878
0.49873
0.53282
0.52585
0.47887
0.39908
0.29867
0.19299
0.00000
0.00000
0.00000
0.00000
0.00000
0.00000
0.00000
0.00000
0.00000
0.00000
0.00000
0.00255
0.05753
0.15167
0.27058
0.39608
0.50897
0.59200
0.63247
0.62419
0.56843
0.47372
0.35453
0.22909
0.00000
0.00000
0.00000
0.00000
0.00000
0.00000
0.00000
0.00000
0.00000
0.00000
0.00000
0.00249
0.05627
0.14835
0.26465
0.38740
0.49782
0.57904
0.61862
0.61052
0.55599
0.46334
0.34676
0.22407
0.00000
0.00000
0.00000
0.00000
0.00000
0.00000
0.00000
0.00000
0.00000
0.00000
0.00000
0.00166
0.03739
0.09858
0.17587
0.25744
0.33082
0.38479
0.41110
0.40572
0.36947
0.30791
0.23044
0.14890
0.00000
0.00000
0.00000
0.00000
0.00000
0.00000
0.00000
0.00000
0.00000
0.00000
0.00000
0.00195
0.04397
0.11593
0.20682
0.30275
0.38905
0.45251
0.48345
0.47712
0.43450
0.36210
0.27099
0.17511
0.00000
0.00000
0.00000
0.00000
0.00000
0.00000
0.00000
0.00000
0.00000
0.00000
0.00000
0.00236
0.05336
0.14068
0.25097
0.36737
0.47208
0.54909
0.58663
0.57895
0.52723
0.43938
0.32883
0.21248
0.00000
0.00000
0.00000
0.00000
0.00000
0.00000
0.00000
0.00000
0.00000
0.00000
0.00000
0.00224
0.05053
0.13321
0.23765
0.34787
0.44703
0.51995
0.55550
0.54823
0.49925
0.41607
0.31138
0.20121
0.00000
0.00000
0.00000
0.00000
0.00000
0.00000
0.00000
0.00000
0.00000
0.00000
0.00000
0.00264
0.05970
0.15740
0.28080
0.41104
0.52820
0.61436
0.65636
0.64777
0.58991
0.49161
0.36792
0.23774
0.00000
0.00000
0.00000
0.00000
0.00000
0.00000
0.00000
0.00000
0.00000
0.00000
0.00000
0.00227
0.05126
0.13515
0.24112
0.35295
0.45355
0.52754
0.56360
0.55622
0.50654
0.42213
0.31592
0.20414
0.00000
0.00000
0.00000
0.00000
0.00000
0.00000
0.00000
0.00000
0.00000
0.00000
0.00000
0.00248
0.05608
0.14787
0.26380
0.38615
0.49622
0.57717
0.61663
0.60856
0.55419
0.46185
0.34565
0.22335
0.00000
0.00000
0.00000
0.00000
0.00000
0.00000
0.00000
0.00000
0.00000
0.00000
0.00000
0.00257
0.05796
0.15281
0.27261
0.39905
0.51279
0.59645
0.63722
0.62888
0.57270
0.47728
0.35719
0.23081
0.00000
0.00000
0.00000
0.00000
0.00000
0.00000
0.00000
0.00000
0.00000
0.00000
0.00000
0.00190
0.04295
0.11324
0.20202
0.29572
0.38001
0.44200
0.47222
0.46604
0.42441
0.35369
0.26470
0.17104
0.00000
0.00000
0.00000
0.00000
0.00000
0.00000
0.00000
0.00000
0.00000
0.00000
0.00000
0.00186
0.04201
0.11077
0.19761
0.28927
0.37172
0.43236
0.46191
0.45587
0.41515
0.34597
0.25892
0.16731
0.00000
0.00000
0.00000
0.00000
0.00000
0.00000
0.00000
0.00000
0.00000
0.00000
0.00000
0.00232
0.05250
0.13842
0.24694
0.36147
0.46450
0.54028
0.57721
0.56966
0.51877
0.43233
0.32355
0.20907
0.00000
0.00000
0.00000
0.00000
0.00000
0.00000
0.00000
0.00000
0.00000
0.00000
0.00000
0.00168
0.03796
0.10009
0.17856
0.26138
0.33588
0.39067
0.41738
0.41191
0.37512
0.31261
0.23396
0.15118
0.00000
0.00000
0.00000
0.00000
0.00000
0.00000
0.00000
0.00000
0.00000
0.00000
0.00000
0.00107
0.02423
0.06387
0.11395
0.16680
0.21434
0.24930
0.26635
0.26286
0.23938
0.19949
0.14930
0.09647
0.00000
0.00000
0.00000
0.00000
0.00000
0.00000
0.00000
0.00000
0.00000
0.00000
0.00000
0.00157
0.03541
0.09337
0.16657
0.24382
0.31332
0.36443
0.38935
0.38425
0.34993
0.29162
0.21825
0.14103
0.00000
0.00000
0.00000
0.00000
0.00000
0.00000
0.00000
0.00000
0.00000
0.00000
0.00000
0.00224
0.05055
0.13328
0.23776
0.34804
0.44725
0.52021
0.55577
0.54850
0.49950
0.41627
0.31153
0.20131
0.00000
0.00000
0.00000
0.00000
0.00000
0.00000
0.00000
0.00000
0.00000
0.00000
0.00000
0.00288
0.06511
0.17167
0.30626
0.44830
0.57609
0.67007
0.71587
0.70650
0.64339
0.53619
0.40128
0.25930
0.00000
0.00000
0.00000
0.00000
0.00000
0.00000
0.00000
0.00000
0.00000
0.00000
0.00000
0.00272
0.06145
0.16201
0.28903
0.42309
0.54368
0.63237
0.67560
0.66676
0.60720
0.50602
0.37871
0.24471
0.00000
0.00000
0.00000
0.00000
0.00000
0.00000
0.00000
0.00000
0.00000
0.00000
0.00000
0.00303
0.06844
0.18044
0.32191
0.47122
0.60553
0.70431
0.75246
0.74261
0.67628
0.56359
0.42179
0.27255
0.00000
0.00000
0.00000
0.00000
0.00000
0.00000
0.00000
0.00000
0.00000
0.00000
0.00000
0.00250
0.05645
0.14884
0.26554
0.38870
0.49949
0.58097
0.62069
0.61256
0.55784
0.46489
0.34792
0.22482
0.00000
0.00000
0.00000
0.00000
0.00000
0.00000
0.00000
0.00000
0.00000
0.00000
0.00000
0.00237
0.05349
0.14103
0.25161
0.36831
0.47329
0.55049
0.58813
0.58043
0.52858
0.44050
0.32967
0.21303
0.00000
0.00000
0.00000
0.00000
0.00000
0.00000
0.00000
0.00000
0.00000
0.00000
0.00000
0.01017
0.06286
0.14609
0.24791
0.35367
0.44817
0.51782
0.55263
0.54757
0.50339
0.42642
0.32774
0.22153
0.00000
0.00000
0.00000
0.00000
0.00000
0.00000
0.00000
0.00000
0.00000
0.00000
0.00000
0.01007
0.06227
0.14472
0.24558
0.35034
0.44395
0.51296
0.54743
0.54243
0.49866
0.42241
0.32466
0.21944
0.00000
0.00000
0.00000
0.00000
0.00000
0.00000
0.00000
0.00000
0.00000
0.00000
0.00000
0.01137
0.07027
0.16330
0.27711
0.39533
0.50096
0.57883
0.61773
0.61208
0.56269
0.47666
0.36635
0.24762
0.00000
0.00000
0.00000
0.00000
0.00000
0.00000
0.00000
0.00000
0.00000
0.00000
0.00000
0.01108
0.06848
0.15916
0.27008
0.38530
0.48825
0.56414
0.60205
0.59655
0.54841
0.46456
0.35705
0.24134
0.00000
0.00000
0.00000
0.00000
0.00000
0.00000
0.00000
0.00000
0.00000
0.00000
0.00000
0.01237
0.07644
0.17765
0.30146
0.43006
0.54498
0.62968
0.67200
0.66586
0.61213
0.51854
0.39854
0.26938
0.00000
0.00000
0.00000
0.00000
0.00000
0.00000
0.00000
0.00000
0.00000
0.00000
0.00000
0.01347
0.08326
0.19350
0.32835
0.46843
0.59359
0.68586
0.73195
0.72526
0.66673
0.56479
0.43409
0.29341
0.00000
0.00000
0.00000
0.00000
0.00000
0.00000
0.00000
0.00000
0.00000
0.00000
0.00000
0.01115
0.06890
0.16013
0.27173
0.38765
0.49123
0.56759
0.60574
0.60019
0.55176
0.46740
0.35924
0.24281
0.00000
0.00000
0.00000
0.00000
0.00000
0.00000
0.00000
0.00000
0.00000
0.00000
0.00000
0.01197
0.07400
0.17198
0.29184
0.41633
0.52758
0.60958
0.65055
0.64460
0.59259
0.50198
0.38581
0.26078
0.00000
0.00000
0.00000
0.00000
0.00000
0.00000
0.00000
0.00000
0.00000
0.00000
0.00000
0.01257
0.07772
0.18062
0.30650
0.43726
0.55409
0.64021
0.68324
0.67699
0.62237
0.52721
0.40520
0.27389
0.00000
0.00000
0.00000
0.00000
0.00000
0.00000
0.00000
0.00000
0.00000
0.00000
0.00000
0.01110
0.06860
0.15944
0.27056
0.38598
0.48911
0.56514
0.60312
0.59760
0.54938
0.46538
0.35768
0.24177
0.00000
0.00000
0.00000
0.00000
0.00000
0.00000
0.00000
0.00000
0.00000
0.00000
0.00000
0.00860
0.05318
0.12360
0.20973
0.29921
0.37915
0.43809
0.46753
0.46325
0.42587
0.36076
0.27727
0.18741
0.00000
0.00000
0.00000
0.00000
0.00000
0.00000
0.00000
0.00000
0.00000
0.00000
0.00000
0.01166
0.07209
0.16755
0.28432
0.40562
0.51400
0.59389
0.63380
0.62801
0.57733
0.48906
0.37588
0.25407
0.00000
0.00000
0.00000
0.00000
0.00000
0.00000
0.00000
0.00000
0.00000
0.00000
0.00000
0.01260
0.07786
0.18096
0.30707
0.43807
0.55512
0.64141
0.68452
0.67826
0.62352
0.52819
0.40596
0.27440
0.00000
0.00000
0.00000
0.00000
0.00000
0.00000
0.00000
0.00000
0.00000
0.00000
0.00000
0.01111
0.06866
0.15958
0.27080
0.38632
0.48955
0.56564
0.60365
0.59813
0.54987
0.46579
0.35800
0.24198
0.00000
0.00000
0.00000
0.00000
0.00000
0.00000
0.00000
0.00000
0.00000
0.00000
0.00000
0.00962
0.05948
0.13823
0.23456
0.33463
0.42404
0.48995
0.52288
0.51809
0.47629
0.40346
0.31010
0.20960
0.00000
0.00000
0.00000
0.00000
0.00000
0.00000
0.00000
0.00000
0.00000
0.00000
0.00000
0.00766
0.04734
0.11002
0.18670
0.26634
0.33751
0.38997
0.41618
0.41237
0.37910
0.32113
0.24682
0.16683
0.00000
0.00000
0.00000
0.00000
0.00000
0.00000
0.00000
0.00000
0.00000
0.00000
0.00000
0.00835
0.05162
0.11996
0.20357
0.29041
0.36801
0.42521
0.45378
0.44963
0.41335
0.35015
0.26912
0.18190
0.00000
0.00000
0.00000
0.00000
0.00000
0.00000
0.00000
0.00000
0.00000
0.00000
0.00000
0.01127
0.06965
0.16188
0.27470
0.39188
0.49660
0.57378
0.61235
0.60675
0.55779
0.47250
0.36316
0.24547
0.00000
0.00000
0.00000
0.00000
0.00000
0.00000
0.00000
0.00000
0.00000
0.00000
0.00000
0.00716
0.04427
0.10289
0.17459
0.24907
0.31562
0.36468
0.38919
0.38563
0.35451
0.30031
0.23081
0.15601
0.00000
0.00000
0.00000
0.00000
0.00000
0.00000
0.00000
0.00000
0.00000
0.00000
0.00000
0.01153
0.07128
0.16567
0.28112
0.40105
0.50821
0.58720
0.62667
0.62094
0.57083
0.48355
0.37165
0.25121
0.00000
0.00000
0.00000
0.00000
0.00000
0.00000
0.00000
0.00000
0.00000
0.00000
0.00000
0.00789
0.04874
0.11327
0.19222
0.27421
0.34749
0.40150
0.42848
0.42456
0.39030
0.33063
0.25411
0.17176
0.00000
0.00000
0.00000
0.00000
0.00000
0.00000
0.00000
0.00000
0.00000
0.00000
0.00000
0.00891
0.05507
0.12799
0.21719
0.30985
0.39264
0.45366
0.48416
0.47973
0.44102
0.37359
0.28713
0.19408
0.00000
0.00000
0.00000
0.00000
0.00000
0.00000
0.00000
0.00000
0.00000
0.00000
0.00000
0.01044
0.06454
0.15000
0.25454
0.36313
0.46016
0.53168
0.56742
0.56223
0.51686
0.43783
0.33651
0.22746
0.00000
0.00000
0.00000
0.00000
0.00000
0.00000
0.00000
0.00000
0.00000
0.00000
0.00000
0.01037
0.06412
0.14903
0.25288
0.36076
0.45716
0.52822
0.56372
0.55856
0.51349
0.43498
0.33432
0.22597
0.00000
0.00000
0.00000
0.00000
0.00000
0.00000
0.00000
0.00000
0.00000
0.00000
0.00000
0.01039
0.06424
0.14929
0.25334
0.36141
0.45798
0.52917
0.56473
0.55957
0.51441
0.43576
0.33492
0.22638
0.00000
0.00000
0.00000
0.00000
0.00000
0.00000
0.00000
0.00000
0.00000
0.00000
0.00000
0.00952
0.05884
0.13674
0.23203
0.33102
0.41947
0.48467
0.51724
0.51251
0.47116
0.39912
0.30675
0.20734
0.00000
0.00000
0.00000
0.00000
0.00000
0.00000
0.00000
0.00000
0.00000
0.00000
0.00000
0.01124
0.06948
0.16147
0.27400
0.39089
0.49534
0.57233
0.61079
0.60521
0.55637
0.47130
0.36223
0.24484
0.00000
0.00000
0.00000
0.00000
0.00000
0.00000
0.00000
0.00000
0.00000
0.00000
0.00000
0.00964
0.05961
0.13855
0.23510
0.33539
0.42501
0.49107
0.52407
0.51928
0.47738
0.40439
0.31081
0.21008
0.00000
0.00000
0.00000
0.00000
0.00000
0.00000
0.00000
0.00000
0.00000
0.00000
0.00000
0.01378
0.08518
0.19796
0.33592
0.47923
0.60728
0.70167
0.74883
0.74198
0.68210
0.57781
0.44410
0.30017
0.00000
0.00000
0.00000
0.00000
0.00000
0.00000
0.00000
0.00000
0.00000
0.00000
0.00000
0.01020
0.06304
0.14652
0.24863
0.35470
0.44948
0.51934
0.55425
0.54918
0.50486
0.42767
0.32870
0.22218
0.00000
0.00000
0.00000
0.00000
0.00000
0.00000
0.00000
0.00000
0.00000
0.00000
0.00000
0.01733
0.05144
0.10926
0.18227
0.25971
0.33019
0.38330
0.41123
0.40987
0.37941
0.32434
0.25278
0.17526
0.10321
0.00000
0.00000
0.00000
0.00000
0.00000
0.00000
0.00000
0.00000
0.00000
0.00000
0.02543
0.07547
0.16030
0.26741
0.38103
0.48442
0.56235
0.60333
0.60133
0.55664
0.47585
0.37085
0.25713
0.15142
0.00000
0.00000
0.00000
0.00000
0.00000
0.00000
0.00000
0.00000
0.00000
0.00000
0.02262
0.06714
0.14261
0.23790
0.33899
0.43097
0.50030
0.53676
0.53498
0.49522
0.42334
0.32993
0.22875
0.13471
0.00000
0.00000
0.00000
0.00000
0.00000
0.00000
0.00000
0.00000
0.00000
0.00000
0.02229
0.06615
0.14050
0.23439
0.33399
0.42461
0.49291
0.52883
0.52708
0.48791
0.41709
0.32506
0.22538
0.13273
0.00000
0.00000
0.00000
0.00000
0.00000
0.00000
0.00000
0.00000
0.00000
0.00000
0.02353
0.06984
0.14835
0.24748
0.35263
0.44831
0.52043
0.55836
0.55651
0.51515
0.44038
0.34321
0.23796
0.14014
0.00000
0.00000
0.00000
0.00000
0.00000
0.00000
0.00000
0.00000
0.00000
0.00000
0.02444
0.07254
0.15408
0.25705
0.36627
0.46565
0.54056
0.57995
0.57803
0.53507
0.45741
0.35648
0.24716
0.14556
0.00000
0.00000
0.00000
0.00000
0.00000
0.00000
0.00000
0.00000
0.00000
0.00000
0.02268
0.06731
0.14297
0.23851
0.33985
0.43206
0.50156
0.53812
0.53633
0.49647
0.42441
0.33077
0.22933
0.13506
0.00000
0.00000
0.00000
0.00000
0.00000
0.00000
0.00000
0.00000
0.00000
0.00000
0.01575
0.04676
0.09931
0.16568
0.23607
0.30013
0.34841
0.37380
0.37256
0.34487
0.29482
0.22977
0.15931
0.09382
0.00000
0.00000
0.00000
0.00000
0.00000
0.00000
0.00000
0.00000
0.00000
0.00000
0.01993
0.05915
0.12563
0.20958
0.29863
0.37966
0.44074
0.47286
0.47129
0.43626
0.37294
0.29065
0.20152
0.11868
0.00000
0.00000
0.00000
0.00000
0.00000
0.00000
0.00000
0.00000
0.00000
0.00000
0.01927
0.05718
0.12146
0.20263
0.28872
0.36706
0.42611
0.45716
0.45565
0.42178
0.36056
0.28101
0.19483
0.11474
0.00000
0.00000
0.00000
0.00000
0.00000
0.00000
0.00000
0.00000
0.00000
0.00000
0.01505
0.04468
0.09489
0.15831
0.22557
0.28678
0.33291
0.35717
0.35599
0.32953
0.28170
0.21955
0.15222
0.08964
0.00000
0.00000
0.00000
0.00000
0.00000
0.00000
0.00000
0.00000
0.00000
0.00000
0.01945
0.05774
0.12264
0.20459
0.29152
0.37062
0.43024
0.46159
0.46006
0.42587
0.36406
0.28373
0.19672
0.11585
0.00000
0.00000
0.00000
0.00000
0.00000
0.00000
0.00000
0.00000
0.00000
0.00000
0.02127
0.06312
0.13407
0.22366
0.31869
0.40516
0.47034
0.50461
0.50294
0.46556
0.39799
0.31017
0.21505
0.12665
0.00000
0.00000
0.00000
0.00000
0.00000
0.00000
0.00000
0.00000
0.00000
0.00000
0.02054
0.06097
0.12950
0.21603
0.30782
0.39134
0.45430
0.48740
0.48579
0.44969
0.38442
0.29960
0.20772
0.12233
0.00000
0.00000
0.00000
0.00000
0.00000
0.00000
0.00000
0.00000
0.00000
0.00000
0.01942
0.05763
0.12241
0.20421
0.29098
0.36994
0.42945
0.46074
0.45921
0.42509
0.36339
0.28321
0.19636
0.11564
0.00000
0.00000
0.00000
0.00000
0.00000
0.00000
0.00000
0.00000
0.00000
0.00000
0.01625
0.04823
0.10244
0.17090
0.24352
0.30959
0.35939
0.38558
0.38431
0.35574
0.30411
0.23701
0.16433
0.09677
0.00000
0.00000
0.00000
0.00000
0.00000
0.00000
0.00000
0.00000
0.00000
0.00000
0.01658
0.04922
0.10455
0.17441
0.24852
0.31595
0.36677
0.39350
0.39220
0.36305
0.31036
0.24188
0.16770
0.09876
0.00000
0.00000
0.00000
0.00000
0.00000
0.00000
0.00000
0.00000
0.00000
0.00000
0.01714
0.05086
0.10803
0.18021
0.25679
0.32646
0.37898
0.40660
0.40525
0.37513
0.32068
0.24993
0.17328
0.10205
0.00000
0.00000
0.00000
0.00000
0.00000
0.00000
0.00000
0.00000
0.00000
0.00000
0.01680
0.04985
0.10588
0.17663
0.25168
0.31997
0.37144
0.39851
0.39719
0.36767
0.31431
0.24496
0.16984
0.10002
0.00000
0.00000
0.00000
0.00000
0.00000
0.00000
0.00000
0.00000
0.00000
0.00000
0.02275
0.06753
0.14343
0.23927
0.34093
0.43344
0.50317
0.53984
0.53805
0.49806
0.42577
0.33183
0.23007
0.13549
0.00000
0.00000
0.00000
0.00000
0.00000
0.00000
0.00000
0.00000
0.00000
0.00000
0.02040
0.06055
0.12860
0.21453
0.30569
0.38864
0.45115
0.48403
0.48243
0.44657
0.38176
0.29752
0.20628
0.12148
0.00000
0.00000
0.00000
0.00000
0.00000
0.00000
0.00000
0.00000
0.00000
0.00000
0.02047
0.06077
0.12907
0.21533
0.30682
0.39007
0.45282
0.48582
0.48421
0.44823
0.38317
0.29862
0.20705
0.12193
0.00000
0.00000
0.00000
0.00000
0.00000
0.00000
0.00000
0.00000
0.00000
0.00000
0.01579
0.04685
0.09951
0.16601
0.23655
0.30073
0.34911
0.37455
0.37331
0.34557
0.29541
0.23023
0.15963
0.09400
0.00000
0.00000
0.00000
0.00000
0.00000
0.00000
0.00000
0.00000
0.00000
0.00000
0.02341
0.06949
0.14760
0.24622
0.35084
0.44604
0.51780
0.55553
0.55369
0.51254
0.43815
0.34147
0.23676
0.13943
0.00000
0.00000
0.00000
0.00000
0.00000
0.00000
0.00000
0.00000
0.00000
0.00000
0.02989
0.08872
0.18843
0.31435
0.44791
0.56945
0.66106
0.70923
0.70688
0.65435
0.55937
0.43595
0.30226
0.17800
0.00000
0.00000
0.00000
0.00000
0.00000
0.00000
0.00000
0.00000
0.00000
0.00000
0.02695
0.07998
0.16988
0.28341
0.40383
0.51340
0.59599
0.63943
0.63730
0.58994
0.50431
0.39304
0.27251
0.16048
0.00000
0.00000
0.00000
0.00000
0.00000
0.00000
0.00000
0.00000
0.00000
0.00000
0.00868
0.02576
0.05470
0.09126
0.13004
0.16532
0.19192
0.20590
0.20522
0.18997
0.16240
0.12656
0.08775
0.05168
0.00000
0.00000
0.00000
0.00000
0.00000
0.00000
0.00000
0.00000
0.00000
0.00000
0.02415
0.07167
0.15223
0.25396
0.36186
0.46005
0.53406
0.57297
0.57107
0.52863
0.45191
0.35219
0.24419
0.14380
0.00000
0.00000
0.00000
0.00000
0.00000
0.00000
0.00000
0.00000
0.00000
0.00000
0.02065
0.06128
0.13015
0.21713
0.30939
0.39334
0.45661
0.48988
0.48826
0.45197
0.38637
0.30112
0.20878
0.12295
0.00000
0.00000
0.00000
0.00000
0.00000
0.00000
0.00000
0.00000
0.00000
0.00000
0.02686
0.07972
0.16933
0.28249
0.40251
0.51173
0.59405
0.63735
0.63523
0.58802
0.50267
0.39176
0.27162
0.15996
0.00000
0.00000
0.00000
0.00000
0.00000
0.00000
0.00000
0.00000
0.00000
0.00000
0.02065
0.06128
0.13017
0.21715
0.30942
0.39338
0.45666
0.48994
0.48832
0.45203
0.38642
0.30116
0.20880
0.12296
0.00000
0.00000
0.00000
0.00000
0.00000
0.00000
0.00000
0.00000
0.00000
0.00000
0.01486
0.07097
0.16605
0.28599
0.41303
0.52831
0.61475
0.65954
0.65602
0.60473
0.51327
0.39520
0.26802
0.00000
0.00000
0.00000
0.00000
0.00000
0.00000
0.00000
0.00000
0.00000
0.00000
0.00000
0.00524
0.02503
0.05856
0.10086
0.14566
0.18632
0.21680
0.23259
0.23136
0.21327
0.18101
0.13937
0.09452
0.00000
0.00000
0.00000
0.00000
0.00000
0.00000
0.00000
0.00000
0.00000
0.00000
0.00000
0.01504
0.07184
0.16808
0.28950
0.41809
0.53479
0.62229
0.66762
0.66407
0.61215
0.51956
0.40004
0.27130
0.00000
0.00000
0.00000
0.00000
0.00000
0.00000
0.00000
0.00000
0.00000
0.00000
0.00000
0.01441
0.06882
0.16102
0.27734
0.40053
0.51232
0.59615
0.63957
0.63617
0.58643
0.49773
0.38323
0.25990
0.00000
0.00000
0.00000
0.00000
0.00000
0.00000
0.00000
0.00000
0.00000
0.00000
0.00000
0.00950
0.04540
0.10622
0.18295
0.26422
0.33796
0.39326
0.42191
0.41966
0.38685
0.32834
0.25281
0.17145
0.00000
0.00000
0.00000
0.00000
0.00000
0.00000
0.00000
0.00000
0.00000
0.00000
0.00000
0.01041
0.04971
0.11630
0.20031
0.28928
0.37002
0.43057
0.46193
0.45947
0.42355
0.35949
0.27679
0.18772
0.00000
0.00000
0.00000
0.00000
0.00000
0.00000
0.00000
0.00000
0.00000
0.00000
0.00000
0.01228
0.05866
0.13725
0.23639
0.34139
0.43668
0.50813
0.54514
0.54224
0.49984
0.42425
0.32665
0.22153
0.00000
0.00000
0.00000
0.00000
0.00000
0.00000
0.00000
0.00000
0.00000
0.00000
0.00000
0.02066
0.09869
0.23092
0.39773
0.57439
0.73471
0.85492
0.91720
0.91232
0.84099
0.71379
0.54959
0.37273
0.00000
0.00000
0.00000
0.00000
0.00000
0.00000
0.00000
0.00000
0.00000
0.00000
0.00000
0.01401
0.06694
0.15661
0.26975
0.38957
0.49830
0.57983
0.62207
0.61876
0.57038
0.48411
0.37275
0.25279
0.00000
0.00000
0.00000
0.00000
0.00000
0.00000
0.00000
0.00000
0.00000
0.00000
0.00000
0.01653
0.07897
0.18477
0.31824
0.45959
0.58787
0.68406
0.73390
0.72999
0.67291
0.57114
0.43975
0.29823
0.00000
0.00000
0.00000
0.00000
0.00000
0.00000
0.00000
0.00000
0.00000
0.00000
0.00000
0.01242
0.05934
0.13883
0.23911
0.34532
0.44171
0.51398
0.55142
0.54849
0.50560
0.42913
0.33041
0.22408
0.00000
0.00000
0.00000
0.00000
0.00000
0.00000
0.00000
0.00000
0.00000
0.00000
0.00000
0.01712
0.08178
0.19134
0.32957
0.47595
0.60880
0.70841
0.76002
0.75597
0.69687
0.59147
0.45541
0.30885
0.00000
0.00000
0.00000
0.00000
0.00000
0.00000
0.00000
0.00000
0.00000
0.00000
0.00000
0.01678
0.08014
0.18751
0.32296
0.46642
0.59660
0.69422
0.74479
0.74083
0.68291
0.57962
0.44628
0.30266
0.00000
0.00000
0.00000
0.00000
0.00000
0.00000
0.00000
0.00000
0.00000
0.00000
0.00000
0.01325
0.06328
0.14805
0.25500
0.36826
0.47105
0.54813
0.58806
0.58492
0.53919
0.45764
0.35236
0.23897
0.00000
0.00000
0.00000
0.00000
0.00000
0.00000
0.00000
0.00000
0.00000
0.00000
0.00000
0.01498
0.07155
0.16741
0.28835
0.41643
0.53266
0.61981
0.66497
0.66142
0.60971
0.51750
0.39845
0.27022
0.00000
0.00000
0.00000
0.00000
0.00000
0.00000
0.00000
0.00000
0.00000
0.00000
0.00000
0.01171
0.05594
0.13089
0.22544
0.32558
0.41646
0.48460
0.51990
0.51713
0.47670
0.40460
0.31152
0.21127
0.00000
0.00000
0.00000
0.00000
0.00000
0.00000
0.00000
0.00000
0.00000
0.00000
0.00000
0.01214
0.05799
0.13567
0.23368
0.33748
0.43167
0.50230
0.53890
0.53603
0.49412
0.41938
0.32291
0.21899
0.00000
0.00000
0.00000
0.00000
0.00000
0.00000
0.00000
0.00000
0.00000
0.00000
0.00000
0.01182
0.05649
0.13216
0.22763
0.32873
0.42049
0.48929
0.52494
0.52214
0.48132
0.40852
0.31454
0.21332
0.00000
0.00000
0.00000
0.00000
0.00000
0.00000
0.00000
0.00000
0.00000
0.00000
0.00000
0.01149
0.05488
0.12839
0.22114
0.31937
0.40851
0.47535
0.50998
0.50726
0.46760
0.39688
0.30558
0.20724
0.00000
0.00000
0.00000
0.00000
0.00000
0.00000
0.00000
0.00000
0.00000
0.00000
0.00000
0.01045
0.04994
0.11684
0.20124
0.29062
0.37174
0.43257
0.46408
0.46161
0.42552
0.36116
0.27808
0.18859
0.00000
0.00000
0.00000
0.00000
0.00000
0.00000
0.00000
0.00000
0.00000
0.00000
0.00000
0.01765
0.08432
0.19728
0.33980
0.49073
0.62770
0.73041
0.78361
0.77944
0.71850
0.60983
0.46954
0.31844
0.00000
0.00000
0.00000
0.00000
0.00000
0.00000
0.00000
0.00000
0.00000
0.00000
0.00000
0.01739
0.08305
0.19432
0.33469
0.48335
0.61826
0.71942
0.77183
0.76772
0.70770
0.60066
0.46248
0.31365
0.00000
0.00000
0.00000
0.00000
0.00000
0.00000
0.00000
0.00000
0.00000
0.00000
0.00000
0.01243
0.05936
0.13889
0.23922
0.34548
0.44190
0.51421
0.55167
0.54873
0.50583
0.42932
0.33056
0.22418
0.00000
0.00000
0.00000
0.00000
0.00000
0.00000
0.00000
0.00000
0.00000
0.00000
0.00000
0.01110
0.05304
0.12409
0.21373
0.30866
0.39481
0.45941
0.49288
0.49026
0.45193
0.38357
0.29534
0.20029
0.00000
0.00000
0.00000
0.00000
0.00000
0.00000
0.00000
0.00000
0.00000
0.00000
0.00000
0.01124
0.05368
0.12559
0.21632
0.31240
0.39959
0.46498
0.49885
0.49619
0.45740
0.38822
0.29891
0.20272
0.00000
0.00000
0.00000
0.00000
0.00000
0.00000
0.00000
0.00000
0.00000
0.00000
0.00000
0.01231
0.05878
0.13754
0.23689
0.34211
0.43760
0.50920
0.54629
0.54338
0.50090
0.42514
0.32734
0.22200
0.00000
0.00000
0.00000
0.00000
0.00000
0.00000
0.00000
0.00000
0.00000
0.00000
0.00000
0.01383
0.06607
0.15458
0.26624
0.38450
0.49182
0.57229
0.61398
0.61071
0.56296
0.47782
0.36790
0.24950
0.00000
0.00000
0.00000
0.00000
0.00000
0.00000
0.00000
0.00000
0.00000
0.00000
0.00000
0.01175
0.05612
0.13129
0.22614
0.32658
0.41774
0.48609
0.52150
0.51872
0.47817
0.40585
0.31249
0.21192
0.00000
0.00000
0.00000
0.00000
0.00000
0.00000
0.00000
0.00000
0.00000
0.00000
0.00000
0.00748
0.03573
0.08359
0.14398
0.20793
0.26597
0.30949
0.33203
0.33026
0.30444
0.25840
0.19896
0.13493
0.00000
0.00000
0.00000
0.00000
0.00000
0.00000
0.00000
0.00000
0.00000
0.00000
0.00000
0.01574
0.07519
0.17592
0.30300
0.43759
0.55973
0.65131
0.69876
0.69504
0.64070
0.54379
0.41870
0.28395
0.00000
0.00000
0.00000
0.00000
0.00000
0.00000
0.00000
0.00000
0.00000
0.00000
0.00000
0.01321
0.06311
0.14766
0.25433
0.36729
0.46981
0.54668
0.58651
0.58338
0.53777
0.45644
0.35144
0.23834
0.00000
0.00000
0.00000
0.00000
0.00000
0.00000
0.00000
0.00000
0.00000
0.00000
0.00000
0.01319
0.08023
0.19090
0.32846
0.47208
0.60000
0.69286
0.73660
0.72458
0.65864
0.54876
0.41157
0.26785
0.00000
0.00000
0.00000
0.00000
0.00000
0.00000
0.00000
0.00000
0.00000
0.00000
0.00000
0.01189
0.07228
0.17199
0.29593
0.42532
0.54057
0.62423
0.66363
0.65281
0.59340
0.49440
0.37080
0.24132
0.00000
0.00000
0.00000
0.00000
0.00000
0.00000
0.00000
0.00000
0.00000
0.00000
0.00000
0.01180
0.07175
0.17074
0.29378
0.42223
0.53664
0.61969
0.65881
0.64807
0.58909
0.49081
0.36811
0.23957
0.00000
0.00000
0.00000
0.00000
0.00000
0.00000
0.00000
0.00000
0.00000
0.00000
0.00000
0.01066
0.06483
0.15428
0.26545
0.38151
0.48489
0.55993
0.59528
0.58557
0.53228
0.44348
0.33261
0.21646
0.00000
0.00000
0.00000
0.00000
0.00000
0.00000
0.00000
0.00000
0.00000
0.00000
0.00000
0.00860
0.05232
0.12449
0.21419
0.30784
0.39126
0.45181
0.48033
0.47250
0.42950
0.35784
0.26838
0.17467
0.00000
0.00000
0.00000
0.00000
0.00000
0.00000
0.00000
0.00000
0.00000
0.00000
0.00000
0.01175
0.07146
0.17005
0.29258
0.42051
0.53446
0.61717
0.65613
0.64543
0.58669
0.48881
0.36661
0.23859
0.00000
0.00000
0.00000
0.00000
0.00000
0.00000
0.00000
0.00000
0.00000
0.00000
0.00000
0.01020
0.06201
0.14756
0.25388
0.36488
0.46376
0.53553
0.56934
0.56005
0.50908
0.42415
0.31812
0.20703
0.00000
0.00000
0.00000
0.00000
0.00000
0.00000
0.00000
0.00000
0.00000
0.00000
0.00000
0.01240
0.07541
0.17943
0.30873
0.44371
0.56395
0.65123
0.69233
0.68104
0.61906
0.51578
0.38684
0.25176
0.00000
0.00000
0.00000
0.00000
0.00000
0.00000
0.00000
0.00000
0.00000
0.00000
0.00000
0.00976
0.05936
0.14126
0.24305
0.34932
0.44397
0.51268
0.54505
0.53616
0.48736
0.40605
0.30454
0.19820
0.00000
0.00000
0.00000
0.00000
0.00000
0.00000
0.00000
0.00000
0.00000
0.00000
0.00000
0.00621
0.03774
0.08980
0.15451
0.22207
0.28225
0.32593
0.34651
0.34085
0.30984
0.25814
0.19361
0.12600
0.00000
0.00000
0.00000
0.00000
0.00000
0.00000
0.00000
0.00000
0.00000
0.00000
0.00000
0.01105
0.06719
0.15989
0.27510
0.39538
0.50252
0.58029
0.61692
0.60686
0.55164
0.45960
0.34470
0.22434
0.00000
0.00000
0.00000
0.00000
0.00000
0.00000
0.00000
0.00000
0.00000
0.00000
0.00000
0.01186
0.07213
0.17163
0.29531
0.42443
0.53944
0.62292
0.66224
0.65144
0.59216
0.49336
0.37003
0.24081
0.00000
0.00000
0.00000
0.00000
0.00000
0.00000
0.00000
0.00000
0.00000
0.00000
0.00000
0.01248
0.07589
0.18059
0.31072
0.44658
0.56759
0.65543
0.69680
0.68544
0.62306
0.51911
0.38934
0.25338
0.00000
0.00000
0.00000
0.00000
0.00000
0.00000
0.00000
0.00000
0.00000
0.00000
0.00000
0.01208
0.07348
0.17484
0.30083
0.43237
0.54953
0.63458
0.67463
0.66363
0.60324
0.50260
0.37695
0.24532
0.00000
0.00000
0.00000
0.00000
0.00000
0.00000
0.00000
0.00000
0.00000
0.00000
0.00000
0.00940
0.05716
0.13601
0.23402
0.33634
0.42748
0.49364
0.52480
0.51624
0.46926
0.39097
0.29323
0.19084
0.00000
0.00000
0.00000
0.00000
0.00000
0.00000
0.00000
0.00000
0.00000
0.00000
0.00000
0.01391
0.08457
0.20125
0.34626
0.49766
0.63252
0.73041
0.77651
0.76385
0.69433
0.57849
0.43387
0.28237
0.00000
0.00000
0.00000
0.00000
0.00000
0.00000
0.00000
0.00000
0.00000
0.00000
0.00000
0.01350
0.08211
0.19538
0.33616
0.48314
0.61406
0.70910
0.75386
0.74156
0.67408
0.56162
0.42122
0.27413
0.00000
0.00000
0.00000
0.00000
0.00000
0.00000
0.00000
0.00000
0.00000
0.00000
0.00000
0.01031
0.06268
0.14916
0.25664
0.36885
0.46880
0.54135
0.57552
0.56614
0.51462
0.42876
0.32157
0.20928
0.00000
0.00000
0.00000
0.00000
0.00000
0.00000
0.00000
0.00000
0.00000
0.00000
0.00000
0.00926
0.05632
0.13403
0.23060
0.33143
0.42124
0.48643
0.51714
0.50870
0.46241
0.38526
0.28895
0.18805
0.00000
0.00000
0.00000
0.00000
0.00000
0.00000
0.00000
0.00000
0.00000
0.00000
0.00000
0.01128
0.06859
0.16322
0.28084
0.40363
0.51300
0.59240
0.62979
0.61952
0.56314
0.46919
0.35189
0.22901
0.00000
0.00000
0.00000
0.00000
0.00000
0.00000
0.00000
0.00000
0.00000
0.00000
0.00000
0.01204
0.07319
0.17416
0.29965
0.43066
0.54736
0.63208
0.67197
0.66102
0.60086
0.50062
0.37546
0.24435
0.00000
0.00000
0.00000
0.00000
0.00000
0.00000
0.00000
0.00000
0.00000
0.00000
0.00000
0.01422
0.08648
0.20579
0.35408
0.50890
0.64680
0.74690
0.79405
0.78110
0.71002
0.59156
0.44367
0.28875
0.00000
0.00000
0.00000
0.00000
0.00000
0.00000
0.00000
0.00000
0.00000
0.00000
0.00000
0.01519
0.09235
0.21974
0.37809
0.54340
0.69064
0.79753
0.84787
0.83404
0.75814
0.63166
0.47375
0.30832
0.00000
0.00000
0.00000
0.00000
0.00000
0.00000
0.00000
0.00000
0.00000
0.00000
0.00000
0.01044
0.06350
0.15109
0.25997
0.37363
0.47488
0.54837
0.58298
0.57348
0.52129
0.43432
0.32574
0.21199
0.00000
0.00000
0.00000
0.00000
0.00000
0.00000
0.00000
0.00000
0.00000
0.00000
0.00000
0.01414
0.08599
0.20462
0.35207
0.50600
0.64311
0.74264
0.78952
0.77665
0.70597
0.58819
0.44114
0.28710
0.00000
0.00000
0.00000
0.00000
0.00000
0.00000
0.00000
0.00000
0.00000
0.00000
0.00000
0.00770
0.04680
0.11137
0.19162
0.27540
0.35003
0.40420
0.42971
0.42271
0.38424
0.32013
0.24010
0.15626
0.00000
0.00000
0.00000
0.00000
0.00000
0.00000
0.00000
0.00000
0.00000
0.00000
0.00000
0.01273
0.07739
0.18416
0.31686
0.45540
0.57880
0.66838
0.71057
0.69898
0.63537
0.52937
0.39703
0.25839
0.00000
0.00000
0.00000
0.00000
0.00000
0.00000
0.00000
0.00000
0.00000
0.00000
0.00000
0.01101
0.06697
0.15936
0.27419
0.39408
0.50087
0.57838
0.61489
0.60487
0.54982
0.45809
0.34357
0.22360
0.00000
0.00000
0.00000
0.00000
0.00000
0.00000
0.00000
0.00000
0.00000
0.00000
0.00000
0.00989
0.06014
0.14310
0.24622
0.35387
0.44976
0.51937
0.55215
0.54314
0.49371
0.41135
0.30851
0.20078
0.00000
0.00000
0.00000
0.00000
0.00000
0.00000
0.00000
0.00000
0.00000
0.00000
0.00000
0.01171
0.07124
0.16951
0.29166
0.41918
0.53277
0.61522
0.65406
0.64339
0.58484
0.48727
0.36545
0.23784
0.00000
0.00000
0.00000
0.00000
0.00000
0.00000
0.00000
0.00000
0.00000
0.00000
0.00000
0.00624
0.04343
0.10516
0.18149
0.26012
0.32836
0.37522
0.39315
0.37926
0.33578
0.26973
0.19175
0.11440
0.00000
0.00000
0.00000
0.00000
0.00000
0.00000
0.00000
0.00000
0.00000
0.00000
0.00000
0.01137
0.07919
0.19176
0.33094
0.47431
0.59875
0.68420
0.71689
0.69156
0.61228
0.49183
0.34964
0.20861
0.00000
0.00000
0.00000
0.00000
0.00000
0.00000
0.00000
0.00000
0.00000
0.00000
0.00000
0.01143
0.07962
0.19280
0.33274
0.47688
0.60199
0.68791
0.72078
0.69530
0.61560
0.49450
0.35153
0.20974
0.00000
0.00000
0.00000
0.00000
0.00000
0.00000
0.00000
0.00000
0.00000
0.00000
0.00000
0.01288
0.08965
0.21710
0.37467
0.53698
0.67786
0.77460
0.81162
0.78293
0.69318
0.55682
0.39584
0.23617
0.00000
0.00000
0.00000
0.00000
0.00000
0.00000
0.00000
0.00000
0.00000
0.00000
0.00000
0.01296
0.09020
0.21843
0.37697
0.54027
0.68202
0.77935
0.81659
0.78774
0.69743
0.56024
0.39826
0.23762
0.00000
0.00000
0.00000
0.00000
0.00000
0.00000
0.00000
0.00000
0.00000
0.00000
0.00000
0.01129
0.07859
0.19030
0.32843
0.47071
0.59420
0.67900
0.71145
0.68630
0.60763
0.48810
0.34698
0.20702
0.00000
0.00000
0.00000
0.00000
0.00000
0.00000
0.00000
0.00000
0.00000
0.00000
0.00000
0.01106
0.07699
0.18644
0.32176
0.46114
0.58213
0.66520
0.69699
0.67236
0.59528
0.47818
0.33993
0.20282
0.00000
0.00000
0.00000
0.00000
0.00000
0.00000
0.00000
0.00000
0.00000
0.00000
0.00000
0.01152
0.08023
0.19428
0.33530
0.48055
0.60663
0.69320
0.72633
0.70066
0.62034
0.49831
0.35424
0.21135
0.00000
0.00000
0.00000
0.00000
0.00000
0.00000
0.00000
0.00000
0.00000
0.00000
0.00000
0.00958
0.06669
0.16151
0.27873
0.39948
0.50429
0.57626
0.60379
0.58246
0.51568
0.41424
0.29448
0.17570
0.00000
0.00000
0.00000
0.00000
0.00000
0.00000
0.00000
0.00000
0.00000
0.00000
0.00000
0.00875
0.06093
0.14754
0.25462
0.36492
0.46066
0.52640
0.55156
0.53207
0.47107
0.37841
0.26900
0.16050
0.00000
0.00000
0.00000
0.00000
0.00000
0.00000
0.00000
0.00000
0.00000
0.00000
0.00000
0.00557
0.03876
0.09386
0.16198
0.23215
0.29305
0.33488
0.35088
0.33848
0.29968
0.24073
0.17113
0.10210
0.00000
0.00000
0.00000
0.00000
0.00000
0.00000
0.00000
0.00000
0.00000
0.00000
0.00000
0.01150
0.08009
0.19395
0.33473
0.47973
0.60559
0.69202
0.72509
0.69946
0.61928
0.49746
0.35363
0.21099
0.00000
0.00000
0.00000
0.00000
0.00000
0.00000
0.00000
0.00000
0.00000
0.00000
0.00000
0.00825
0.05747
0.13918
0.24019
0.34425
0.43456
0.49658
0.52031
0.50192
0.44438
0.35697
0.25376
0.15140
0.00000
0.00000
0.00000
0.00000
0.00000
0.00000
0.00000
0.00000
0.00000
0.00000
0.00000
0.01147
0.07986
0.19338
0.33375
0.47833
0.60382
0.68999
0.72296
0.69741
0.61746
0.49600
0.35260
0.21037
0.00000
0.00000
0.00000
0.00000
0.00000
0.00000
0.00000
0.00000
0.00000
0.00000
0.00000
0.01222
0.08511
0.20609
0.35568
0.50976
0.64350
0.73534
0.77048
0.74325
0.65805
0.52860
0.37577
0.22420
0.00000
0.00000
0.00000
0.00000
0.00000
0.00000
0.00000
0.00000
0.00000
0.00000
0.00000
0.00842
0.05863
0.14198
0.24504
0.35119
0.44333
0.50660
0.53081
0.51205
0.45335
0.36417
0.25888
0.15446
0.00000
0.00000
0.00000
0.00000
0.00000
0.00000
0.00000
0.00000
0.00000
0.00000
0.00000
0.01202
0.08370
0.20270
0.34982
0.50136
0.63289
0.72322
0.75778
0.73100
0.64720
0.51988
0.36958
0.22050
0.00000
0.00000
0.00000
0.00000
0.00000
0.00000
0.00000
0.00000
0.00000
0.00000
0.00000
0.00504
0.03507
0.08492
0.14656
0.21005
0.26516
0.30300
0.31748
0.30626
0.27115
0.21781
0.15484
0.09238
0.00000
0.00000
0.00000
0.00000
0.00000
0.00000
0.00000
0.00000
0.00000
0.00000
0.00000
0.00082
0.00573
0.01387
0.02393
0.03430
0.04329
0.04947
0.05184
0.05001
0.04427
0.03556
0.02528
0.01508
0.00000
0.00000
0.00000
0.00000
0.00000
0.00000
0.00000
0.00000
0.00000
0.00000
0.00000
0.00780
0.05434
0.13159
0.22710
0.32548
0.41088
0.46952
0.49195
0.47457
0.42016
0.33751
0.23993
0.14315
0.00000
0.00000
0.00000
0.00000
0.00000
0.00000
0.00000
0.00000
0.00000
0.00000
0.00000
0.00995
0.06928
0.16778
0.28955
0.41499
0.52386
0.59862
0.62723
0.60506
0.53570
0.43032
0.30591
0.18252
0.00000
0.00000
0.00000
0.00000
0.00000
0.00000
0.00000
0.00000
0.00000
0.00000
0.00000
0.00760
0.05289
0.12809
0.22106
0.31682
0.39994
0.45702
0.47886
0.46194
0.40898
0.32853
0.23355
0.13934
0.00000
0.00000
0.00000
0.00000
0.00000
0.00000
0.00000
0.00000
0.00000
0.00000
0.00000
0.01078
0.07503
0.18170
0.31358
0.44942
0.56732
0.64829
0.67927
0.65526
0.58015
0.46602
0.33129
0.19766
0.00000
0.00000
0.00000
0.00000
0.00000
0.00000
0.00000
0.00000
0.00000
0.00000
0.00000
0.01047
0.07293
0.17659
0.30477
0.43680
0.55140
0.63009
0.66020
0.63687
0.56386
0.45294
0.32199
0.19211
0.00000
0.00000
0.00000
0.00000
0.00000
0.00000
0.00000
0.00000
0.00000
0.00000
0.00000
0.00970
0.06752
0.16351
0.28218
0.40442
0.51052
0.58339
0.61126
0.58966
0.52206
0.41937
0.29812
0.17787
0.00000
0.00000
0.00000
0.00000
0.00000
0.00000
0.00000
0.00000
0.00000
0.00000
0.00000
0.01276
0.08883
0.21510
0.37122
0.53204
0.67162
0.76747
0.80414
0.77572
0.68680
0.55169
0.39219
0.23400
0.00000
0.00000
0.00000
0.00000
0.00000
0.00000
0.00000
0.00000
0.00000
0.00000
0.00000
0.00877
0.06105
0.14783
0.25514
0.36566
0.46159
0.52747
0.55267
0.53314
0.47203
0.37917
0.26955
0.16082
0.00000
0.00000
0.00000
0.00000
0.00000
0.00000
0.00000
0.00000
0.00000
0.00000
0.00000
0.01246
0.08673
0.21004
0.36249
0.51951
0.65581
0.74940
0.78521
0.75746
0.67063
0.53871
0.38296
0.22849
0.00000
0.00000
0.00000
0.00000
0.00000
0.00000
0.00000
0.00000
0.00000
0.00000
0.00000
0.01255
0.08738
0.21161
0.36520
0.52341
0.66072
0.75502
0.79110
0.76314
0.67566
0.54274
0.38583
0.23020
0.00000
0.00000
0.00000
0.00000
0.00000
0.00000
0.00000
0.00000
0.00000
0.00000
0.00000
0.01005
0.06996
0.16941
0.29238
0.41903
0.52897
0.60446
0.63334
0.61096
0.54092
0.43451
0.30889
0.18429
0.00000
0.00000
0.00000
0.00000
0.00000
0.00000
0.00000
0.00000
0.00000
0.00000
0.00000
0.00782
0.05444
0.13182
0.22751
0.32606
0.41160
0.47035
0.49282
0.47541
0.42091
0.33811
0.24036
0.14341
0.00000
0.00000
0.00000
0.00000
0.00000
0.00000
0.00000
0.00000
0.00000
0.00000
0.00000
0.00000
0.04349
0.14442
0.26968
0.39874
0.51045
0.58648
0.61439
0.58959
0.51615
0.40610
0.27749
0.15140
0.00000
0.00000
0.00000
0.00000
0.00000
0.00000
0.00000
0.00000
0.00000
0.00000
0.00000
0.00000
0.03438
0.11418
0.21321
0.31526
0.40357
0.46369
0.48575
0.46615
0.40808
0.32107
0.21939
0.11970
0.00000
0.00000
0.00000
0.00000
0.00000
0.00000
0.00000
0.00000
0.00000
0.00000
0.00000
0.00000
0.03610
0.11988
0.22386
0.33099
0.42372
0.48684
0.51000
0.48941
0.42845
0.33710
0.23034
0.12568
0.00000
0.00000
0.00000
0.00000
0.00000
0.00000
0.00000
0.00000
0.00000
0.00000
0.00000
0.00000
0.04599
0.15273
0.28521
0.42171
0.53985
0.62026
0.64978
0.62355
0.54587
0.42949
0.29348
0.16012
0.00000
0.00000
0.00000
0.00000
0.00000
0.00000
0.00000
0.00000
0.00000
0.00000
0.00000
0.00000
0.02801
0.09303
0.17373
0.25687
0.32883
0.37782
0.39579
0.37982
0.33250
0.26161
0.17876
0.09754
0.00000
0.00000
0.00000
0.00000
0.00000
0.00000
0.00000
0.00000
0.00000
0.00000
0.00000
0.00000
0.04021
0.13353
0.24936
0.36869
0.47198
0.54229
0.56809
0.54516
0.47725
0.37550
0.25658
0.13999
0.00000
0.00000
0.00000
0.00000
0.00000
0.00000
0.00000
0.00000
0.00000
0.00000
0.00000
0.00000
0.03619
0.12018
0.22442
0.33182
0.42478
0.48805
0.51128
0.49064
0.42952
0.33794
0.23092
0.12599
0.00000
0.00000
0.00000
0.00000
0.00000
0.00000
0.00000
0.00000
0.00000
0.00000
0.00000
0.00000
0.03595
0.11939
0.22295
0.32965
0.42201
0.48487
0.50794
0.48744
0.42672
0.33574
0.22941
0.12517
0.00000
0.00000
0.00000
0.00000
0.00000
0.00000
0.00000
0.00000
0.00000
0.00000
0.00000
0.00000
0.04114
0.13661
0.25510
0.37718
0.48285
0.55477
0.58117
0.55771
0.48824
0.38414
0.26249
0.14322
0.00000
0.00000
0.00000
0.00000
0.00000
0.00000
0.00000
0.00000
0.00000
0.00000
0.00000
0.00000
0.02092
0.06946
0.12972
0.19180
0.24553
0.28210
0.29552
0.28359
0.24827
0.19534
0.13347
0.07283
0.00000
0.00000
0.00000
0.00000
0.00000
0.00000
0.00000
0.00000
0.00000
0.00000
0.00000
0.00000
0.04560
0.15143
0.28278
0.41812
0.53525
0.61498
0.64424
0.61824
0.54123
0.42583
0.29098
0.15876
0.00000
0.00000
0.00000
0.00000
0.00000
0.00000
0.00000
0.00000
0.00000
0.00000
0.00000
0.00000
0.03474
0.11538
0.21546
0.31858
0.40783
0.46858
0.49088
0.47106
0.41239
0.32446
0.22171
0.12097
0.00000
0.00000
0.00000
0.00000
0.00000
0.00000
0.00000
0.00000
0.00000
0.00000
0.00000
0.00000
0.02406
0.07989
0.14918
0.22058
0.28238
0.32444
0.33988
0.32616
0.28553
0.22465
0.15351
0.08376
0.00000
0.00000
0.00000
0.00000
0.00000
0.00000
0.00000
0.00000
0.00000
0.00000
0.00000
0.00000
0.02789
0.09262
0.17296
0.25573
0.32737
0.37614
0.39403
0.37813
0.33103
0.26045
0.17797
0.09710
0.00000
0.00000
0.00000
0.00000
0.00000
0.00000
0.00000
0.00000
0.00000
0.00000
0.00000
0.00000
0.04738
0.15736
0.29385
0.43448
0.55619
0.63905
0.66945
0.64243
0.56240
0.44250
0.30236
0.16497
0.00000
0.00000
0.00000
0.00000
0.00000
0.00000
0.00000
0.00000
0.00000
0.00000
0.00000
0.00000
0.04059
0.13479
0.25170
0.37216
0.47642
0.54739
0.57344
0.55029
0.48174
0.37903
0.25900
0.14131
0.00000
0.00000
0.00000
0.00000
0.00000
0.00000
0.00000
0.00000
0.00000
0.00000
0.00000
0.00000
0.03721
0.12358
0.23077
0.34121
0.43680
0.50187
0.52575
0.50452
0.44168
0.34751
0.23746
0.12956
0.00000
0.00000
0.00000
0.00000
0.00000
0.00000
0.00000
0.00000
0.00000
0.00000
0.00000
0.00000
0.02718
0.09027
0.16857
0.24924
0.31907
0.36660
0.38404
0.36854
0.32263
0.25384
0.17345
0.09464
0.00000
0.00000
0.00000
0.00000
0.00000
0.00000
0.00000
0.00000
0.00000
0.00000
0.00000
0.00000
0.03839
0.12748
0.23806
0.35198
0.45059
0.51771
0.54235
0.52045
0.45562
0.35848
0.24495
0.13365
0.00000
0.00000
0.00000
0.00000
0.00000
0.00000
0.00000
0.00000
0.00000
0.00000
0.00000
0.00000
0.03577
0.11879
0.22182
0.32798
0.41986
0.48240
0.50535
0.48495
0.42454
0.33403
0.22825
0.12453
0.00000
0.00000
0.00000
0.00000
0.00000
0.00000
0.00000
0.00000
0.00000
0.00000
0.00000
0.00000
0.04048
0.13443
0.25102
0.37116
0.47514
0.54592
0.57189
0.54881
0.48044
0.37801
0.25830
0.14093
0.00000
0.00000
0.00000
0.00000
0.00000
0.00000
0.00000
0.00000
0.00000
0.00000
0.00000
0.00000
0.04251
0.14117
0.26362
0.38978
0.49898
0.57331
0.60059
0.57634
0.50455
0.39698
0.27126
0.14800
0.00000
0.00000
0.00000
0.00000
0.00000
0.00000
0.00000
0.00000
0.00000
0.00000
0.00000
0.00000
0.04554
0.15122
0.28239
0.41753
0.53451
0.61413
0.64335
0.61738
0.54047
0.42524
0.29057
0.15854
0.00000
0.00000
0.00000
0.00000
0.00000
0.00000
0.00000
0.00000
0.00000
0.00000
0.00000
0.00000
0.02272
0.07546
0.14092
0.20836
0.26673
0.30647
0.32105
0.30809
0.26971
0.21221
0.14500
0.07912
0.00000
0.00000
0.00000
0.00000
0.00000
0.00000
0.00000
0.00000
0.00000
0.00000
0.00000
0.00000
0.05034
0.16717
0.31217
0.46156
0.59087
0.67889
0.71119
0.68248
0.59747
0.47009
0.32121
0.17526
0.00000
0.00000
0.00000
0.00000
0.00000
0.00000
0.00000
0.00000
0.00000
0.00000
0.00000
0.00000
0.05025
0.16688
0.31162
0.46075
0.58983
0.67770
0.70994
0.68128
0.59642
0.46926
0.32065
0.17495
0.00000
0.00000
0.00000
0.00000
0.00000
0.00000
0.00000
0.00000
0.00000
0.00000
0.00000
0.00000
0.05170
0.17170
0.32064
0.47409
0.60690
0.69731
0.73049
0.70100
0.61368
0.48284
0.32993
0.18001
0.00000
0.00000
0.00000
0.00000
0.00000
0.00000
0.00000
0.00000
0.00000
0.00000
0.00000
0.00000
0.04378
0.14539
0.27151
0.40144
0.51391
0.59046
0.61856
0.59359
0.51965
0.40885
0.27937
0.15243
0.00000
0.00000
0.00000
0.00000
0.00000
0.00000
0.00000
0.00000
0.00000
0.00000
0.00000
0.00000
0.04981
0.16542
0.30890
0.45673
0.58469
0.67178
0.70375
0.67534
0.59121
0.46516
0.31785
0.17342
0.00000
0.00000
0.00000
0.00000
0.00000
0.00000
0.00000
0.00000
0.00000
0.00000
0.00000
0.00000
0.03710
0.12320
0.23005
0.34015
0.43544
0.50031
0.52411
0.50296
0.44031
0.34643
0.23672
0.12916
0.00000
0.00000
0.00000
0.00000
0.00000
0.00000
0.00000
0.00000
0.00000
0.00000
0.00000
0.00000
0.03775
0.13894
0.26930
0.40690
0.52857
0.61386
0.64839
0.62638
0.55151
0.43639
0.30038
0.16639
0.00000
0.00000
0.00000
0.00000
0.00000
0.00000
0.00000
0.00000
0.00000
0.00000
0.00000
0.00000
0.03929
0.14461
0.28029
0.42350
0.55013
0.63890
0.67484
0.65193
0.57400
0.45419
0.31264
0.17317
0.00000
0.00000
0.00000
0.00000
0.00000
0.00000
0.00000
0.00000
0.00000
0.00000
0.00000
0.00000
0.03765
0.13857
0.26858
0.40580
0.52715
0.61220
0.64665
0.62469
0.55002
0.43521
0.29957
0.16594
0.00000
0.00000
0.00000
0.00000
0.00000
0.00000
0.00000
0.00000
0.00000
0.00000
0.00000
0.00000
0.03862
0.14212
0.27547
0.41621
0.54067
0.62791
0.66324
0.64072
0.56413
0.44638
0.30726
0.17020
0.00000
0.00000
0.00000
0.00000
0.00000
0.00000
0.00000
0.00000
0.00000
0.00000
0.00000
0.00000
0.03958
0.14565
0.28230
0.42654
0.55409
0.64349
0.67970
0.65662
0.57813
0.45745
0.31489
0.17442
0.00000
0.00000
0.00000
0.00000
0.00000
0.00000
0.00000
0.00000
0.00000
0.00000
0.00000
0.00000
0.01127
0.04147
0.08037
0.12144
0.15775
0.18321
0.19351
0.18694
0.16460
0.13024
0.08965
0.04966
0.00000
0.00000
0.00000
0.00000
0.00000
0.00000
0.00000
0.00000
0.00000
0.00000
0.00000
0.00000
0.04332
0.15943
0.30901
0.46689
0.60651
0.70437
0.74400
0.71873
0.63283
0.50073
0.34467
0.19092
0.00000
0.00000
0.00000
0.00000
0.00000
0.00000
0.00000
0.00000
0.00000
0.00000
0.00000
0.00000
0.03567
0.13126
0.25442
0.38441
0.49936
0.57993
0.61255
0.59175
0.52102
0.41227
0.28378
0.15719
0.00000
0.00000
0.00000
0.00000
0.00000
0.00000
0.00000
0.00000
0.00000
0.00000
0.00000
0.00000
0.04077
0.15004
0.29081
0.43940
0.57079
0.66289
0.70018
0.67641
0.59556
0.47124
0.32438
0.17968
0.00000
0.00000
0.00000
0.00000
0.00000
0.00000
0.00000
0.00000
0.00000
0.00000
0.00000
0.00000
0.02530
0.09310
0.18045
0.27264
0.35417
0.41132
0.43446
0.41971
0.36954
0.29240
0.20127
0.11149
0.00000
0.00000
0.00000
0.00000
0.00000
0.00000
0.00000
0.00000
0.00000
0.00000
0.00000
0.00000
0.03821
0.14063
0.27258
0.41184
0.53500
0.62131
0.65627
0.63399
0.55821
0.44169
0.30403
0.16841
0.00000
0.00000
0.00000
0.00000
0.00000
0.00000
0.00000
0.00000
0.00000
0.00000
0.00000
0.00000
0.03730
0.13729
0.26609
0.40205
0.52227
0.60654
0.64066
0.61891
0.54493
0.43118
0.29680
0.16440
0.00000
0.00000
0.00000
0.00000
0.00000
0.00000
0.00000
0.00000
0.00000
0.00000
0.00000
0.00000
0.03403
0.12525
0.24276
0.36679
0.47647
0.55335
0.58448
0.56463
0.49714
0.39337
0.27077
0.14999
0.00000
0.00000
0.00000
0.00000
0.00000
0.00000
0.00000
0.00000
0.00000
0.00000
0.00000
0.00000
0.03227
0.11875
0.23016
0.34776
0.45175
0.52463
0.55415
0.53533
0.47135
0.37296
0.25672
0.14220
0.00000
0.00000
0.00000
0.00000
0.00000
0.00000
0.00000
0.00000
0.00000
0.00000
0.00000
0.00000
0.04176
0.15371
0.29792
0.45013
0.58474
0.67908
0.71729
0.69293
0.61011
0.48275
0.33230
0.18406
0.00000
0.00000
0.00000
0.00000
0.00000
0.00000
0.00000
0.00000
0.00000
0.00000
0.00000
0.00000
0.01711
0.06296
0.12204
0.18439
0.23953
0.27818
0.29383
0.28386
0.24993
0.19776
0.13613
0.07540
0.00000
0.00000
0.00000
0.00000
0.00000
0.00000
0.00000
0.00000
0.00000
0.00000
0.00000
0.00000
0.04051
0.14911
0.28901
0.43667
0.56725
0.65877
0.69584
0.67221
0.59186
0.46832
0.32236
0.17856
0.00000
0.00000
0.00000
0.00000
0.00000
0.00000
0.00000
0.00000
0.00000
0.00000
0.00000
0.00000
0.04606
0.16952
0.32856
0.49644
0.64489
0.74894
0.79108
0.76421
0.67287
0.53241
0.36648
0.20300
0.00000
0.00000
0.00000
0.00000
0.00000
0.00000
0.00000
0.00000
0.00000
0.00000
0.00000
0.00000
0.03164
0.11645
0.22570
0.34102
0.44299
0.51447
0.54341
0.52496
0.46221
0.36573
0.25175
0.13945
0.00000
0.00000
0.00000
0.00000
0.00000
0.00000
0.00000
0.00000
0.00000
0.00000
0.00000
0.00000
0.02260
0.08317
0.16120
0.24356
0.31639
0.36744
0.38812
0.37494
0.33012
0.26121
0.17980
0.09960
0.00000
0.00000
0.00000
0.00000
0.00000
0.00000
0.00000
0.00000
0.00000
0.00000
0.00000
0.00000
0.02105
0.07745
0.15012
0.22683
0.29466
0.34220
0.36145
0.34918
0.30744
0.24327
0.16745
0.09275
0.00000
0.00000
0.00000
0.00000
0.00000
0.00000
0.00000
0.00000
0.00000
0.00000
0.00000
0.00000
0.01989
0.07322
0.14191
0.21442
0.27854
0.32348
0.34168
0.33007
0.29062
0.22996
0.15829
0.08768
0.00000
0.00000
0.00000
0.00000
0.00000
0.00000
0.00000
0.00000
0.00000
0.00000
0.00000
0.00000
0.02158
0.07941
0.15392
0.23256
0.30211
0.35085
0.37059
0.35801
0.31522
0.24942
0.17169
0.09510
0.00000
0.00000
0.00000
0.00000
0.00000
0.00000
0.00000
0.00000
0.00000
0.00000
0.00000
0.00000
0.02842
0.10461
0.20275
0.30635
0.39796
0.46216
0.48817
0.47159
0.41522
0.32855
0.22615
0.12527
0.00000
0.00000
0.00000
0.00000
0.00000
0.00000
0.00000
0.00000
0.00000
0.00000
0.00000
0.00000
0.03619
0.13319
0.25815
0.39005
0.50668
0.58843
0.62154
0.60043
0.52867
0.41831
0.28794
0.15950
0.00000
0.00000
0.00000
0.00000
0.00000
0.00000
0.00000
0.00000
0.00000
0.00000
0.00000
0.00000
0.01669
0.06143
0.11907
0.17991
0.23371
0.27142
0.28669
0.27695
0.24385
0.19295
0.13282
0.07357
0.00000
0.00000
0.00000
0.00000
0.00000
0.00000
0.00000
0.00000
0.00000
0.00000
0.00000
0.00000
0.01990
0.07323
0.14195
0.21447
0.27860
0.32355
0.34176
0.33015
0.29069
0.23001
0.15833
0.08770
0.00000
0.00000
0.00000
0.00000
0.00000
0.00000
0.00000
0.00000
0.00000
0.00000
0.00000
0.00000
0.03973
0.14622
0.28341
0.42821
0.55626
0.64601
0.68236
0.65918
0.58039
0.45924
0.31612
0.17510
0.00000
0.00000
0.00000
0.00000
0.00000
0.00000
0.00000
0.00000
0.00000
0.00000
0.00000
0.00000
0.03950
0.14539
0.28180
0.42577
0.55309
0.64233
0.67847
0.65543
0.57709
0.45663
0.31432
0.17410
0.00000
0.00000
0.00000
0.00000
0.00000
0.00000
0.00000
0.00000
0.00000
0.00000
0.00000
0.00000
0.03857
0.14194
0.27511
0.41567
0.53997
0.62710
0.66238
0.63989
0.56340
0.44580
0.30686
0.16997
0.00000
0.00000
0.00000
0.00000
0.00000
0.00000
0.00000
0.00000
0.00000
0.00000
0.00000
0.00000
0.03086
0.11358
0.22014
0.33262
0.43208
0.50179
0.53003
0.51203
0.45083
0.35672
0.24555
0.13601
0.00000
0.00000
0.00000
0.00000
0.00000
