0.00000
0.00000
0.00000
0.00000
0.00000
0.00000
0.00000
0.03858
0.13366
0.26762
0.41688
0.55520
0.65823
0.70785
0.69533
0.62287
0.50322
0.35743
0.21115
0.00000
0.00000
0.00000
0.00000
0.00000
0.00000
0.00000
0.00000
0.00000
0.00000
0.00000
0.00000
0.04331
0.15006
0.30045
0.46803
0.62332
0.73899
0.79470
0.78064
0.69929
0.56496
0.40129
0.23706
0.00000
0.00000
0.00000
0.00000
0.00000
0.00000
0.00000
0.00000
0.00000
0.00000
0.00000
0.00000
0.03204
0.11101
0.22226
0.34623
0.46111
0.54668
0.58789
0.57749
0.51731
0.41794
0.29685
0.17536
0.00000
0.00000
0.00000
0.00000
0.00000
0.00000
0.00000
0.00000
0.00000
0.00000
0.00000
0.00000
0.04281
0.14832
0.29697
0.46262
0.61611
0.73044
0.78550
0.77161
0.69120
0.55843
0.39664
0.23431
0.00000
0.00000
0.00000
0.00000
0.00000
0.00000
0.00000
0.00000
0.00000
0.00000
0.00000
0.00000
0.03554
0.12313
0.24653
0.38404
0.51146
0.60637
0.65208
0.64055
0.57380
0.46357
0.32927
0.19451
0.00000
0.00000
0.00000
0.00000
0.00000
0.00000
0.00000
0.00000
0.00000
0.00000
0.00000
0.00000
0.02670
0.09251
0.18523
0.28855
0.38429
0.45560
0.48995
0.48128
0.43113
0.34831
0.24740
0.14615
0.00000
0.00000
0.00000
0.00000
0.00000
0.00000
0.00000
0.00000
0.00000
0.00000
0.00000
0.00000
0.04129
0.14306
0.28644
0.44620
0.59424
0.70452
0.75763
0.74423
0.66667
0.53861
0.38257
0.22600
0.00000
0.00000
0.00000
0.00000
0.00000
0.00000
0.00000
0.00000
0.00000
0.00000
0.00000
0.00000
0.03413
0.11825
0.23676
0.36881
0.49118
0.58233
0.62623
0.61515
0.55105
0.44520
0.31622
0.18680
0.00000
0.00000
0.00000
0.00000
0.00000
0.00000
0.00000
0.00000
0.00000
0.00000
0.00000
0.00000
0.03545
0.12281
0.24591
0.38306
0.51016
0.60483
0.65043
0.63892
0.57234
0.46240
0.32843
0.19402
0.00000
0.00000
0.00000
0.00000
0.00000
0.00000
0.00000
0.00000
0.00000
0.00000
0.00000
0.00000
0.04386
0.15198
0.30431
0.47404
0.63132
0.74848
0.80490
0.79066
0.70827
0.57221
0.40643
0.24010
0.00000
0.00000
0.00000
0.00000
0.00000
0.00000
0.00000
0.00000
0.00000
0.00000
0.00000
0.00000
0.03485
0.12074
0.24176
0.37661
0.50156
0.59463
0.63946
0.62815
0.56269
0.45460
0.32290
0.19075
0.00000
0.00000
0.00000
0.00000
0.00000
0.00000
0.00000
0.00000
0.00000
0.00000
0.00000
0.00000
0.03808
0.13196
0.26421
0.41157
0.54813
0.64985
0.69884
0.68647
0.61494
0.49681
0.35288
0.20846
0.00000
0.00000
0.00000
0.00000
0.00000
0.00000
0.00000
0.00000
0.00000
0.00000
0.00000
0.00000
0.04385
0.15194
0.30422
0.47390
0.63113
0.74825
0.80466
0.79042
0.70805
0.57204
0.40631
0.24003
0.00000
0.00000
0.00000
0.00000
0.00000
0.00000
0.00000
0.00000
0.00000
0.00000
0.00000
0.00000
0.04603
0.15947
0.31930
0.49740
0.66243
0.78536
0.84456
0.82962
0.74317
0.60041
0.42646
0.25193
0.00000
0.00000
0.00000
0.00000
0.00000
0.00000
0.00000
0.00000
0.00000
0.00000
0.00000
0.00000
0.04416
0.15302
0.30638
0.47727
0.63563
0.75358
0.81039
0.79606
0.71310
0.57612
0.40921
0.24174
0.00000
0.00000
0.00000
0.00000
0.00000
0.00000
0.00000
0.00000
0.00000
0.00000
0.00000
0.00000
0.04174
0.14461
0.28955
0.45105
0.60070
0.71217
0.76586
0.75231
0.67391
0.54446
0.38672
0.22845
0.00000
0.00000
0.00000
0.00000
0.00000
0.00000
0.00000
0.00000
0.00000
0.00000
0.00000
0.00000
0.04189
0.14512
0.29057
0.45265
0.60283
0.71470
0.76858
0.75498
0.67630
0.54639
0.38809
0.22926
0.00000
0.00000
0.00000
0.00000
0.00000
0.00000
0.00000
0.00000
0.00000
0.00000
0.00000
0.00000
0.02695
0.09337
0.18695
0.29122
0.38785
0.45982
0.49448
0.48574
0.43512
0.35153
0.24969
0.14750
0.00000
0.00000
0.00000
0.00000
0.00000
0.00000
0.00000
0.00000
0.00000
0.00000
0.00000
0.00000
0.03668
0.12710
0.25449
0.39644
0.52798
0.62596
0.67314
0.66124
0.59233
0.47855
0.33990
0.20080
0.00000
0.00000
0.00000
0.00000
0.00000
0.00000
0.00000
0.00000
0.00000
0.00000
0.00000
0.00000
0.04362
0.15112
0.30259
0.47136
0.62775
0.74424
0.80035
0.78619
0.70426
0.56898
0.40414
0.23874
0.00000
0.00000
0.00000
0.00000
0.00000
0.00000
0.00000
0.00000
0.00000
0.00000
0.00000
0.00000
0.04484
0.15536
0.31106
0.48456
0.64533
0.76509
0.82277
0.80821
0.72399
0.58492
0.41546
0.24543
0.00000
0.00000
0.00000
0.00000
0.00000
0.00000
0.00000
0.00000
0.00000
0.00000
0.00000
0.00000
0.04483
0.15534
0.31103
0.48451
0.64526
0.76500
0.82267
0.80812
0.72391
0.58485
0.41541
0.24540
0.00000
0.00000
0.00000
0.00000
0.00000
0.00000
0.00000
0.00000
0.00000
0.00000
0.00000
0.00000
0.04707
0.16308
0.32652
0.50864
0.67741
0.80312
0.86366
0.84838
0.75997
0.61399
0.43610
0.25762
0.00000
0.00000
0.00000
0.00000
0.00000
0.00000
0.00000
0.00000
0.00000
0.00000
0.00000
0.00000
0.03154
0.10927
0.21878
0.34080
0.45388
0.53811
0.57867
0.56844
0.50920
0.41139
0.29220
0.17261
0.00000
0.00000
0.00000
0.00000
0.00000
0.00000
0.00000
0.00000
0.00000
0.00000
0.00000
0.00000
0.04054
0.14045
0.28122
0.43808
0.58342
0.69169
0.74383
0.73068
0.65453
0.52880
0.37560
0.22188
0.00000
0.00000
0.00000
0.00000
0.00000
0.00000
0.00000
0.00000
0.00000
0.00000
0.00000
0.00000
0.03736
0.12945
0.25920
0.40377
0.53774
0.63753
0.68559
0.67346
0.60328
0.48739
0.34619
0.20451
0.00000
0.00000
0.00000
0.00000
0.00000
0.00000
0.00000
0.00000
0.00000
0.00000
0.00000
0.00000
0.04100
0.14206
0.28443
0.44308
0.59009
0.69960
0.75233
0.73903
0.66201
0.53484
0.37989
0.22442
0.00000
0.00000
0.00000
0.00000
0.00000
0.00000
0.00000
0.00000
0.00000
0.00000
0.00000
0.00000
0.02842
0.09848
0.19717
0.30715
0.40906
0.48497
0.52153
0.51231
0.45892
0.37076
0.26335
0.15557
0.00000
0.00000
0.00000
0.00000
0.00000
0.00000
0.00000
0.00000
0.00000
0.00000
0.00000
0.00000
0.04133
0.14319
0.28671
0.44662
0.59480
0.70518
0.75834
0.74493
0.66730
0.53912
0.38293
0.22621
0.00000
0.00000
0.00000
0.00000
0.00000
0.00000
0.00000
0.00000
0.00000
0.00000
0.00000
0.00000
0.03828
0.13264
0.26558
0.41371
0.55098
0.65323
0.70247
0.69004
0.61814
0.49940
0.35471
0.20954
0.00000
0.00000
0.00000
0.00000
0.00000
0.00000
0.00000
0.00000
0.00000
0.00000
0.00000
0.00000
0.03353
0.11618
0.23262
0.36237
0.48260
0.57216
0.61529
0.60441
0.54142
0.43742
0.31069
0.18354
0.00000
0.00000
0.00000
0.00000
0.00000
0.00000
0.00000
0.00000
0.00000
0.00000
0.00000
0.00000
0.00690
0.13940
0.29498
0.45249
0.59055
0.69041
0.73851
0.72831
0.66121
0.54631
0.39922
0.23991
0.09002
0.00000
0.00000
0.00000
0.00000
0.00000
0.00000
0.00000
0.00000
0.00000
0.00000
0.00000
0.00712
0.14389
0.30448
0.46706
0.60957
0.71265
0.76229
0.75177
0.68251
0.56391
0.41208
0.24764
0.09291
0.00000
0.00000
0.00000
0.00000
0.00000
0.00000
0.00000
0.00000
0.00000
0.00000
0.00000
0.00753
0.15216
0.32197
0.49390
0.64459
0.75359
0.80609
0.79496
0.72172
0.59631
0.43575
0.26186
0.09825
0.00000
0.00000
0.00000
0.00000
0.00000
0.00000
0.00000
0.00000
0.00000
0.00000
0.00000
0.00763
0.15422
0.32632
0.50057
0.65330
0.76377
0.81698
0.80570
0.73147
0.60436
0.44164
0.26540
0.09958
0.00000
0.00000
0.00000
0.00000
0.00000
0.00000
0.00000
0.00000
0.00000
0.00000
0.00000
0.00789
0.15946
0.33741
0.51758
0.67550
0.78972
0.84474
0.83308
0.75632
0.62490
0.45665
0.27442
0.10296
0.00000
0.00000
0.00000
0.00000
0.00000
0.00000
0.00000
0.00000
0.00000
0.00000
0.00000
0.00791
0.15995
0.33845
0.51917
0.67758
0.79215
0.84734
0.83564
0.75865
0.62682
0.45805
0.27526
0.10328
0.00000
0.00000
0.00000
0.00000
0.00000
0.00000
0.00000
0.00000
0.00000
0.00000
0.00000
0.00581
0.11740
0.24842
0.38107
0.49734
0.58144
0.62195
0.61336
0.55685
0.46009
0.33621
0.20204
0.07581
0.00000
0.00000
0.00000
0.00000
0.00000
0.00000
0.00000
0.00000
0.00000
0.00000
0.00000
0.00671
0.13559
0.28690
0.44010
0.57438
0.67151
0.71829
0.70838
0.64311
0.53136
0.38829
0.23334
0.08755
0.00000
0.00000
0.00000
0.00000
0.00000
0.00000
0.00000
0.00000
0.00000
0.00000
0.00000
0.00615
0.12432
0.26307
0.40354
0.52666
0.61572
0.65861
0.64952
0.58968
0.48721
0.35603
0.21396
0.08028
0.00000
0.00000
0.00000
0.00000
0.00000
0.00000
0.00000
0.00000
0.00000
0.00000
0.00000
0.00536
0.10832
0.22920
0.35159
0.45887
0.53646
0.57384
0.56591
0.51377
0.42449
0.31020
0.18641
0.06994
0.00000
0.00000
0.00000
0.00000
0.00000
0.00000
0.00000
0.00000
0.00000
0.00000
0.00000
0.00754
0.15235
0.32237
0.49450
0.64538
0.75451
0.80708
0.79593
0.72260
0.59703
0.43629
0.26218
0.09837
0.00000
0.00000
0.00000
0.00000
0.00000
0.00000
0.00000
0.00000
0.00000
0.00000
0.00000
0.00719
0.14546
0.30779
0.47214
0.61619
0.72038
0.77057
0.75993
0.68992
0.57003
0.41655
0.25032
0.09392
0.00000
0.00000
0.00000
0.00000
0.00000
0.00000
0.00000
0.00000
0.00000
0.00000
0.00000
0.00671
0.13558
0.28689
0.44009
0.57436
0.67149
0.71827
0.70835
0.64309
0.53134
0.38828
0.23333
0.08755
0.00000
0.00000
0.00000
0.00000
0.00000
0.00000
0.00000
0.00000
0.00000
0.00000
0.00000
0.00733
0.14827
0.31373
0.48125
0.62809
0.73429
0.78545
0.77460
0.70324
0.58103
0.42459
0.25516
0.09574
0.00000
0.00000
0.00000
0.00000
0.00000
0.00000
0.00000
0.00000
0.00000
0.00000
0.00000
0.00721
0.14570
0.30829
0.47291
0.61720
0.72157
0.77184
0.76118
0.69105
0.57097
0.41724
0.25074
0.09408
0.00000
0.00000
0.00000
0.00000
0.00000
0.00000
0.00000
0.00000
0.00000
0.00000
0.00000
0.00756
0.15282
0.32336
0.49603
0.64738
0.75685
0.80957
0.79840
0.72484
0.59888
0.43763
0.26299
0.09868
0.00000
0.00000
0.00000
0.00000
0.00000
0.00000
0.00000
0.00000
0.00000
0.00000
0.00000
0.00779
0.15758
0.33345
0.51150
0.66756
0.78044
0.83481
0.82329
0.74744
0.61755
0.45128
0.27120
0.10175
0.00000
0.00000
0.00000
0.00000
0.00000
0.00000
0.00000
0.00000
0.00000
0.00000
0.00000
0.00809
0.16346
0.34588
0.53057
0.69245
0.80954
0.86594
0.85398
0.77530
0.64058
0.46810
0.28131
0.10555
0.00000
0.00000
0.00000
0.00000
0.00000
0.00000
0.00000
0.00000
0.00000
0.00000
0.00000
0.00665
0.13437
0.28433
0.43615
0.56923
0.66548
0.71184
0.70202
0.63734
0.52659
0.38481
0.23125
0.08677
0.00000
0.00000
0.00000
0.00000
0.00000
0.00000
0.00000
0.00000
0.00000
0.00000
0.00000
0.00606
0.12256
0.25934
0.39782
0.51920
0.60700
0.64929
0.64032
0.58133
0.48031
0.35099
0.21093
0.07914
0.00000
0.00000
0.00000
0.00000
0.00000
0.00000
0.00000
0.00000
0.00000
0.00000
0.00000
0.00708
0.14322
0.30305
0.46488
0.60672
0.70931
0.75872
0.74825
0.67931
0.56126
0.41015
0.24648
0.09248
0.00000
0.00000
0.00000
0.00000
0.00000
0.00000
0.00000
0.00000
0.00000
0.00000
0.00000
0.00582
0.11769
0.24902
0.38200
0.49855
0.58285
0.62346
0.61485
0.55820
0.46120
0.33703
0.20253
0.07599
0.00000
0.00000
0.00000
0.00000
0.00000
0.00000
0.00000
0.00000
0.00000
0.00000
0.00000
0.00781
0.15781
0.33392
0.51223
0.66851
0.78155
0.83600
0.82446
0.74850
0.61843
0.45192
0.27158
0.10190
0.00000
0.00000
0.00000
0.00000
0.00000
0.00000
0.00000
0.00000
0.00000
0.00000
0.00000
0.00575
0.11631
0.24611
0.37752
0.49271
0.57602
0.61615
0.60765
0.55166
0.45580
0.33308
0.20016
0.07510
0.00000
0.00000
0.00000
0.00000
0.00000
0.00000
0.00000
0.00000
0.00000
0.00000
0.00000
0.00765
0.15457
0.32706
0.50171
0.65479
0.76551
0.81884
0.80753
0.73313
0.60574
0.44264
0.26601
0.09981
0.00000
0.00000
0.00000
0.00000
0.00000
0.00000
0.00000
0.00000
0.00000
0.00000
0.00000
0.00712
0.14397
0.30465
0.46732
0.60991
0.71304
0.76272
0.75219
0.68289
0.56422
0.41231
0.24777
0.09297
0.00000
0.00000
0.00000
0.00000
0.00000
0.00000
0.00000
0.00000
0.00000
0.00000
0.00000
0.00634
0.12819
0.27125
0.41609
0.54304
0.63487
0.67910
0.66972
0.60802
0.50236
0.36710
0.22061
0.08277
0.00000
0.00000
0.00000
0.00000
0.00000
0.00000
0.00000
0.00000
0.00000
0.00000
0.00000
0.00746
0.15078
0.31905
0.48942
0.63875
0.74676
0.79878
0.78776
0.71518
0.59090
0.43180
0.25949
0.09736
0.00000
0.00000
0.00000
0.00000
0.00000
0.00000
0.00000
0.00000
0.00000
0.00000
0.00441
0.04217
0.12909
0.25000
0.38378
0.50706
0.59831
0.64159
0.62934
0.56370
0.45613
0.32543
0.19442
0.08599
0.00000
0.00000
0.00000
0.00000
0.00000
0.00000
0.00000
0.00000
0.00000
0.00000
0.00464
0.04437
0.13584
0.26308
0.40385
0.53358
0.62959
0.67513
0.66224
0.59317
0.47998
0.34245
0.20459
0.09049
0.00000
0.00000
0.00000
0.00000
0.00000
0.00000
0.00000
0.00000
0.00000
0.00000
0.00348
0.03329
0.10191
0.19737
0.30299
0.40031
0.47235
0.50652
0.49685
0.44502
0.36010
0.25692
0.15349
0.06789
0.00000
0.00000
0.00000
0.00000
0.00000
0.00000
0.00000
0.00000
0.00000
0.00000
0.00482
0.04611
0.14115
0.27337
0.41965
0.55445
0.65422
0.70154
0.68815
0.61637
0.49876
0.35584
0.21259
0.09403
0.00000
0.00000
0.00000
0.00000
0.00000
0.00000
0.00000
0.00000
0.00000
0.00000
0.00383
0.03661
0.11209
0.21707
0.33323
0.44027
0.51950
0.55708
0.54644
0.48945
0.39605
0.28257
0.16881
0.07466
0.00000
0.00000
0.00000
0.00000
0.00000
0.00000
0.00000
0.00000
0.00000
0.00000
0.00494
0.04722
0.14457
0.27999
0.42981
0.56787
0.67006
0.71853
0.70481
0.63130
0.51083
0.36446
0.21774
0.09630
0.00000
0.00000
0.00000
0.00000
0.00000
0.00000
0.00000
0.00000
0.00000
0.00000
0.00550
0.05258
0.16099
0.31177
0.47860
0.63234
0.74614
0.80011
0.78483
0.70297
0.56883
0.40584
0.24246
0.10724
0.00000
0.00000
0.00000
0.00000
0.00000
0.00000
0.00000
0.00000
0.00000
0.00000
0.00296
0.02833
0.08674
0.16799
0.25788
0.34072
0.40204
0.43112
0.42288
0.37878
0.30650
0.21867
0.13064
0.05778
0.00000
0.00000
0.00000
0.00000
0.00000
0.00000
0.00000
0.00000
0.00000
0.00000
0.00442
0.04229
0.12948
0.25075
0.38493
0.50858
0.60010
0.64351
0.63122
0.56539
0.45750
0.32641
0.19501
0.08625
0.00000
0.00000
0.00000
0.00000
0.00000
0.00000
0.00000
0.00000
0.00000
0.00000
0.00586
0.05608
0.17169
0.33249
0.51042
0.67437
0.79573
0.85329
0.83699
0.74969
0.60664
0.43281
0.25857
0.11436
0.00000
0.00000
0.00000
0.00000
0.00000
0.00000
0.00000
0.00000
0.00000
0.00000
0.00277
0.02651
0.08117
0.15719
0.24131
0.31882
0.37619
0.40340
0.39570
0.35443
0.28680
0.20462
0.12224
0.05407
0.00000
0.00000
0.00000
0.00000
0.00000
0.00000
0.00000
0.00000
0.00000
0.00000
0.00476
0.04549
0.13928
0.26974
0.41408
0.54709
0.64554
0.69224
0.67902
0.60820
0.49214
0.35112
0.20977
0.09278
0.00000
0.00000
0.00000
0.00000
0.00000
0.00000
0.00000
0.00000
0.00000
0.00000
0.00338
0.03235
0.09905
0.19182
0.29446
0.38905
0.45906
0.49227
0.48287
0.43251
0.34998
0.24969
0.14917
0.06598
0.00000
0.00000
0.00000
0.00000
0.00000
0.00000
0.00000
0.00000
0.00000
0.00000
0.00506
0.04845
0.14832
0.28725
0.44096
0.58261
0.68745
0.73718
0.72310
0.64768
0.52409
0.37392
0.22339
0.09880
0.00000
0.00000
0.00000
0.00000
0.00000
0.00000
0.00000
0.00000
0.00000
0.00000
0.00492
0.04708
0.14413
0.27913
0.42850
0.56615
0.66803
0.71635
0.70267
0.62938
0.50928
0.36335
0.21708
0.09601
0.00000
0.00000
0.00000
0.00000
0.00000
0.00000
0.00000
0.00000
0.00000
0.00000
0.00531
0.05080
0.15552
0.30118
0.46235
0.61086
0.72079
0.77293
0.75817
0.67909
0.54951
0.39205
0.23422
0.10359
0.00000
0.00000
0.00000
0.00000
0.00000
0.00000
0.00000
0.00000
0.00000
0.00000
0.00552
0.05281
0.16167
0.31310
0.48065
0.63504
0.74932
0.80352
0.78818
0.70597
0.57126
0.40757
0.24349
0.10769
0.00000
0.00000
0.00000
0.00000
0.00000
0.00000
0.00000
0.00000
0.00000
0.00000
0.00535
0.05117
0.15665
0.30337
0.46571
0.61530
0.72603
0.77855
0.76368
0.68403
0.55350
0.39490
0.23593
0.10435
0.00000
0.00000
0.00000
0.00000
0.00000
0.00000
0.00000
0.00000
0.00000
0.00000
0.00444
0.04251
0.13015
0.25206
0.38693
0.51122
0.60322
0.64685
0.63450
0.56832
0.45988
0.32810
0.19602
0.08670
0.00000
0.00000
0.00000
0.00000
0.00000
0.00000
0.00000
0.00000
0.00000
0.00000
0.00606
0.05796
0.17746
0.34367
0.52757
0.69704
0.82247
0.88196
0.86512
0.77489
0.62702
0.44736
0.26726
0.11821
0.00000
0.00000
0.00000
0.00000
0.00000
0.00000
0.00000
0.00000
0.00000
0.00000
0.00252
0.02409
0.07374
0.14281
0.21922
0.28964
0.34176
0.36648
0.35949
0.32199
0.26055
0.18589
0.11106
0.04912
0.00000
0.00000
0.00000
0.00000
0.00000
0.00000
0.00000
0.00000
0.00000
0.00000
0.00513
0.04907
0.15024
0.29097
0.44666
0.59014
0.69634
0.74671
0.73245
0.65606
0.53087
0.37875
0.22628
0.10008
0.00000
0.00000
0.00000
0.00000
0.00000
0.00000
0.00000
0.00000
0.00000
0.00000
0.00546
0.05220
0.15982
0.30952
0.47515
0.62778
0.74075
0.79433
0.77917
0.69790
0.56472
0.40291
0.24071
0.10646
0.00000
0.00000
0.00000
0.00000
0.00000
0.00000
0.00000
0.00000
0.00000
0.00000
0.00305
0.02920
0.08941
0.17315
0.26580
0.35119
0.41438
0.44436
0.43587
0.39041
0.31591
0.22539
0.13466
0.05956
0.00000
0.00000
0.00000
0.00000
0.00000
0.00000
0.00000
0.00000
0.00000
0.00000
0.00466
0.04460
0.13654
0.26444
0.40594
0.53634
0.63286
0.67863
0.66568
0.59625
0.48247
0.34422
0.20565
0.09095
0.00000
0.00000
0.00000
0.00000
0.00000
0.00000
0.00000
0.00000
0.00000
0.00000
0.00489
0.04678
0.14321
0.27734
0.42574
0.56250
0.66373
0.71174
0.69814
0.62533
0.50600
0.36101
0.21568
0.09539
0.00000
0.00000
0.00000
0.00000
0.00000
0.00000
0.00000
0.00000
0.00000
0.00000
0.00555
0.05306
0.16245
0.31460
0.48295
0.63809
0.75291
0.80737
0.79196
0.70935
0.57400
0.40952
0.24466
0.10821
0.00000
0.00000
0.00000
0.00000
0.00000
0.00000
0.00000
0.00000
0.00000
0.00000
0.00542
0.05185
0.15875
0.30744
0.47196
0.62356
0.73577
0.78899
0.77393
0.69320
0.56093
0.40020
0.23909
0.10575
0.00000
0.00000
0.00000
0.00000
0.00000
0.00000
0.00000
0.00000
0.00000
0.00000
0.00436
0.04166
0.12754
0.24699
0.37916
0.50095
0.59110
0.63385
0.62175
0.55690
0.45063
0.32151
0.19208
0.08495
0.00000
0.00000
0.00000
0.00000
0.00000
0.00000
0.00000
0.00000
0.00000
0.00000
0.00498
0.04761
0.14576
0.28228
0.43333
0.57253
0.67556
0.72442
0.71059
0.63647
0.51502
0.36745
0.21952
0.09709
0.00000
0.00000
0.00000
0.00000
0.00000
0.00000
0.00000
0.00000
0.00000
0.00000
0.00454
0.04342
0.13294
0.25746
0.39522
0.52218
0.61615
0.66072
0.64810
0.58050
0.46973
0.33513
0.20022
0.08855
0.00000
0.00000
0.00000
0.00000
0.00000
0.00000
0.00000
0.00000
0.00000
0.00000
0.00000
0.04690
0.14952
0.28840
0.44020
0.57944
0.68273
0.73272
0.72101
0.64957
0.53040
0.38352
0.23359
0.00000
0.00000
0.00000
0.00000
0.00000
0.00000
0.00000
0.00000
0.00000
0.00000
0.00000
0.00000
0.03386
0.10796
0.20823
0.31784
0.41838
0.49296
0.52905
0.52059
0.46901
0.38297
0.27691
0.16866
0.00000
0.00000
0.00000
0.00000
0.00000
0.00000
0.00000
0.00000
0.00000
0.00000
0.00000
0.00000
0.04664
0.14868
0.28678
0.43773
0.57619
0.67889
0.72860
0.71696
0.64592
0.52742
0.38136
0.23227
0.00000
0.00000
0.00000
0.00000
0.00000
0.00000
0.00000
0.00000
0.00000
0.00000
0.00000
0.00000
0.04542
0.14480
0.27929
0.42630
0.56113
0.66116
0.70956
0.69822
0.62904
0.51364
0.37140
0.22621
0.00000
0.00000
0.00000
0.00000
0.00000
0.00000
0.00000
0.00000
0.00000
0.00000
0.00000
0.00000
0.04149
0.13228
0.25514
0.38944
0.51262
0.60399
0.64821
0.63785
0.57465
0.46923
0.33928
0.20665
0.00000
0.00000
0.00000
0.00000
0.00000
0.00000
0.00000
0.00000
0.00000
0.00000
0.00000
0.00000
0.03697
0.11787
0.22735
0.34702
0.45678
0.53820
0.57761
0.56838
0.51206
0.41812
0.30233
0.18414
0.00000
0.00000
0.00000
0.00000
0.00000
0.00000
0.00000
0.00000
0.00000
0.00000
0.00000
0.00000
0.03590
0.11446
0.22077
0.33698
0.44357
0.52264
0.56090
0.55194
0.49725
0.40603
0.29359
0.17881
0.00000
0.00000
0.00000
0.00000
0.00000
0.00000
0.00000
0.00000
0.00000
0.00000
0.00000
0.00000
0.05269
0.16799
0.32402
0.49458
0.65101
0.76706
0.82322
0.81006
0.72980
0.59591
0.43089
0.26244
0.00000
0.00000
0.00000
0.00000
0.00000
0.00000
0.00000
0.00000
0.00000
0.00000
0.00000
0.00000
0.04384
0.13977
0.26959
0.41150
0.54166
0.63821
0.68494
0.67399
0.60721
0.49582
0.35851
0.21836
0.00000
0.00000
0.00000
0.00000
0.00000
0.00000
0.00000
0.00000
0.00000
0.00000
0.00000
0.00000
0.03238
0.10325
0.19914
0.30396
0.40011
0.47143
0.50594
0.49786
0.44853
0.36624
0.26482
0.16129
0.00000
0.00000
0.00000
0.00000
0.00000
0.00000
0.00000
0.00000
0.00000
0.00000
0.00000
0.00000
0.03524
0.11235
0.21670
0.33076
0.43538
0.51299
0.55055
0.54175
0.48807
0.39853
0.28817
0.17551
0.00000
0.00000
0.00000
0.00000
0.00000
0.00000
0.00000
0.00000
0.00000
0.00000
0.00000
0.00000
0.04781
0.15241
0.29396
0.44870
0.59062
0.69590
0.74685
0.73492
0.66210
0.54063
0.39091
0.23809
0.00000
0.00000
0.00000
0.00000
0.00000
0.00000
0.00000
0.00000
0.00000
0.00000
0.00000
0.00000
0.03739
0.11921
0.22993
0.35095
0.46196
0.54430
0.58416
0.57482
0.51787
0.42286
0.30576
0.18623
0.00000
0.00000
0.00000
0.00000
0.00000
0.00000
0.00000
0.00000
0.00000
0.00000
0.00000
0.00000
0.03043
0.09700
0.18710
0.28559
0.37592
0.44292
0.47535
0.46776
0.42141
0.34410
0.24881
0.15154
0.00000
0.00000
0.00000
0.00000
0.00000
0.00000
0.00000
0.00000
0.00000
0.00000
0.00000
0.00000
0.04262
0.13589
0.26210
0.40006
0.52660
0.62046
0.66589
0.65525
0.59033
0.48203
0.34854
0.21228
0.00000
0.00000
0.00000
0.00000
0.00000
0.00000
0.00000
0.00000
0.00000
0.00000
0.00000
0.00000
0.04260
0.13581
0.26195
0.39983
0.52630
0.62011
0.66551
0.65487
0.58999
0.48175
0.34834
0.21216
0.00000
0.00000
0.00000
0.00000
0.00000
0.00000
0.00000
0.00000
0.00000
0.00000
0.00000
0.00000
0.04104
0.13085
0.25238
0.38523
0.50707
0.59746
0.64120
0.63096
0.56844
0.46416
0.33562
0.20441
0.00000
0.00000
0.00000
0.00000
0.00000
0.00000
0.00000
0.00000
0.00000
0.00000
0.00000
0.00000
0.03380
0.10776
0.20786
0.31727
0.41762
0.49206
0.52809
0.51965
0.46816
0.38227
0.27641
0.16835
0.00000
0.00000
0.00000
0.00000
0.00000
0.00000
0.00000
0.00000
0.00000
0.00000
0.00000
0.00000
0.05172
0.16490
0.31806
0.48547
0.63903
0.75294
0.80806
0.79515
0.71637
0.58494
0.42296
0.25761
0.00000
0.00000
0.00000
0.00000
0.00000
0.00000
0.00000
0.00000
0.00000
0.00000
0.00000
0.00000
0.02224
0.07090
0.13675
0.20873
0.27476
0.32373
0.34744
0.34188
0.30801
0.25150
0.18185
0.11076
0.00000
0.00000
0.00000
0.00000
0.00000
0.00000
0.00000
0.00000
0.00000
0.00000
0.00000
0.00000
0.04464
0.14232
0.27450
0.41899
0.55151
0.64982
0.69740
0.68625
0.61826
0.50483
0.36503
0.22233
0.00000
0.00000
0.00000
0.00000
0.00000
0.00000
0.00000
0.00000
0.00000
0.00000
0.00000
0.00000
0.02697
0.08597
0.16582
0.25310
0.33315
0.39254
0.42127
0.41454
0.37347
0.30495
0.22050
0.13430
0.00000
0.00000
0.00000
0.00000
0.00000
0.00000
0.00000
0.00000
0.00000
0.00000
0.00000
0.00000
0.02677
0.08533
0.16458
0.25122
0.33068
0.38962
0.41815
0.41147
0.37070
0.30269
0.21887
0.13330
0.00000
0.00000
0.00000
0.00000
0.00000
0.00000
0.00000
0.00000
0.00000
0.00000
0.00000
0.00000
0.05098
0.16253
0.31350
0.47851
0.62987
0.74214
0.79648
0.78375
0.70610
0.57656
0.41689
0.25391
0.00000
0.00000
0.00000
0.00000
0.00000
0.00000
0.00000
0.00000
0.00000
0.00000
0.00000
0.00000
0.03283
0.10466
0.20186
0.30811
0.40557
0.47787
0.51285
0.50466
0.45466
0.37125
0.26844
0.16350
0.00000
0.00000
0.00000
0.00000
0.00000
0.00000
0.00000
0.00000
0.00000
0.00000
0.00000
0.00000
0.04838
0.15424
0.29750
0.45409
0.59772
0.70427
0.75583
0.74375
0.67006
0.54713
0.39561
0.24095
0.00000
0.00000
0.00000
0.00000
0.00000
0.00000
0.00000
0.00000
0.00000
0.00000
0.00000
0.00000
0.03824
0.12190
0.23512
0.35888
0.47240
0.55661
0.59736
0.58781
0.52957
0.43242
0.31267
0.19044
0.00000
0.00000
0.00000
0.00000
0.00000
0.00000
0.00000
0.00000
0.00000
0.00000
0.00000
0.00000
0.03935
0.12545
0.24198
0.36935
0.48617
0.57283
0.61477
0.60495
0.54501
0.44502
0.32178
0.19599
0.00000
0.00000
0.00000
0.00000
0.00000
0.00000
0.00000
0.00000
0.00000
0.00000
0.00000
0.00000
0.03781
0.12053
0.23248
0.35486
0.46710
0.55036
0.59066
0.58122
0.52363
0.42757
0.30916
0.18830
0.00000
0.00000
0.00000
0.00000
0.00000
0.00000
0.00000
0.00000
0.00000
0.00000
0.00000
0.00000
0.04721
0.15051
0.29030
0.44311
0.58327
0.68724
0.73756
0.72577
0.65386
0.53390
0.38605
0.23513
0.00000
0.00000
0.00000
0.00000
0.00000
0.00000
0.00000
0.00000
0.00000
0.00000
0.00000
0.00188
0.04248
0.11199
0.19978
0.29245
0.37580
0.43711
0.46699
0.46088
0.41971
0.34977
0.26177
0.16915
0.00000
0.00000
0.00000
0.00000
0.00000
0.00000
0.00000
0.00000
0.00000
0.00000
0.00000
0.00174
0.03930
0.10360
0.18483
0.27056
0.34767
0.40439
0.43204
0.42638
0.38829
0.32359
0.24217
0.15649
0.00000
0.00000
0.00000
0.00000
0.00000
0.00000
0.00000
0.00000
0.00000
0.00000
0.00000
0.00269
0.06081
0.16034
0.28605
0.41872
0.53807
0.62584
0.66863
0.65988
0.60093
0.50080
0.37480
0.24218
0.00000
0.00000
0.00000
0.00000
0.00000
0.00000
0.00000
0.00000
0.00000
0.00000
0.00000
0.00263
0.05939
0.15659
0.27937
0.40894
0.52550
0.61123
0.65301
0.64447
0.58690
0.48910
0.36604
0.23653
0.00000
0.00000
0.00000
0.00000
0.00000
0.00000
0.00000
0.00000
0.00000
0.00000
0.00000
0.00181
0.04087
0.10776
0.19224
0.28141
0.36162
0.42061
0.44937
0.44349
0.40387
0.33657
0.25189
0.16277
0.00000
0.00000
0.00000
0.00000
0.00000
0.00000
0.00000
0.00000
0.00000
0.00000
0.00000
0.00179
0.04045
0.10664
0.19024
0.27848
0.35785
0.41623
0.44469
0.43887
0.39966
0.33307
0.24927
0.16107
0.00000
0.00000
0.00000
0.00000
0.00000
0.00000
0.00000
0.00000
0.00000
0.00000
0.00000
0.00244
0.05513
0.14534
0.25929
0.37955
0.48774
0.56731
0.60609
0.59816
0.54472
0.45396
0.33974
0.21953
0.00000
0.00000
0.00000
0.00000
0.00000
0.00000
0.00000
0.00000
0.00000
0.00000
0.00000
0.00287
0.06484
0.17096
0.30500
0.44646
0.57372
0.66731
0.71293
0.70360
0.64075
0.53398
0.39963
0.25823
0.00000
0.00000
0.00000
0.00000
0.00000
0.00000
0.00000
0.00000
0.00000
0.00000
0.00000
0.00273
0.06157
0.16232
0.28958
0.42390
0.54472
0.63358
0.67689
0.66804
0.60836
0.50699
0.37943
0.24518
0.00000
0.00000
0.00000
0.00000
0.00000
0.00000
0.00000
0.00000
0.00000
0.00000
0.00000
0.00235
0.05298
0.13968
0.24919
0.36477
0.46874
0.54521
0.58248
0.57486
0.52350
0.43627
0.32650
0.21098
0.00000
0.00000
0.00000
0.00000
0.00000
0.00000
0.00000
0.00000
0.00000
0.00000
0.00000
0.00255
0.05760
0.15186
0.27092
0.39657
0.50960
0.59274
0.63326
0.62497
0.56914
0.47431
0.35497
0.22937
0.00000
0.00000
0.00000
0.00000
0.00000
0.00000
0.00000
0.00000
0.00000
0.00000
0.00000
0.00266
0.06009
0.15842
0.28262
0.41371
0.53163
0.61835
0.66062
0.65198
0.59374
0.49480
0.37031
0.23929
0.00000
0.00000
0.00000
0.00000
0.00000
0.00000
0.00000
0.00000
0.00000
0.00000
0.00000
0.00224
0.05054
0.13326
0.23773
0.34800
0.44719
0.52014
0.55570
0.54843
0.49944
0.41622
0.31149
0.20128
0.00000
0.00000
0.00000
0.00000
0.00000
0.00000
0.00000
0.00000
0.00000
0.00000
0.00000
0.00266
0.06012
0.15852
0.28280
0.41396
0.53196
0.61874
0.66103
0.65238
0.59411
0.49511
0.37054
0.23943
0.00000
0.00000
0.00000
0.00000
0.00000
0.00000
0.00000
0.00000
0.00000
0.00000
0.00000
0.00232
0.05248
0.13836
0.24684
0.36133
0.46432
0.54006
0.57698
0.56943
0.51856
0.43216
0.32342
0.20899
0.00000
0.00000
0.00000
0.00000
0.00000
0.00000
0.00000
0.00000
0.00000
0.00000
0.00000
0.00234
0.05279
0.13918
0.24829
0.36345
0.46705
0.54324
0.58038
0.57279
0.52162
0.43470
0.32533
0.21022
0.00000
0.00000
0.00000
0.00000
0.00000
0.00000
0.00000
0.00000
0.00000
0.00000
0.00000
0.00284
0.06411
0.16903
0.30156
0.44142
0.56724
0.65977
0.70488
0.69565
0.63351
0.52795
0.39511
0.25531
0.00000
0.00000
0.00000
0.00000
0.00000
0.00000
0.00000
0.00000
0.00000
0.00000
0.00000
0.00203
0.04577
0.12067
0.21527
0.31512
0.40493
0.47099
0.50319
0.49660
0.45224
0.37689
0.28206
0.18226
0.00000
0.00000
0.00000
0.00000
0.00000
0.00000
0.00000
0.00000
0.00000
0.00000
0.00000
0.00311
0.07020
0.18509
0.33020
0.48335
0.62112
0.72245
0.77183
0.76173
0.69369
0.57810
0.43265
0.27957
0.00000
0.00000
0.00000
0.00000
0.00000
0.00000
0.00000
0.00000
0.00000
0.00000
0.00000
0.00235
0.05305
0.13986
0.24951
0.36524
0.46934
0.54591
0.58323
0.57560
0.52418
0.43684
0.32693
0.21125
0.00000
0.00000
0.00000
0.00000
0.00000
0.00000
0.00000
0.00000
0.00000
0.00000
0.00000
0.00232
0.05245
0.13827
0.24668
0.36110
0.46402
0.53972
0.57661
0.56907
0.51823
0.43188
0.32322
0.20886
0.00000
0.00000
0.00000
0.00000
0.00000
0.00000
0.00000
0.00000
0.00000
0.00000
0.00000
0.00255
0.05770
0.15213
0.27140
0.39728
0.51051
0.59379
0.63439
0.62608
0.57016
0.47515
0.35560
0.22978
0.00000
0.00000
0.00000
0.00000
0.00000
0.00000
0.00000
0.00000
0.00000
0.00000
0.00000
0.00221
0.04997
0.13175
0.23504
0.34406
0.44213
0.51425
0.54941
0.54222
0.49378
0.41151
0.30797
0.19900
0.00000
0.00000
0.00000
0.00000
0.00000
0.00000
0.00000
0.00000
0.00000
0.00000
0.00000
0.00186
0.04199
0.11072
0.19752
0.28914
0.37155
0.43216
0.46171
0.45566
0.41496
0.34581
0.25881
0.16723
0.00000
0.00000
0.00000
0.00000
0.00000
0.00000
0.00000
0.00000
0.00000
0.00000
0.00000
0.00229
0.05175
0.13644
0.24341
0.35630
0.45786
0.53256
0.56896
0.56152
0.51136
0.42615
0.31893
0.20608
0.00000
0.00000
0.00000
0.00000
0.00000
0.00000
0.00000
0.00000
0.00000
0.00000
0.00000
0.00209
0.04719
0.12441
0.22196
0.32490
0.41751
0.48562
0.51882
0.51203
0.46629
0.38859
0.29082
0.18792
0.00000
0.00000
0.00000
0.00000
0.00000
0.00000
0.00000
0.00000
0.00000
0.00000
0.00000
0.00322
0.07274
0.19178
0.34213
0.50081
0.64356
0.74855
0.79972
0.78925
0.71875
0.59899
0.44828
0.28967
0.00000
0.00000
0.00000
0.00000
0.00000
0.00000
0.00000
0.00000
0.00000
0.00000
0.00000
0.00242
0.05470
0.14422
0.25730
0.37663
0.48399
0.56294
0.60142
0.59355
0.54053
0.45046
0.33712
0.21784
0.00000
0.00000
0.00000
0.00000
0.00000
0.00000
0.00000
0.00000
0.00000
0.00000
0.00000
0.00213
0.04820
0.12707
0.22669
0.33183
0.42642
0.49598
0.52989
0.52295
0.47623
0.39688
0.29702
0.19193
0.00000
0.00000
0.00000
0.00000
0.00000
0.00000
0.00000
0.00000
0.00000
0.00000
0.00000
0.00327
0.07387
0.19477
0.34746
0.50862
0.65360
0.76022
0.81219
0.80156
0.72996
0.60833
0.45527
0.29418
0.00000
0.00000
0.00000
0.00000
0.00000
0.00000
0.00000
0.00000
0.00000
0.00000
0.00000
0.00144
0.03257
0.08588
0.15321
0.22427
0.28819
0.33520
0.35812
0.35343
0.32186
0.26823
0.20074
0.12971
0.00000
0.00000
0.00000
0.00000
0.00000
0.00000
0.00000
0.00000
0.00000
0.00000
0.00000
0.01321
0.08166
0.18979
0.32206
0.45945
0.58221
0.67271
0.71792
0.71135
0.65395
0.55397
0.42577
0.28779
0.00000
0.00000
0.00000
0.00000
0.00000
0.00000
0.00000
0.00000
0.00000
0.00000
0.00000
0.01034
0.06390
0.14852
0.25202
0.35953
0.45560
0.52641
0.56179
0.55666
0.51174
0.43349
0.33318
0.22520
0.00000
0.00000
0.00000
0.00000
0.00000
0.00000
0.00000
0.00000
0.00000
0.00000
0.00000
0.01289
0.07968
0.18518
0.31423
0.44829
0.56807
0.65637
0.70048
0.69407
0.63807
0.54051
0.41543
0.28080
0.00000
0.00000
0.00000
0.00000
0.00000
0.00000
0.00000
0.00000
0.00000
0.00000
0.00000
0.01031
0.06371
0.14807
0.25127
0.35846
0.45424
0.52485
0.56012
0.55500
0.51021
0.43220
0.33218
0.22453
0.00000
0.00000
0.00000
0.00000
0.00000
0.00000
0.00000
0.00000
0.00000
0.00000
0.00000
0.00959
0.05926
0.13774
0.23372
0.33343
0.42253
0.48820
0.52101
0.51625
0.47459
0.40203
0.30899
0.20885
0.00000
0.00000
0.00000
0.00000
0.00000
0.00000
0.00000
0.00000
0.00000
0.00000
0.00000
0.00984
0.06082
0.14134
0.23985
0.34216
0.43359
0.50098
0.53465
0.52976
0.48702
0.41255
0.31708
0.21432
0.00000
0.00000
0.00000
0.00000
0.00000
0.00000
0.00000
0.00000
0.00000
0.00000
0.00000
0.01036
0.06401
0.14877
0.25245
0.36015
0.45638
0.52732
0.56276
0.55761
0.51261
0.43424
0.33375
0.22559
0.00000
0.00000
0.00000
0.00000
0.00000
0.00000
0.00000
0.00000
0.00000
0.00000
0.00000
0.00990
0.06118
0.14219
0.24128
0.34421
0.43619
0.50398
0.53785
0.53294
0.48993
0.41502
0.31898
0.21560
0.00000
0.00000
0.00000
0.00000
0.00000
0.00000
0.00000
0.00000
0.00000
0.00000
0.00000
0.01038
0.06414
0.14907
0.25296
0.36087
0.45730
0.52837
0.56389
0.55873
0.51364
0.43511
0.33442
0.22604
0.00000
0.00000
0.00000
0.00000
0.00000
0.00000
0.00000
0.00000
0.00000
0.00000
0.00000
0.01045
0.06457
0.15008
0.25466
0.36330
0.46038
0.53194
0.56769
0.56250
0.51711
0.43804
0.33667
0.22756
0.00000
0.00000
0.00000
0.00000
0.00000
0.00000
0.00000
0.00000
0.00000
0.00000
0.00000
0.01334
0.08243
0.19157
0.32507
0.46375
0.58767
0.67901
0.72464
0.71801
0.66007
0.55915
0.42975
0.29048
0.00000
0.00000
0.00000
0.00000
0.00000
0.00000
0.00000
0.00000
0.00000
0.00000
0.00000
0.01216
0.07517
0.17471
0.29647
0.42295
0.53596
0.61927
0.66089
0.65484
0.60200
0.50996
0.39194
0.26492
0.00000
0.00000
0.00000
0.00000
0.00000
0.00000
0.00000
0.00000
0.00000
0.00000
0.00000
0.01033
0.06386
0.14842
0.25186
0.35930
0.45530
0.52607
0.56143
0.55629
0.51140
0.43321
0.33296
0.22505
0.00000
0.00000
0.00000
0.00000
0.00000
0.00000
0.00000
0.00000
0.00000
0.00000
0.00000
0.00865
0.05344
0.12420
0.21075
0.30066
0.38100
0.44022
0.46981
0.46551
0.42795
0.36251
0.27862
0.18833
0.00000
0.00000
0.00000
0.00000
0.00000
0.00000
0.00000
0.00000
0.00000
0.00000
0.00000
0.01117
0.06904
0.16045
0.27227
0.38842
0.49221
0.56871
0.60693
0.60138
0.55285
0.46832
0.35994
0.24329
0.00000
0.00000
0.00000
0.00000
0.00000
0.00000
0.00000
0.00000
0.00000
0.00000
0.00000
0.00993
0.06134
0.14257
0.24193
0.34514
0.43736
0.50534
0.53931
0.53438
0.49125
0.41614
0.31984
0.21619
0.00000
0.00000
0.00000
0.00000
0.00000
0.00000
0.00000
0.00000
0.00000
0.00000
0.00000
0.01159
0.07162
0.16645
0.28244
0.40294
0.51060
0.58996
0.62962
0.62386
0.57352
0.48583
0.37340
0.25239
0.00000
0.00000
0.00000
0.00000
0.00000
0.00000
0.00000
0.00000
0.00000
0.00000
0.00000
0.01284
0.07937
0.18448
0.31304
0.44658
0.56591
0.65387
0.69781
0.69143
0.63564
0.53845
0.41384
0.27972
0.00000
0.00000
0.00000
0.00000
0.00000
0.00000
0.00000
0.00000
0.00000
0.00000
0.00000
0.00998
0.06167
0.14332
0.24320
0.34694
0.43965
0.50798
0.54212
0.53717
0.49382
0.41832
0.32151
0.21732
0.00000
0.00000
0.00000
0.00000
0.00000
0.00000
0.00000
0.00000
0.00000
0.00000
0.00000
0.01110
0.06863
0.15950
0.27066
0.38612
0.48929
0.56534
0.60334
0.59782
0.54958
0.46555
0.35781
0.24185
0.00000
0.00000
0.00000
0.00000
0.00000
0.00000
0.00000
0.00000
0.00000
0.00000
0.00000
0.00973
0.06017
0.13984
0.23729
0.33852
0.42898
0.49565
0.52896
0.52413
0.48183
0.40816
0.31371
0.21204
0.00000
0.00000
0.00000
0.00000
0.00000
0.00000
0.00000
0.00000
0.00000
0.00000
0.00000
0.01171
0.07236
0.16816
0.28536
0.40710
0.51587
0.59605
0.63611
0.63030
0.57944
0.49084
0.37725
0.25499
0.00000
0.00000
0.00000
0.00000
0.00000
0.00000
0.00000
0.00000
0.00000
0.00000
0.00000
0.01375
0.08499
0.19753
0.33519
0.47818
0.60595
0.70013
0.74718
0.74035
0.68061
0.57655
0.44312
0.29952
0.00000
0.00000
0.00000
0.00000
0.00000
0.00000
0.00000
0.00000
0.00000
0.00000
0.00000
0.01071
0.06620
0.15385
0.26107
0.37245
0.47196
0.54532
0.58197
0.57665
0.53012
0.44906
0.34514
0.23329
0.00000
0.00000
0.00000
0.00000
0.00000
0.00000
0.00000
0.00000
0.00000
0.00000
0.00000
0.01290
0.07971
0.18527
0.31438
0.44849
0.56833
0.65667
0.70080
0.69439
0.63836
0.54076
0.41562
0.28092
0.00000
0.00000
0.00000
0.00000
0.00000
0.00000
0.00000
0.00000
0.00000
0.00000
0.00000
0.00864
0.05341
0.12413
0.21063
0.30049
0.38078
0.43997
0.46954
0.46524
0.42770
0.36231
0.27846
0.18822
0.00000
0.00000
0.00000
0.00000
0.00000
0.00000
0.00000
0.00000
0.00000
0.00000
0.00000
0.00685
0.04234
0.09841
0.16700
0.23824
0.30190
0.34882
0.37227
0.36886
0.33910
0.28725
0.22078
0.14923
0.00000
0.00000
0.00000
0.00000
0.00000
0.00000
0.00000
0.00000
0.00000
0.00000
0.00000
0.00931
0.05753
0.13371
0.22689
0.32368
0.41017
0.47393
0.50578
0.50115
0.46071
0.39027
0.29996
0.20275
0.00000
0.00000
0.00000
0.00000
0.00000
0.00000
0.00000
0.00000
0.00000
0.00000
0.00000
0.01073
0.06630
0.15409
0.26148
0.37303
0.47270
0.54618
0.58288
0.57755
0.53095
0.44977
0.34568
0.23365
0.00000
0.00000
0.00000
0.00000
0.00000
0.00000
0.00000
0.00000
0.00000
0.00000
0.00000
0.01333
0.08242
0.19155
0.32504
0.46370
0.58760
0.67893
0.72456
0.71793
0.66000
0.55909
0.42970
0.29045
0.00000
0.00000
0.00000
0.00000
0.00000
0.00000
0.00000
0.00000
0.00000
0.00000
0.00000
0.01873
0.05561
0.11811
0.19703
0.28075
0.35693
0.41434
0.44454
0.44306
0.41013
0.35061
0.27325
0.18945
0.11157
0.00000
0.00000
0.00000
0.00000
0.00000
0.00000
0.00000
0.00000
0.00000
0.00000
0.02673
0.07934
0.16851
0.28112
0.40057
0.50926
0.59118
0.63426
0.63215
0.58517
0.50024
0.38986
0.27031
0.15919
0.00000
0.00000
0.00000
0.00000
0.00000
0.00000
0.00000
0.00000
0.00000
0.00000
0.02918
0.08661
0.18396
0.30688
0.43727
0.55593
0.64535
0.69238
0.69009
0.63880
0.54608
0.42559
0.29508
0.17377
0.00000
0.00000
0.00000
0.00000
0.00000
0.00000
0.00000
0.00000
0.00000
0.00000
0.02073
0.06152
0.13066
0.21797
0.31059
0.39487
0.45839
0.49179
0.49016
0.45373
0.38788
0.30229
0.20959
0.12343
0.00000
0.00000
0.00000
0.00000
0.00000
0.00000
0.00000
0.00000
0.00000
0.00000
0.02018
0.05988
0.12719
0.21218
0.30233
0.38437
0.44620
0.47871
0.47712
0.44167
0.37756
0.29425
0.20402
0.12015
0.00000
0.00000
0.00000
0.00000
0.00000
0.00000
0.00000
0.00000
0.00000
0.00000
0.02303
0.06834
0.14516
0.24217
0.34506
0.43870
0.50927
0.54638
0.54457
0.50410
0.43093
0.33585
0.23286
0.13713
0.00000
0.00000
0.00000
0.00000
0.00000
0.00000
0.00000
0.00000
0.00000
0.00000
0.02929
0.08692
0.18462
0.30799
0.43886
0.55794
0.64769
0.69489
0.69259
0.64112
0.54806
0.42713
0.29615
0.17440
0.00000
0.00000
0.00000
0.00000
0.00000
0.00000
0.00000
0.00000
0.00000
0.00000
0.02515
0.07464
0.15853
0.26447
0.37685
0.47910
0.55617
0.59670
0.59472
0.55053
0.47062
0.36678
0.25430
0.14976
0.00000
0.00000
0.00000
0.00000
0.00000
0.00000
0.00000
0.00000
0.00000
0.00000
0.01971
0.05851
0.12427
0.20731
0.29540
0.37556
0.43597
0.46774
0.46619
0.43154
0.36891
0.28751
0.19934
0.11739
0.00000
0.00000
0.00000
0.00000
0.00000
0.00000
0.00000
0.00000
0.00000
0.00000
0.02854
0.08471
0.17992
0.30015
0.42768
0.54372
0.63119
0.67719
0.67494
0.62478
0.53410
0.41625
0.28860
0.16996
0.00000
0.00000
0.00000
0.00000
0.00000
0.00000
0.00000
0.00000
0.00000
0.00000
0.01675
0.04971
0.10557
0.17612
0.25096
0.31905
0.37038
0.39737
0.39605
0.36662
0.31341
0.24425
0.16935
0.09973
0.00000
0.00000
0.00000
0.00000
0.00000
0.00000
0.00000
0.00000
0.00000
0.00000
0.01673
0.04966
0.10548
0.17597
0.25074
0.31878
0.37006
0.39703
0.39571
0.36630
0.31314
0.24404
0.16921
0.09965
0.00000
0.00000
0.00000
0.00000
0.00000
0.00000
0.00000
0.00000
0.00000
0.00000
0.02792
0.08286
0.17600
0.29360
0.41836
0.53187
0.61743
0.66243
0.66023
0.61116
0.52246
0.40718
0.28231
0.16626
0.00000
0.00000
0.00000
0.00000
0.00000
0.00000
0.00000
0.00000
0.00000
0.00000
0.02476
0.07350
0.15612
0.26044
0.37111
0.47180
0.54770
0.58761
0.58566
0.54214
0.46345
0.36119
0.25043
0.14748
0.00000
0.00000
0.00000
0.00000
0.00000
0.00000
0.00000
0.00000
0.00000
0.00000
0.01922
0.05706
0.12119
0.20217
0.28807
0.36624
0.42515
0.45613
0.45462
0.42083
0.35975
0.28037
0.19439
0.11448
0.00000
0.00000
0.00000
0.00000
0.00000
0.00000
0.00000
0.00000
0.00000
0.00000
0.02889
0.08574
0.18210
0.30379
0.43287
0.55033
0.63885
0.68541
0.68314
0.63237
0.54058
0.42131
0.29211
0.17202
0.00000
0.00000
0.00000
0.00000
0.00000
0.00000
0.00000
0.00000
0.00000
0.00000
0.01932
0.05734
0.12180
0.20319
0.28952
0.36808
0.42729
0.45843
0.45691
0.42296
0.36157
0.28179
0.19537
0.11506
0.00000
0.00000
0.00000
0.00000
0.00000
0.00000
0.00000
0.00000
0.00000
0.00000
0.02636
0.07823
0.16616
0.27720
0.39498
0.50215
0.58293
0.62541
0.62334
0.57701
0.49326
0.38443
0.26654
0.15697
0.00000
0.00000
0.00000
0.00000
0.00000
0.00000
0.00000
0.00000
0.00000
0.00000
0.02286
0.06785
0.14411
0.24041
0.34256
0.43551
0.50557
0.54241
0.54061
0.50043
0.42780
0.33341
0.23116
0.13613
0.00000
0.00000
0.00000
0.00000
0.00000
0.00000
0.00000
0.00000
0.00000
0.00000
0.02764
0.08202
0.17421
0.29063
0.41412
0.52649
0.61118
0.65572
0.65355
0.60498
0.51717
0.40306
0.27945
0.16457
0.00000
0.00000
0.00000
0.00000
0.00000
0.00000
0.00000
0.00000
0.00000
0.00000
0.02576
0.07646
0.16239
0.27091
0.38602
0.49077
0.56971
0.61123
0.60920
0.56393
0.48208
0.37571
0.26049
0.15341
0.00000
0.00000
0.00000
0.00000
0.00000
0.00000
0.00000
0.00000
0.00000
0.00000
0.02229
0.06617
0.14055
0.23447
0.33410
0.42475
0.49308
0.52901
0.52726
0.48807
0.41723
0.32517
0.22545
0.13277
0.00000
0.00000
0.00000
0.00000
0.00000
0.00000
0.00000
0.00000
0.00000
0.00000
0.02237
0.06639
0.14102
0.23525
0.33521
0.42616
0.49471
0.53077
0.52901
0.48969
0.41862
0.32625
0.22620
0.13321
0.00000
0.00000
0.00000
0.00000
0.00000
0.00000
0.00000
0.00000
0.00000
0.00000
0.02090
0.06202
0.13172
0.21975
0.31312
0.39808
0.46212
0.49580
0.49415
0.45743
0.39103
0.30475
0.21130
0.12443
0.00000
0.00000
0.00000
0.00000
0.00000
0.00000
0.00000
0.00000
0.00000
0.00000
0.02102
0.06239
0.13253
0.22109
0.31503
0.40051
0.46493
0.49882
0.49716
0.46021
0.39342
0.30661
0.21258
0.12519
0.00000
0.00000
0.00000
0.00000
0.00000
0.00000
0.00000
0.00000
0.00000
0.00000
0.02119
0.06288
0.13356
0.22281
0.31748
0.40363
0.46856
0.50271
0.50104
0.46380
0.39648
0.30900
0.21424
0.12617
0.00000
0.00000
0.00000
0.00000
0.00000
0.00000
0.00000
0.00000
0.00000
0.00000
0.01901
0.05642
0.11984
0.19993
0.28487
0.36217
0.42043
0.45107
0.44958
0.41616
0.35576
0.27726
0.19224
0.11321
0.00000
0.00000
0.00000
0.00000
0.00000
0.00000
0.00000
0.00000
0.00000
0.00000
0.02340
0.06945
0.14752
0.24609
0.35066
0.44580
0.51752
0.55523
0.55339
0.51226
0.43791
0.34129
0.23663
0.13935
0.00000
0.00000
0.00000
0.00000
0.00000
0.00000
0.00000
0.00000
0.00000
0.00000
0.01984
0.05889
0.12508
0.20867
0.29733
0.37800
0.43881
0.47079
0.46923
0.43436
0.37131
0.28938
0.20064
0.11816
0.00000
0.00000
0.00000
0.00000
0.00000
0.00000
0.00000
0.00000
0.00000
0.00000
0.02761
0.08195
0.17406
0.29038
0.41376
0.52603
0.61065
0.65515
0.65297
0.60445
0.51671
0.40270
0.27921
0.16443
0.00000
0.00000
0.00000
0.00000
0.00000
0.00000
0.00000
0.00000
0.00000
0.00000
0.02348
0.06969
0.14802
0.24694
0.35186
0.44734
0.51930
0.55714
0.55529
0.51402
0.43942
0.34246
0.23744
0.13983
0.00000
0.00000
0.00000
0.00000
0.00000
0.00000
0.00000
0.00000
0.00000
0.00000
0.01444
0.06896
0.16135
0.27790
0.40134
0.51336
0.59735
0.64087
0.63746
0.58762
0.49874
0.38401
0.26043
0.00000
0.00000
0.00000
0.00000
0.00000
0.00000
0.00000
0.00000
0.00000
0.00000
0.00000
0.01464
0.06991
0.16358
0.28174
0.40688
0.52045
0.60560
0.64972
0.64626
0.59573
0.50563
0.38931
0.26403
0.00000
0.00000
0.00000
0.00000
0.00000
0.00000
0.00000
0.00000
0.00000
0.00000
0.00000
0.01625
0.07763
0.18162
0.31282
0.45177
0.57787
0.67242
0.72141
0.71756
0.66146
0.56142
0.43227
0.29316
0.00000
0.00000
0.00000
0.00000
0.00000
0.00000
0.00000
0.00000
0.00000
0.00000
0.00000
0.00651
0.03112
0.07281
0.12541
0.18112
0.23167
0.26958
0.28922
0.28768
0.26519
0.22508
0.17330
0.11753
0.00000
0.00000
0.00000
0.00000
0.00000
0.00000
0.00000
0.00000
0.00000
0.00000
0.00000
0.01613
0.07706
0.18030
0.31054
0.44848
0.57366
0.66752
0.71615
0.71234
0.65664
0.55733
0.42912
0.29102
0.00000
0.00000
0.00000
0.00000
0.00000
0.00000
0.00000
0.00000
0.00000
0.00000
0.00000
0.01155
0.05517
0.12908
0.22233
0.32108
0.41070
0.47790
0.51271
0.50998
0.47011
0.39901
0.30722
0.20835
0.00000
0.00000
0.00000
0.00000
0.00000
0.00000
0.00000
0.00000
0.00000
0.00000
0.00000
0.01429
0.06826
0.15971
0.27508
0.39727
0.50815
0.59129
0.63437
0.63099
0.58166
0.49369
0.38012
0.25779
0.00000
0.00000
0.00000
0.00000
0.00000
0.00000
0.00000
0.00000
0.00000
0.00000
0.00000
0.01036
0.04948
0.11577
0.19939
0.28796
0.36834
0.42860
0.45983
0.45738
0.42162
0.35785
0.27553
0.18686
0.00000
0.00000
0.00000
0.00000
0.00000
0.00000
0.00000
0.00000
0.00000
0.00000
0.00000
0.00991
0.04735
0.11078
0.19081
0.27556
0.35247
0.41014
0.44002
0.43768
0.40346
0.34244
0.26366
0.17881
0.00000
0.00000
0.00000
0.00000
0.00000
0.00000
0.00000
0.00000
0.00000
0.00000
0.00000
0.01216
0.05809
0.13592
0.23410
0.33808
0.43245
0.50321
0.53987
0.53699
0.49501
0.42014
0.32349
0.21939
0.00000
0.00000
0.00000
0.00000
0.00000
0.00000
0.00000
0.00000
0.00000
0.00000
0.00000
0.01420
0.06781
0.15866
0.27327
0.39466
0.50481
0.58741
0.63020
0.62685
0.57784
0.49044
0.37762
0.25610
0.00000
0.00000
0.00000
0.00000
0.00000
0.00000
0.00000
0.00000
0.00000
0.00000
0.00000
0.01320
0.06306
0.14753
0.25411
0.36697
0.46940
0.54621
0.58600
0.58288
0.53731
0.45604
0.35113
0.23813
0.00000
0.00000
0.00000
0.00000
0.00000
0.00000
0.00000
0.00000
0.00000
0.00000
0.00000
0.01435
0.06854
0.16036
0.27620
0.39888
0.51021
0.59369
0.63694
0.63355
0.58401
0.49569
0.38166
0.25883
0.00000
0.00000
0.00000
0.00000
0.00000
0.00000
0.00000
0.00000
0.00000
0.00000
0.00000
0.01524
0.07278
0.17028
0.29328
0.42355
0.54177
0.63042
0.67635
0.67274
0.62015
0.52635
0.40527
0.27485
0.00000
0.00000
0.00000
0.00000
0.00000
0.00000
0.00000
0.00000
0.00000
0.00000
0.00000
0.01213
0.05793
0.13553
0.23344
0.33712
0.43122
0.50178
0.53833
0.53546
0.49360
0.41895
0.32257
0.21876
0.00000
0.00000
0.00000
0.00000
0.00000
0.00000
0.00000
0.00000
0.00000
0.00000
0.00000
0.01032
0.04932
0.11539
0.19874
0.28701
0.36713
0.42719
0.45832
0.45587
0.42023
0.35667
0.27462
0.18625
0.00000
0.00000
0.00000
0.00000
0.00000
0.00000
0.00000
0.00000
0.00000
0.00000
0.00000
0.01183
0.05649
0.13218
0.22767
0.32879
0.42056
0.48937
0.52502
0.52223
0.48140
0.40859
0.31460
0.21335
0.00000
0.00000
0.00000
0.00000
0.00000
0.00000
0.00000
0.00000
0.00000
0.00000
0.00000
0.01500
0.07167
0.16769
0.28882
0.41710
0.53353
0.62082
0.66605
0.66250
0.61070
0.51834
0.39910
0.27066
0.00000
0.00000
0.00000
0.00000
0.00000
0.00000
0.00000
0.00000
0.00000
0.00000
0.00000
0.01422
0.06791
0.15889
0.27367
0.39524
0.50555
0.58827
0.63113
0.62776
0.57868
0.49116
0.37817
0.25647
0.00000
0.00000
0.00000
0.00000
0.00000
0.00000
0.00000
0.00000
0.00000
0.00000
0.00000
0.01533
0.07324
0.17136
0.29515
0.42625
0.54522
0.63443
0.68065
0.67702
0.62409
0.52970
0.40784
0.27659
0.00000
0.00000
0.00000
0.00000
0.00000
0.00000
0.00000
0.00000
0.00000
0.00000
0.00000
0.01025
0.04895
0.11453
0.19727
0.28489
0.36441
0.42403
0.45492
0.45250
0.41712
0.35403
0.27259
0.18487
0.00000
0.00000
0.00000
0.00000
0.00000
0.00000
0.00000
0.00000
0.00000
0.00000
0.00000
0.01858
0.08875
0.20765
0.35765
0.51651
0.66068
0.76878
0.82479
0.82040
0.75625
0.64188
0.49422
0.33517
0.00000
0.00000
0.00000
0.00000
0.00000
0.00000
0.00000
0.00000
0.00000
0.00000
0.00000
0.01716
0.08195
0.19174
0.33025
0.47694
0.61007
0.70989
0.76160
0.75754
0.69832
0.59270
0.45635
0.30949
0.00000
0.00000
0.00000
0.00000
0.00000
0.00000
0.00000
0.00000
0.00000
0.00000
0.00000
0.01239
0.05920
0.13851
0.23857
0.34454
0.44071
0.51282
0.55017
0.54724
0.50446
0.42816
0.32967
0.22357
0.00000
0.00000
0.00000
0.00000
0.00000
0.00000
0.00000
0.00000
0.00000
0.00000
0.00000
0.01225
0.05852
0.13691
0.23582
0.34056
0.43562
0.50689
0.54382
0.54092
0.49863
0.42322
0.32586
0.22099
0.00000
0.00000
0.00000
0.00000
0.00000
0.00000
0.00000
0.00000
0.00000
0.00000
0.00000
0.01489
0.07112
0.16639
0.28659
0.41388
0.52940
0.61603
0.66090
0.65738
0.60599
0.51433
0.39601
0.26857
0.00000
0.00000
0.00000
0.00000
0.00000
0.00000
0.00000
0.00000
0.00000
0.00000
0.00000
0.01023
0.04887
0.11435
0.19696
0.28444
0.36383
0.42336
0.45421
0.45179
0.41646
0.35348
0.27216
0.18458
0.00000
0.00000
0.00000
0.00000
0.00000
0.00000
0.00000
0.00000
0.00000
0.00000
0.00000
0.01491
0.07124
0.16668
0.28709
0.41460
0.53033
0.61710
0.66206
0.65853
0.60704
0.51523
0.39671
0.26904
0.00000
0.00000
0.00000
0.00000
0.00000
0.00000
0.00000
0.00000
0.00000
0.00000
0.00000
0.01827
0.08725
0.20415
0.35162
0.50780
0.64954
0.75582
0.81088
0.80656
0.74350
0.63105
0.48588
0.32952
0.00000
0.00000
0.00000
0.00000
0.00000
0.00000
0.00000
0.00000
0.00000
0.00000
0.00000
0.01105
0.05278
0.12349
0.21269
0.30716
0.39290
0.45719
0.49049
0.48788
0.44974
0.38172
0.29390
0.19932
0.00000
0.00000
0.00000
0.00000
0.00000
0.00000
0.00000
0.00000
0.00000
0.00000
0.00000
0.01152
0.05505
0.12881
0.22186
0.32040
0.40983
0.47689
0.51163
0.50890
0.46911
0.39816
0.30657
0.20791
0.00000
0.00000
0.00000
0.00000
0.00000
0.00000
0.00000
0.00000
0.00000
0.00000
0.00000
0.01369
0.08324
0.19808
0.34081
0.48982
0.62254
0.71889
0.76427
0.75181
0.68339
0.56937
0.42703
0.27792
0.00000
0.00000
0.00000
0.00000
0.00000
0.00000
0.00000
0.00000
0.00000
0.00000
0.00000
0.01340
0.08148
0.19389
0.33360
0.47946
0.60938
0.70369
0.74810
0.73590
0.66893
0.55733
0.41800
0.27204
0.00000
0.00000
0.00000
0.00000
0.00000
0.00000
0.00000
0.00000
0.00000
0.00000
0.00000
0.00739
0.04496
0.10697
0.18406
0.26453
0.33622
0.38825
0.41276
0.40603
0.36908
0.30750
0.23063
0.15009
0.00000
0.00000
0.00000
0.00000
0.00000
0.00000
0.00000
0.00000
0.00000
0.00000
0.00000
0.01196
0.07272
0.17303
0.29772
0.42789
0.54384
0.62800
0.66764
0.65675
0.59699
0.49739
0.37304
0.24278
0.00000
0.00000
0.00000
0.00000
0.00000
0.00000
0.00000
0.00000
0.00000
0.00000
0.00000
0.00761
0.04626
0.11009
0.18942
0.27224
0.34601
0.39955
0.42477
0.41785
0.37982
0.31645
0.23734
0.15446
0.00000
0.00000
0.00000
0.00000
0.00000
0.00000
0.00000
0.00000
0.00000
0.00000
0.00000
0.00967
0.05883
0.13999
0.24086
0.34617
0.43998
0.50807
0.54014
0.53133
0.48298
0.40240
0.30180
0.19641
0.00000
0.00000
0.00000
0.00000
0.00000
0.00000
0.00000
0.00000
0.00000
0.00000
0.00000
0.00954
0.05802
0.13805
0.23753
0.34138
0.43389
0.50104
0.53267
0.52398
0.47629
0.39683
0.29763
0.19370
0.00000
0.00000
0.00000
0.00000
0.00000
0.00000
0.00000
0.00000
0.00000
0.00000
0.00000
0.01110
0.06751
0.16064
0.27639
0.39723
0.50487
0.58301
0.61981
0.60970
0.55421
0.46175
0.34632
0.22538
0.00000
0.00000
0.00000
0.00000
0.00000
0.00000
0.00000
0.00000
0.00000
0.00000
0.00000
0.01265
0.07693
0.18305
0.31496
0.45267
0.57533
0.66437
0.70631
0.69479
0.63156
0.52619
0.39465
0.25684
0.00000
0.00000
0.00000
0.00000
0.00000
0.00000
0.00000
0.00000
0.00000
0.00000
0.00000
0.01385
0.08420
0.20036
0.34474
0.49547
0.62973
0.72719
0.77309
0.76048
0.69127
0.57594
0.43196
0.28112
0.00000
0.00000
0.00000
0.00000
0.00000
0.00000
0.00000
0.00000
0.00000
0.00000
0.00000
0.01297
0.07889
0.18771
0.32297
0.46419
0.58997
0.68128
0.72428
0.71247
0.64763
0.53958
0.40469
0.26337
0.00000
0.00000
0.00000
0.00000
0.00000
0.00000
0.00000
0.00000
0.00000
0.00000
0.00000
0.01325
0.08060
0.19179
0.32998
0.47426
0.60277
0.69606
0.74000
0.72793
0.66168
0.55129
0.41347
0.26909
0.00000
0.00000
0.00000
0.00000
0.00000
0.00000
0.00000
0.00000
0.00000
0.00000
0.00000
0.01242
0.07551
0.17967
0.30913
0.44430
0.56469
0.65209
0.69325
0.68194
0.61988
0.51646
0.38735
0.25209
0.00000
0.00000
0.00000
0.00000
0.00000
0.00000
0.00000
0.00000
0.00000
0.00000
0.00000
0.01189
0.07228
0.17199
0.29592
0.42530
0.54055
0.62421
0.66361
0.65279
0.59338
0.49438
0.37079
0.24131
0.00000
0.00000
0.00000
0.00000
0.00000
0.00000
0.00000
0.00000
0.00000
0.00000
0.00000
0.01366
0.08304
0.19760
0.33998
0.48864
0.62104
0.71716
0.76243
0.74999
0.68174
0.56800
0.42600
0.27725
0.00000
0.00000
0.00000
0.00000
0.00000
0.00000
0.00000
0.00000
0.00000
0.00000
0.00000
0.01243
0.07558
0.17985
0.30944
0.44474
0.56526
0.65274
0.69394
0.68262
0.62050
0.51698
0.38774
0.25234
0.00000
0.00000
0.00000
0.00000
0.00000
0.00000
0.00000
0.00000
0.00000
0.00000
0.00000
0.01128
0.06862
0.16328
0.28094
0.40377
0.51319
0.59261
0.63002
0.61974
0.56334
0.46936
0.35202
0.22910
0.00000
0.00000
0.00000
0.00000
0.00000
0.00000
0.00000
0.00000
0.00000
0.00000
0.00000
0.01175
0.07145
0.17003
0.29255
0.42046
0.53440
0.61710
0.65606
0.64536
0.58663
0.48876
0.36657
0.23857
0.00000
0.00000
0.00000
0.00000
0.00000
0.00000
0.00000
0.00000
0.00000
0.00000
0.00000
0.00935
0.05683
0.13524
0.23269
0.33443
0.42505
0.49083
0.52181
0.51330
0.46659
0.38875
0.29156
0.18975
0.00000
0.00000
0.00000
0.00000
0.00000
0.00000
0.00000
0.00000
0.00000
0.00000
0.00000
0.01104
0.06715
0.15979
0.27493
0.39513
0.50220
0.57993
0.61653
0.60648
0.55129
0.45931
0.34449
0.22419
0.00000
0.00000
0.00000
0.00000
0.00000
0.00000
0.00000
0.00000
0.00000
0.00000
0.00000
0.01178
0.07166
0.17052
0.29340
0.42168
0.53595
0.61889
0.65796
0.64723
0.58833
0.49017
0.36763
0.23926
0.00000
0.00000
0.00000
0.00000
0.00000
0.00000
0.00000
0.00000
0.00000
0.00000
0.00000
0.01054
0.06406
0.15245
0.26229
0.37698
0.47913
0.55328
0.58820
0.57861
0.52596
0.43821
0.32866
0.21389
0.00000
0.00000
0.00000
0.00000
0.00000
0.00000
0.00000
0.00000
0.00000
0.00000
0.00000
0.01191
0.07242
0.17233
0.29650
0.42614
0.54162
0.62544
0.66492
0.65407
0.59455
0.49536
0.37152
0.24179
0.00000
0.00000
0.00000
0.00000
0.00000
0.00000
0.00000
0.00000
0.00000
0.00000
0.00000
0.01239
0.07536
0.17932
0.30854
0.44344
0.56360
0.65083
0.69191
0.68062
0.61868
0.51547
0.38660
0.25160
0.00000
0.00000
0.00000
0.00000
0.00000
0.00000
0.00000
0.00000
0.00000
0.00000
0.00000
0.01389
0.08448
0.20103
0.34589
0.49712
0.63183
0.72962
0.77567
0.76302
0.69358
0.57787
0.43340
0.28206
0.00000
0.00000
0.00000
0.00000
0.00000
0.00000
0.00000
0.00000
0.00000
0.00000
0.00000
0.01550
0.09424
0.22424
0.38582
0.55451
0.70477
0.81385
0.86522
0.85111
0.77365
0.64458
0.48344
0.31462
0.00000
0.00000
0.00000
0.00000
0.00000
0.00000
0.00000
0.00000
0.00000
0.00000
0.00000
0.01385
0.08421
0.20039
0.34478
0.49553
0.62981
0.72728
0.77319
0.76058
0.69136
0.57602
0.43202
0.28116
0.00000
0.00000
0.00000
0.00000
0.00000
0.00000
0.00000
0.00000
0.00000
0.00000
0.00000
0.01127
0.06851
0.16303
0.28051
0.40316
0.51240
0.59170
0.62905
0.61879
0.56248
0.46864
0.35148
0.22875
0.00000
0.00000
0.00000
0.00000
0.00000
0.00000
0.00000
0.00000
0.00000
0.00000
0.00000
0.01339
0.08141
0.19372
0.33331
0.47904
0.60885
0.70308
0.74746
0.73527
0.66835
0.55685
0.41764
0.27180
0.00000
0.00000
0.00000
0.00000
0.00000
0.00000
0.00000
0.00000
0.00000
0.00000
0.00000
0.01099
0.06682
0.15901
0.27358
0.39320
0.49975
0.57709
0.61352
0.60352
0.54859
0.45707
0.34280
0.22310
0.00000
0.00000
0.00000
0.00000
0.00000
0.00000
0.00000
0.00000
0.00000
0.00000
0.00000
0.00885
0.06163
0.14924
0.25756
0.36913
0.46597
0.53248
0.55792
0.53820
0.47650
0.38277
0.27210
0.16235
0.00000
0.00000
0.00000
0.00000
0.00000
0.00000
0.00000
0.00000
0.00000
0.00000
0.00000
0.01056
0.07354
0.17808
0.30734
0.44048
0.55604
0.63539
0.66575
0.64223
0.56860
0.45675
0.32470
0.19373
0.00000
0.00000
0.00000
0.00000
0.00000
0.00000
0.00000
0.00000
0.00000
0.00000
0.00000
0.01058
0.07368
0.17842
0.30792
0.44131
0.55708
0.63659
0.66701
0.64344
0.56968
0.45761
0.32531
0.19409
0.00000
0.00000
0.00000
0.00000
0.00000
0.00000
0.00000
0.00000
0.00000
0.00000
0.00000
0.00465
0.03235
0.07833
0.13518
0.19374
0.24456
0.27947
0.29282
0.28247
0.25009
0.20089
0.14281
0.08521
0.00000
0.00000
0.00000
0.00000
0.00000
0.00000
0.00000
0.00000
0.00000
0.00000
0.00000
0.00424
0.02950
0.07143
0.12328
0.17668
0.22303
0.25486
0.26704
0.25760
0.22807
0.18321
0.13024
0.07771
0.00000
0.00000
0.00000
0.00000
0.00000
0.00000
0.00000
0.00000
0.00000
0.00000
0.00000
0.01184
0.08247
0.19971
0.34467
0.49398
0.62357
0.71257
0.74661
0.72023
0.63766
0.51223
0.36413
0.21726
0.00000
0.00000
0.00000
0.00000
0.00000
0.00000
0.00000
0.00000
0.00000
0.00000
0.00000
0.00732
0.05096
0.12340
0.21296
0.30521
0.38529
0.44027
0.46131
0.44501
0.39399
0.31649
0.22499
0.13424
0.00000
0.00000
0.00000
0.00000
0.00000
0.00000
0.00000
0.00000
0.00000
0.00000
0.00000
0.00753
0.05246
0.12703
0.21923
0.31420
0.39663
0.45323
0.47489
0.45811
0.40559
0.32580
0.23161
0.13819
0.00000
0.00000
0.00000
0.00000
0.00000
0.00000
0.00000
0.00000
0.00000
0.00000
0.00000
0.00886
0.06169
0.14938
0.25780
0.36948
0.46641
0.53298
0.55845
0.53871
0.47696
0.38313
0.27236
0.16250
0.00000
0.00000
0.00000
0.00000
0.00000
0.00000
0.00000
0.00000
0.00000
0.00000
0.00000
0.00938
0.06530
0.15813
0.27290
0.39113
0.49374
0.56420
0.59116
0.57027
0.50490
0.40558
0.28832
0.17202
0.00000
0.00000
0.00000
0.00000
0.00000
0.00000
0.00000
0.00000
0.00000
0.00000
0.00000
0.01277
0.08890
0.21527
0.37152
0.53247
0.67216
0.76809
0.80479
0.77635
0.68735
0.55214
0.39251
0.23418
0.00000
0.00000
0.00000
0.00000
0.00000
0.00000
0.00000
0.00000
0.00000
0.00000
0.00000
0.00672
0.04676
0.11325
0.19544
0.28011
0.35359
0.40406
0.42336
0.40840
0.36159
0.29046
0.20648
0.12319
0.00000
0.00000
0.00000
0.00000
0.00000
0.00000
0.00000
0.00000
0.00000
0.00000
0.00000
0.00634
0.04412
0.10685
0.18441
0.26429
0.33363
0.38124
0.39946
0.38535
0.34117
0.27406
0.19482
0.11624
0.00000
0.00000
0.00000
0.00000
0.00000
0.00000
0.00000
0.00000
0.00000
0.00000
0.00000
0.01175
0.08184
0.19818
0.34203
0.49020
0.61880
0.70712
0.74091
0.71472
0.63279
0.50831
0.36135
0.21559
0.00000
0.00000
0.00000
0.00000
0.00000
0.00000
0.00000
0.00000
0.00000
0.00000
0.00000
0.00946
0.06586
0.15949
0.27525
0.39448
0.49798
0.56905
0.59624
0.57517
0.50923
0.40906
0.29079
0.17350
0.00000
0.00000
0.00000
0.00000
0.00000
0.00000
0.00000
0.00000
0.00000
0.00000
0.00000
0.00916
0.06377
0.15443
0.26653
0.38198
0.48220
0.55102
0.57735
0.55694
0.49310
0.39610
0.28158
0.16800
0.00000
0.00000
0.00000
0.00000
0.00000
0.00000
0.00000
0.00000
0.00000
0.00000
0.00000
0.00403
0.02805
0.06792
0.11722
0.16800
0.21208
0.24235
0.25393
0.24495
0.21687
0.17421
0.12384
0.07389
0.00000
0.00000
0.00000
0.00000
0.00000
0.00000
0.00000
0.00000
0.00000
0.00000
0.00000
0.00774
0.05392
0.13058
0.22535
0.32298
0.40771
0.46590
0.48816
0.47091
0.41693
0.33491
0.23808
0.14205
0.00000
0.00000
0.00000
0.00000
0.00000
0.00000
0.00000
0.00000
0.00000
0.00000
0.00000
0.01086
0.07561
0.18309
0.31599
0.45288
0.57169
0.65328
0.68449
0.66030
0.58461
0.46961
0.33384
0.19918
0.00000
0.00000
0.00000
0.00000
0.00000
0.00000
0.00000
0.00000
0.00000
0.00000
0.00000
0.01079
0.07515
0.18199
0.31409
0.45015
0.56825
0.64935
0.68038
0.65634
0.58110
0.46679
0.33183
0.19798
0.00000
0.00000
0.00000
0.00000
0.00000
0.00000
0.00000
0.00000
0.00000
0.00000
0.00000
0.00796
0.05540
0.13415
0.23151
0.33180
0.41885
0.47863
0.50150
0.48378
0.42832
0.34406
0.24459
0.14593
0.00000
0.00000
0.00000
0.00000
0.00000
0.00000
0.00000
0.00000
0.00000
0.00000
0.00000
0.00986
0.06862
0.16617
0.28679
0.41103
0.51886
0.59291
0.62124
0.59929
0.53059
0.42621
0.30299
0.18077
0.00000
0.00000
0.00000
0.00000
0.00000
0.00000
0.00000
0.00000
0.00000
0.00000
0.00000
0.01003
0.06981
0.16906
0.29177
0.41816
0.52787
0.60320
0.63203
0.60969
0.53980
0.43361
0.30825
0.18391
0.00000
0.00000
0.00000
0.00000
0.00000
0.00000
0.00000
0.00000
0.00000
0.00000
0.00000
0.00654
0.04554
0.11029
0.19034
0.27280
0.34436
0.39351
0.41231
0.39774
0.35215
0.28287
0.20109
0.11998
0.00000
0.00000
0.00000
0.00000
0.00000
0.00000
0.00000
0.00000
0.00000
0.00000
0.00000
0.01073
0.07469
0.18087
0.31216
0.44738
0.56476
0.64536
0.67619
0.65230
0.57752
0.46391
0.32979
0.19676
0.00000
0.00000
0.00000
0.00000
0.00000
0.00000
0.00000
0.00000
0.00000
0.00000
0.00000
0.00935
0.06513
0.15772
0.27220
0.39011
0.49246
0.56274
0.58963
0.56880
0.50359
0.40453
0.28757
0.17158
0.00000
0.00000
0.00000
0.00000
0.00000
0.00000
0.00000
0.00000
0.00000
0.00000
0.00000
0.00749
0.05213
0.12624
0.21787
0.31225
0.39418
0.45043
0.47195
0.45528
0.40308
0.32379
0.23018
0.13733
0.00000
0.00000
0.00000
0.00000
0.00000
0.00000
0.00000
0.00000
0.00000
0.00000
0.00000
0.01098
0.07645
0.18514
0.31951
0.45793
0.57806
0.66056
0.69213
0.66767
0.59113
0.47484
0.33756
0.20140
0.00000
0.00000
0.00000
0.00000
0.00000
0.00000
0.00000
0.00000
0.00000
0.00000
0.00000
0.00588
0.04095
0.09917
0.17115
0.24529
0.30965
0.35384
0.37075
0.35764
0.31664
0.25436
0.18082
0.10788
0.00000
0.00000
0.00000
0.00000
0.00000
0.00000
0.00000
0.00000
0.00000
0.00000
0.00000
0.01288
0.08971
0.21725
0.37493
0.53735
0.67833
0.77513
0.81217
0.78347
0.69366
0.55720
0.39611
0.23633
0.00000
0.00000
0.00000
0.00000
0.00000
0.00000
0.00000
0.00000
0.00000
0.00000
0.00000
0.01086
0.07561
0.18310
0.31600
0.45289
0.57171
0.65331
0.68452
0.66033
0.58463
0.46963
0.33385
0.19919
0.00000
0.00000
0.00000
0.00000
0.00000
0.00000
0.00000
0.00000
0.00000
0.00000
0.00000
0.00000
0.03873
0.12860
0.24015
0.35509
0.45456
0.52228
0.54713
0.52504
0.45964
0.36164
0.24711
0.13483
0.00000
0.00000
0.00000
0.00000
0.00000
0.00000
0.00000
0.00000
0.00000
0.00000
0.00000
0.00000
0.03333
0.11070
0.20672
0.30566
0.39129
0.44957
0.47096
0.45195
0.39565
0.31130
0.21271
0.11606
0.00000
0.00000
0.00000
0.00000
0.00000
0.00000
0.00000
0.00000
0.00000
0.00000
0.00000
0.00000
0.04245
0.14098
0.26326
0.38925
0.49829
0.57252
0.59976
0.57555
0.50386
0.39643
0.27089
0.14780
0.00000
0.00000
0.00000
0.00000
0.00000
0.00000
0.00000
0.00000
0.00000
0.00000
0.00000
0.00000
0.03136
0.10416
0.19450
0.28759
0.36816
0.42300
0.44313
0.42524
0.37227
0.29290
0.20014
0.10920
0.00000
0.00000
0.00000
0.00000
0.00000
0.00000
0.00000
0.00000
0.00000
0.00000
0.00000
0.00000
0.03277
0.10883
0.20323
0.30049
0.38467
0.44197
0.46300
0.44431
0.38896
0.30604
0.20912
0.11410
0.00000
0.00000
0.00000
0.00000
0.00000
0.00000
0.00000
0.00000
0.00000
0.00000
0.00000
0.00000
0.03438
0.11419
0.21323
0.31528
0.40361
0.46373
0.48579
0.46618
0.40811
0.32110
0.21941
0.11971
0.00000
0.00000
0.00000
0.00000
0.00000
0.00000
0.00000
0.00000
0.00000
0.00000
0.00000
0.00000
0.03812
0.12660
0.23640
0.34954
0.44746
0.51412
0.53858
0.51684
0.45246
0.35599
0.24325
0.13272
0.00000
0.00000
0.00000
0.00000
0.00000
0.00000
0.00000
0.00000
0.00000
0.00000
0.00000
0.00000
0.05208
0.17296
0.32299
0.47756
0.61135
0.70242
0.73584
0.70613
0.61817
0.48638
0.33234
0.18133
0.00000
0.00000
0.00000
0.00000
0.00000
0.00000
0.00000
0.00000
0.00000
0.00000
0.00000
0.00000
0.00689
0.02287
0.04271
0.06314
0.08083
0.09287
0.09729
0.09337
0.08174
0.06431
0.04394
0.02398
0.00000
0.00000
0.00000
0.00000
0.00000
0.00000
0.00000
0.00000
0.00000
0.00000
0.00000
0.00000
0.05816
0.19315
0.36069
0.53331
0.68272
0.78442
0.82174
0.78857
0.69034
0.54316
0.37115
0.20250
0.00000
0.00000
0.00000
0.00000
0.00000
0.00000
0.00000
0.00000
0.00000
0.00000
0.00000
0.00000
0.04363
0.14488
0.27054
0.40001
0.51207
0.58836
0.61635
0.59147
0.51779
0.40740
0.27838
0.15189
0.00000
0.00000
0.00000
0.00000
0.00000
0.00000
0.00000
0.00000
0.00000
0.00000
0.00000
0.00000
0.05475
0.18183
0.33954
0.50204
0.64269
0.73843
0.77356
0.74234
0.64987
0.51131
0.34938
0.19063
0.00000
0.00000
0.00000
0.00000
0.00000
0.00000
0.00000
0.00000
0.00000
0.00000
0.00000
0.00000
0.03590
0.11921
0.22260
0.32913
0.42134
0.48411
0.50714
0.48667
0.42605
0.33521
0.22905
0.12497
0.00000
0.00000
0.00000
0.00000
0.00000
0.00000
0.00000
0.00000
0.00000
0.00000
0.00000
0.00000
0.05722
0.19004
0.35487
0.52471
0.67171
0.77177
0.80849
0.77585
0.67921
0.53440
0.36516
0.19923
0.00000
0.00000
0.00000
0.00000
0.00000
0.00000
0.00000
0.00000
0.00000
0.00000
0.00000
0.00000
0.03105
0.10310
0.19253
0.28467
0.36442
0.41871
0.43863
0.42092
0.36849
0.28993
0.19811
0.10809
0.00000
0.00000
0.00000
0.00000
0.00000
0.00000
0.00000
0.00000
0.00000
0.00000
0.00000
0.00000
0.04964
0.16485
0.30784
0.45516
0.58267
0.66947
0.70132
0.67301
0.58918
0.46356
0.31676
0.17283
0.00000
0.00000
0.00000
0.00000
0.00000
0.00000
0.00000
0.00000
0.00000
0.00000
0.00000
0.00000
0.05021
0.16673
0.31135
0.46036
0.58933
0.67711
0.70933
0.68070
0.59591
0.46886
0.32037
0.17480
0.00000
0.00000
0.00000
0.00000
0.00000
0.00000
0.00000
0.00000
0.00000
0.00000
0.00000
0.00000
0.04210
0.13980
0.26105
0.38598
0.49412
0.56772
0.59473
0.57073
0.49963
0.39311
0.26862
0.14656
0.00000
0.00000
0.00000
0.00000
0.00000
0.00000
0.00000
0.00000
0.00000
0.00000
0.00000
0.00000
0.03376
0.11213
0.20939
0.30960
0.39633
0.45537
0.47703
0.45778
0.40075
0.31531
0.21546
0.11756
0.00000
0.00000
0.00000
0.00000
0.00000
0.00000
0.00000
0.00000
0.00000
0.00000
0.00000
0.00000
0.03493
0.11600
0.21662
0.32029
0.41002
0.47110
0.49352
0.47360
0.41460
0.32621
0.22290
0.12162
0.00000
0.00000
0.00000
0.00000
0.00000
0.00000
0.00000
0.00000
0.00000
0.00000
0.00000
0.00000
0.02978
0.09891
0.18471
0.27310
0.34961
0.40169
0.42080
0.40382
0.35351
0.27814
0.19006
0.10370
0.00000
0.00000
0.00000
0.00000
0.00000
0.00000
0.00000
0.00000
0.00000
0.00000
0.00000
0.00000
0.04058
0.13478
0.25168
0.37213
0.47638
0.54734
0.57339
0.55024
0.48170
0.37900
0.25897
0.14130
0.00000
0.00000
0.00000
0.00000
0.00000
0.00000
0.00000
0.00000
0.00000
0.00000
0.00000
0.00000
0.03804
0.12633
0.23591
0.34881
0.44653
0.51305
0.53746
0.51576
0.45151
0.35525
0.24275
0.13244
0.00000
0.00000
0.00000
0.00000
0.00000
0.00000
0.00000
0.00000
0.00000
0.00000
0.00000
0.00000
0.00627
0.02082
0.03888
0.05749
0.07360
0.08456
0.08859
0.08501
0.07442
0.05855
0.04001
0.02183
0.00000
0.00000
0.00000
0.00000
0.00000
0.00000
0.00000
0.00000
0.00000
0.00000
0.00000
0.00000
0.00905
0.03006
0.05613
0.08300
0.10625
0.12208
0.12789
0.12273
0.10744
0.08453
0.05776
0.03152
0.00000
0.00000
0.00000
0.00000
0.00000
0.00000
0.00000
0.00000
0.00000
0.00000
0.00000
0.00000
0.02747
0.09123
0.17035
0.25188
0.32245
0.37048
0.38811
0.37244
0.32605
0.25653
0.17529
0.09564
0.00000
0.00000
0.00000
0.00000
0.00000
0.00000
0.00000
0.00000
0.00000
0.00000
0.00000
0.00000
0.03794
0.12600
0.23529
0.34789
0.44535
0.51169
0.53604
0.51440
0.45032
0.35431
0.24211
0.13210
0.00000
0.00000
0.00000
0.00000
0.00000
0.00000
0.00000
0.00000
0.00000
0.00000
0.00000
0.00000
0.04415
0.14661
0.27378
0.40481
0.51822
0.59541
0.62374
0.59856
0.52400
0.41228
0.28172
0.15371
0.00000
0.00000
0.00000
0.00000
0.00000
0.00000
0.00000
0.00000
0.00000
0.00000
0.00000
0.00000
0.04697
0.15599
0.29129
0.43070
0.55136
0.63349
0.66364
0.63685
0.55752
0.43865
0.29973
0.16354
0.00000
0.00000
0.00000
0.00000
0.00000
0.00000
0.00000
0.00000
0.00000
0.00000
0.00000
0.00000
0.05035
0.16722
0.31226
0.46170
0.59105
0.67910
0.71141
0.68269
0.59765
0.47023
0.32131
0.17531
0.00000
0.00000
0.00000
0.00000
0.00000
0.00000
0.00000
0.00000
0.00000
0.00000
0.00000
0.00000
0.03764
0.13853
0.26851
0.40569
0.52701
0.61204
0.64648
0.62452
0.54988
0.43510
0.29950
0.16589
0.00000
0.00000
0.00000
0.00000
0.00000
0.00000
0.00000
0.00000
0.00000
0.00000
0.00000
0.00000
0.02896
0.10658
0.20657
0.31211
0.40544
0.47086
0.49735
0.48046
0.42304
0.33473
0.23041
0.12763
0.00000
0.00000
0.00000
0.00000
0.00000
0.00000
0.00000
0.00000
0.00000
0.00000
0.00000
0.00000
0.02286
0.08413
0.16307
0.24638
0.32006
0.37170
0.39262
0.37928
0.33395
0.26424
0.18189
0.10075
0.00000
0.00000
0.00000
0.00000
0.00000
0.00000
0.00000
0.00000
0.00000
0.00000
0.00000
0.00000
0.02766
0.10181
0.19734
0.29816
0.38732
0.44981
0.47512
0.45899
0.40413
0.31977
0.22011
0.12192
0.00000
0.00000
0.00000
0.00000
0.00000
0.00000
0.00000
0.00000
0.00000
0.00000
0.00000
0.00000
0.04161
0.15312
0.29679
0.44843
0.58252
0.67650
0.71457
0.69030
0.60779
0.48092
0.33104
0.18337
0.00000
0.00000
0.00000
0.00000
0.00000
0.00000
0.00000
0.00000
0.00000
0.00000
0.00000
0.00000
0.03781
0.13916
0.26973
0.40755
0.52942
0.61484
0.64943
0.62738
0.55239
0.43708
0.30086
0.16665
0.00000
0.00000
0.00000
0.00000
0.00000
0.00000
0.00000
0.00000
0.00000
0.00000
0.00000
0.00000
0.03253
0.11973
0.23207
0.35064
0.45549
0.52899
0.55875
0.53977
0.47526
0.37605
0.25885
0.14338
0.00000
0.00000
0.00000
0.00000
0.00000
0.00000
0.00000
0.00000
0.00000
0.00000
0.00000
0.00000
0.03294
0.12122
0.23496
0.35500
0.46116
0.53557
0.56570
0.54649
0.48117
0.38073
0.26207
0.14517
0.00000
0.00000
0.00000
0.00000
0.00000
0.00000
0.00000
0.00000
0.00000
0.00000
0.00000
0.00000
0.03169
0.11664
0.22607
0.34158
0.44372
0.51531
0.54431
0.52582
0.46297
0.36633
0.25216
0.13968
0.00000
0.00000
0.00000
0.00000
0.00000
0.00000
0.00000
0.00000
0.00000
0.00000
0.00000
0.00000
0.02084
0.07669
0.14865
0.22460
0.29177
0.33884
0.35790
0.34575
0.30442
0.24088
0.16581
0.09184
0.00000
0.00000
0.00000
0.00000
0.00000
0.00000
0.00000
0.00000
0.00000
0.00000
0.00000
0.00000
0.03872
0.14249
0.27619
0.41730
0.54209
0.62955
0.66497
0.64239
0.56561
0.44754
0.30806
0.17064
0.00000
0.00000
0.00000
0.00000
0.00000
0.00000
0.00000
0.00000
0.00000
0.00000
0.00000
0.00000
0.02971
0.10933
0.21191
0.32018
0.41592
0.48303
0.51021
0.49288
0.43397
0.34338
0.23637
0.13093
0.00000
0.00000
0.00000
0.00000
0.00000
0.00000
0.00000
0.00000
0.00000
0.00000
0.00000
0.00000
0.02948
0.10850
0.21030
0.31775
0.41276
0.47936
0.50633
0.48914
0.43067
0.34077
0.23457
0.12993
0.00000
0.00000
0.00000
0.00000
0.00000
0.00000
0.00000
0.00000
0.00000
0.00000
0.00000
0.00000
0.04031
0.14837
0.28757
0.43450
0.56443
0.65549
0.69238
0.66886
0.58892
0.46599
0.32076
0.17767
0.00000
0.00000
0.00000
0.00000
0.00000
0.00000
0.00000
0.00000
0.00000
0.00000
0.00000
0.00000
0.04469
0.16448
0.31880
0.48168
0.62572
0.72668
0.76757
0.74150
0.65287
0.51659
0.35559
0.19697
0.00000
0.00000
0.00000
0.00000
0.00000
0.00000
0.00000
0.00000
0.00000
0.00000
0.00000
0.00000
0.04160
0.15311
0.29677
0.44840
0.58249
0.67647
0.71453
0.69027
0.60776
0.48090
0.33102
0.18336
0.00000
0.00000
0.00000
0.00000
0.00000
0.00000
0.00000
0.00000
0.00000
0.00000
0.00000
0.00000
0.03330
0.12256
0.23754
0.35891
0.46624
0.54146
0.57193
0.55251
0.48647
0.38492
0.26496
0.14676
0.00000
0.00000
0.00000
0.00000
0.00000
0.00000
0.00000
0.00000
0.00000
0.00000
0.00000
0.00000
0.03025
0.11135
0.21582
0.32609
0.42360
0.49194
0.51962
0.50198
0.44198
0.34972
0.24073
0.13334
0.00000
0.00000
0.00000
0.00000
0.00000
0.00000
0.00000
0.00000
0.00000
0.00000
0.00000
0.00000
0.02439
0.08975
0.17396
0.26283
0.34143
0.39652
0.41883
0.40460
0.35624
0.28188
0.19403
0.10748
0.00000
0.00000
0.00000
0.00000
0.00000
0.00000
0.00000
0.00000
0.00000
0.00000
0.00000
0.00000
0.03930
0.14465
0.28036
0.42360
0.55027
0.63906
0.67501
0.65209
0.57415
0.45430
0.31272
0.17322
0.00000
0.00000
0.00000
0.00000
0.00000
0.00000
0.00000
0.00000
0.00000
0.00000
0.00000
0.00000
0.03498
0.12875
0.24954
0.37704
0.48979
0.56881
0.60082
0.58041
0.51104
0.40436
0.27834
0.15418
0.00000
0.00000
0.00000
0.00000
0.00000
0.00000
0.00000
0.00000
0.00000
0.00000
0.00000
0.00000
0.01361
0.05009
0.09709
0.14670
0.19057
0.22131
0.23377
0.22583
0.19884
0.15733
0.10830
0.05999
0.00000
0.00000
0.00000
0.00000
0.00000
0.00000
0.00000
0.00000
0.00000
0.00000
0.00000
0.00000
0.03886
0.14301
0.27718
0.41880
0.54404
0.63182
0.66736
0.64470
0.56764
0.44915
0.30917
0.17125
0.00000
0.00000
0.00000
0.00000
0.00000
0.00000
0.00000
0.00000
0.00000
0.00000
0.00000
0.00000
0.03645
0.13415
0.26001
0.39286
0.51033
0.59267
0.62602
0.60476
0.53248
0.42133
0.29002
0.16064
0.00000
0.00000
0.00000
0.00000
0.00000
0.00000
0.00000
0.00000
0.00000
0.00000
0.00000
0.00000
0.02720
0.10012
0.19405
0.29320
0.38088
0.44233
0.46722
0.45135
0.39741
0.31445
0.21645
0.11989
0.00000
0.00000
0.00000
0.00000
0.00000
0.00000
0.00000
0.00000
0.00000
0.00000
0.00000
0.00000
0.03683
0.13556
0.26274
0.39698
0.51570
0.59890
0.63260
0.61112
0.53807
0.42576
0.29307
0.16233
0.00000
0.00000
0.00000
0.00000
0.00000
0.00000
0.00000
0.00000
0.00000
0.00000
0.00000
0.00000
0.03746
0.13788
0.26724
0.40378
0.52452
0.60915
0.64342
0.62157
0.54728
0.43304
0.29808
0.16511
0.00000
0.00000
0.00000
0.00000
0.00000
0.00000
0.00000
0.00000
0.00000
0.00000
0.00000
0.00000
0.02012
0.07405
0.14353
0.21687
0.28172
0.32717
0.34558
0.33384
0.29394
0.23258
0.16010
0.08868
0.00000
0.00000
0.00000
0.00000
0.00000
0.00000
0.00000
0.00000
0.00000
0.00000
0.00000
0.00000
0.04209
0.15490
0.30023
0.45362
0.58927
0.68434
0.72285
0.69830
0.61484
0.48650
0.33488
0.18549
0.00000
0.00000
0.00000
0.00000
0.00000
0.00000
0.00000
0.00000
0.00000
0.00000
0.00000
0.00000
0.04661
0.17153
0.33247
0.50234
0.65256
0.75784
0.80048
0.77330
0.68087
0.53875
0.37084
0.20541
0.00000
0.00000
0.00000
0.00000
0.00000
0.00000
0.00000
0.00000
0.00000
0.00000
0.00000
0.00000
0.04082
0.15022
0.29116
0.43992
0.57147
0.66367
0.70101
0.67720
0.59626
0.47180
0.32476
0.17989
0.00000
0.00000
0.00000
0.00000
0.00000
