0.00000
0.00000
0.00000
0.00000
0.00000
0.00000
0.00000
0.04101
0.14209
0.28450
0.44319
0.59023
0.69977
0.75252
0.73920
0.66217
0.53497
0.37998
0.22447
0.00000
0.00000
0.00000
0.00000
0.00000
0.00000
0.00000
0.00000
0.00000
0.00000
0.00000
0.00000
0.03333
0.11547
0.23120
0.36016
0.47966
0.56867
0.61154
0.60072
0.53812
0.43475
0.30880
0.18242
0.00000
0.00000
0.00000
0.00000
0.00000
0.00000
0.00000
0.00000
0.00000
0.00000
0.00000
0.00000
0.04088
0.14165
0.28362
0.44181
0.58840
0.69759
0.75017
0.73691
0.66011
0.53331
0.37880
0.22377
0.00000
0.00000
0.00000
0.00000
0.00000
0.00000
0.00000
0.00000
0.00000
0.00000
0.00000
0.00000
0.04093
0.14182
0.28397
0.44235
0.58912
0.69845
0.75110
0.73781
0.66092
0.53396
0.37927
0.22405
0.00000
0.00000
0.00000
0.00000
0.00000
0.00000
0.00000
0.00000
0.00000
0.00000
0.00000
0.00000
0.04425
0.15331
0.30697
0.47818
0.63684
0.75502
0.81194
0.79757
0.71446
0.57722
0.40999
0.24220
0.00000
0.00000
0.00000
0.00000
0.00000
0.00000
0.00000
0.00000
0.00000
0.00000
0.00000
0.00000
0.04254
0.14738
0.29510
0.45969
0.61221
0.72582
0.78053
0.76673
0.68683
0.55489
0.39413
0.23283
0.00000
0.00000
0.00000
0.00000
0.00000
0.00000
0.00000
0.00000
0.00000
0.00000
0.00000
0.00000
0.04651
0.16114
0.32265
0.50262
0.66938
0.79360
0.85342
0.83833
0.75096
0.60671
0.43094
0.25457
0.00000
0.00000
0.00000
0.00000
0.00000
0.00000
0.00000
0.00000
0.00000
0.00000
0.00000
0.00000
0.03549
0.12298
0.24623
0.38357
0.51083
0.60563
0.65128
0.63976
0.57309
0.46300
0.32886
0.19427
0.00000
0.00000
0.00000
0.00000
0.00000
0.00000
0.00000
0.00000
0.00000
0.00000
0.00000
0.00000
0.03291
0.11401
0.22828
0.35561
0.47360
0.56149
0.60381
0.59313
0.53132
0.42926
0.30490
0.18011
0.00000
0.00000
0.00000
0.00000
0.00000
0.00000
0.00000
0.00000
0.00000
0.00000
0.00000
0.00000
0.03195
0.11068
0.22162
0.34523
0.45977
0.54509
0.58618
0.57581
0.51581
0.41673
0.29599
0.17486
0.00000
0.00000
0.00000
0.00000
0.00000
0.00000
0.00000
0.00000
0.00000
0.00000
0.00000
0.00000
0.04155
0.14395
0.28822
0.44897
0.59793
0.70890
0.76234
0.74885
0.67081
0.54195
0.38494
0.22740
0.00000
0.00000
0.00000
0.00000
0.00000
0.00000
0.00000
0.00000
0.00000
0.00000
0.00000
0.00000
0.04312
0.14941
0.29915
0.46600
0.62062
0.73579
0.79125
0.77726
0.69626
0.56251
0.39954
0.23603
0.00000
0.00000
0.00000
0.00000
0.00000
0.00000
0.00000
0.00000
0.00000
0.00000
0.00000
0.00000
0.03747
0.12983
0.25996
0.40496
0.53932
0.63940
0.68760
0.67544
0.60505
0.48882
0.34720
0.20511
0.00000
0.00000
0.00000
0.00000
0.00000
0.00000
0.00000
0.00000
0.00000
0.00000
0.00000
0.00000
0.02941
0.10190
0.20404
0.31784
0.42330
0.50185
0.53969
0.53014
0.47489
0.38367
0.27252
0.16099
0.00000
0.00000
0.00000
0.00000
0.00000
0.00000
0.00000
0.00000
0.00000
0.00000
0.00000
0.00000
0.04087
0.14162
0.28355
0.44171
0.58826
0.69743
0.75000
0.73674
0.65996
0.53319
0.37872
0.22372
0.00000
0.00000
0.00000
0.00000
0.00000
0.00000
0.00000
0.00000
0.00000
0.00000
0.00000
0.00000
0.03885
0.13460
0.26949
0.41981
0.55909
0.66285
0.71282
0.70021
0.62724
0.50675
0.35994
0.21263
0.00000
0.00000
0.00000
0.00000
0.00000
0.00000
0.00000
0.00000
0.00000
0.00000
0.00000
0.00000
0.03788
0.13123
0.26275
0.40931
0.54511
0.64627
0.69499
0.68269
0.61155
0.49408
0.35093
0.20731
0.00000
0.00000
0.00000
0.00000
0.00000
0.00000
0.00000
0.00000
0.00000
0.00000
0.00000
0.00000
0.04137
0.14332
0.28696
0.44702
0.59534
0.70582
0.75903
0.74560
0.66790
0.53960
0.38327
0.22641
0.00000
0.00000
0.00000
0.00000
0.00000
0.00000
0.00000
0.00000
0.00000
0.00000
0.00000
0.00000
0.02702
0.09360
0.18742
0.29195
0.38882
0.46098
0.49573
0.48696
0.43621
0.35242
0.25032
0.14787
0.00000
0.00000
0.00000
0.00000
0.00000
0.00000
0.00000
0.00000
0.00000
0.00000
0.00000
0.00000
0.03294
0.11413
0.22851
0.35596
0.47407
0.56204
0.60441
0.59372
0.53185
0.42968
0.30520
0.18029
0.00000
0.00000
0.00000
0.00000
0.00000
0.00000
0.00000
0.00000
0.00000
0.00000
0.00000
0.00000
0.02954
0.10235
0.20494
0.31924
0.42516
0.50406
0.54206
0.53247
0.47698
0.38536
0.27371
0.16169
0.00000
0.00000
0.00000
0.00000
0.00000
0.00000
0.00000
0.00000
0.00000
0.00000
0.00000
0.00000
0.03849
0.13336
0.26702
0.41596
0.55397
0.65677
0.70628
0.69379
0.62149
0.50211
0.35664
0.21068
0.00000
0.00000
0.00000
0.00000
0.00000
0.00000
0.00000
0.00000
0.00000
0.00000
0.00000
0.00000
0.03467
0.12011
0.24049
0.37463
0.49892
0.59151
0.63610
0.62485
0.55973
0.45221
0.32120
0.18974
0.00000
0.00000
0.00000
0.00000
0.00000
0.00000
0.00000
0.00000
0.00000
0.00000
0.00000
0.00000
0.04180
0.14484
0.29000
0.45176
0.60164
0.71329
0.76706
0.75349
0.67497
0.54531
0.38733
0.22881
0.00000
0.00000
0.00000
0.00000
0.00000
0.00000
0.00000
0.00000
0.00000
0.00000
0.00000
0.00000
0.04712
0.16326
0.32689
0.50923
0.67818
0.80403
0.86464
0.84935
0.76084
0.61469
0.43660
0.25792
0.00000
0.00000
0.00000
0.00000
0.00000
0.00000
0.00000
0.00000
0.00000
0.00000
0.00000
0.00000
0.04211
0.14589
0.29211
0.45504
0.60601
0.71847
0.77264
0.75897
0.67988
0.54928
0.39014
0.23047
0.00000
0.00000
0.00000
0.00000
0.00000
0.00000
0.00000
0.00000
0.00000
0.00000
0.00000
0.00000
0.03915
0.13566
0.27162
0.42313
0.56352
0.66809
0.71845
0.70575
0.63220
0.51076
0.36278
0.21431
0.00000
0.00000
0.00000
0.00000
0.00000
0.00000
0.00000
0.00000
0.00000
0.00000
0.00000
0.00000
0.04215
0.14603
0.29239
0.45548
0.60661
0.71918
0.77339
0.75971
0.68054
0.54981
0.39052
0.23070
0.00000
0.00000
0.00000
0.00000
0.00000
0.00000
0.00000
0.00000
0.00000
0.00000
0.00000
0.00000
0.04276
0.14816
0.29665
0.46211
0.61544
0.72965
0.78465
0.77077
0.69045
0.55782
0.39621
0.23406
0.00000
0.00000
0.00000
0.00000
0.00000
0.00000
0.00000
0.00000
0.00000
0.00000
0.00000
0.00000
0.02182
0.07559
0.15134
0.23575
0.31397
0.37224
0.40030
0.39322
0.35224
0.28458
0.20213
0.11941
0.00000
0.00000
0.00000
0.00000
0.00000
0.00000
0.00000
0.00000
0.00000
0.00000
0.00000
0.00000
0.03368
0.11669
0.23365
0.36397
0.48473
0.57468
0.61800
0.60707
0.54381
0.43934
0.31206
0.18435
0.00000
0.00000
0.00000
0.00000
0.00000
0.00000
0.00000
0.00000
0.00000
0.00000
0.00000
0.00000
0.00755
0.15257
0.32285
0.49524
0.64634
0.75563
0.80828
0.79712
0.72367
0.59792
0.43693
0.26257
0.09852
0.00000
0.00000
0.00000
0.00000
0.00000
0.00000
0.00000
0.00000
0.00000
0.00000
0.00000
0.00671
0.13569
0.28712
0.44043
0.57482
0.67201
0.71883
0.70891
0.64359
0.53175
0.38858
0.23352
0.08762
0.00000
0.00000
0.00000
0.00000
0.00000
0.00000
0.00000
0.00000
0.00000
0.00000
0.00000
0.00638
0.12896
0.27289
0.41860
0.54632
0.63870
0.68320
0.67377
0.61169
0.50539
0.36932
0.22194
0.08327
0.00000
0.00000
0.00000
0.00000
0.00000
0.00000
0.00000
0.00000
0.00000
0.00000
0.00000
0.00769
0.15542
0.32888
0.50449
0.65841
0.76975
0.82337
0.81201
0.73719
0.60909
0.44510
0.26748
0.10036
0.00000
0.00000
0.00000
0.00000
0.00000
0.00000
0.00000
0.00000
0.00000
0.00000
0.00000
0.00681
0.13759
0.29114
0.44661
0.58287
0.68143
0.72891
0.71884
0.65261
0.53921
0.39403
0.23679
0.08885
0.00000
0.00000
0.00000
0.00000
0.00000
0.00000
0.00000
0.00000
0.00000
0.00000
0.00000
0.00537
0.10861
0.22982
0.35254
0.46010
0.53790
0.57538
0.56743
0.51515
0.42563
0.31103
0.18691
0.07013
0.00000
0.00000
0.00000
0.00000
0.00000
0.00000
0.00000
0.00000
0.00000
0.00000
0.00000
0.00763
0.15429
0.32648
0.50081
0.65361
0.76414
0.81737
0.80609
0.73182
0.60465
0.44185
0.26553
0.09963
0.00000
0.00000
0.00000
0.00000
0.00000
0.00000
0.00000
0.00000
0.00000
0.00000
0.00000
0.00698
0.14103
0.29843
0.45778
0.59745
0.69848
0.74714
0.73682
0.66893
0.55269
0.40388
0.24271
0.09107
0.00000
0.00000
0.00000
0.00000
0.00000
0.00000
0.00000
0.00000
0.00000
0.00000
0.00000
0.00714
0.14433
0.30541
0.46849
0.61143
0.71482
0.76462
0.75407
0.68459
0.56563
0.41334
0.24839
0.09320
0.00000
0.00000
0.00000
0.00000
0.00000
0.00000
0.00000
0.00000
0.00000
0.00000
0.00000
0.00746
0.15081
0.31912
0.48952
0.63888
0.74691
0.79895
0.78792
0.71532
0.59102
0.43189
0.25954
0.09738
0.00000
0.00000
0.00000
0.00000
0.00000
0.00000
0.00000
0.00000
0.00000
0.00000
0.00000
0.00766
0.15484
0.32765
0.50261
0.65596
0.76688
0.82030
0.80898
0.73444
0.60682
0.44344
0.26648
0.09999
0.00000
0.00000
0.00000
0.00000
0.00000
0.00000
0.00000
0.00000
0.00000
0.00000
0.00000
0.00696
0.14074
0.29781
0.45684
0.59623
0.69705
0.74561
0.73531
0.66757
0.55156
0.40306
0.24222
0.09088
0.00000
0.00000
0.00000
0.00000
0.00000
0.00000
0.00000
0.00000
0.00000
0.00000
0.00000
0.00653
0.13200
0.27931
0.42846
0.55919
0.65375
0.69929
0.68964
0.62610
0.51730
0.37802
0.22717
0.08524
0.00000
0.00000
0.00000
0.00000
0.00000
0.00000
0.00000
0.00000
0.00000
0.00000
0.00000
0.00728
0.14714
0.31135
0.47761
0.62333
0.72873
0.77950
0.76874
0.69791
0.57664
0.42138
0.25323
0.09501
0.00000
0.00000
0.00000
0.00000
0.00000
0.00000
0.00000
0.00000
0.00000
0.00000
0.00000
0.00788
0.15934
0.33716
0.51720
0.67500
0.78914
0.84412
0.83247
0.75577
0.62444
0.45631
0.27422
0.10289
0.00000
0.00000
0.00000
0.00000
0.00000
0.00000
0.00000
0.00000
0.00000
0.00000
0.00000
0.00675
0.13641
0.28865
0.44278
0.57787
0.67559
0.72266
0.71268
0.64702
0.53458
0.39065
0.23476
0.08808
0.00000
0.00000
0.00000
0.00000
0.00000
0.00000
0.00000
0.00000
0.00000
0.00000
0.00000
0.00650
0.13141
0.27806
0.42655
0.55669
0.65082
0.69616
0.68655
0.62330
0.51499
0.37633
0.22615
0.08485
0.00000
0.00000
0.00000
0.00000
0.00000
0.00000
0.00000
0.00000
0.00000
0.00000
0.00000
0.00701
0.14165
0.29973
0.45978
0.60007
0.70154
0.75041
0.74005
0.67187
0.55512
0.40565
0.24378
0.09147
0.00000
0.00000
0.00000
0.00000
0.00000
0.00000
0.00000
0.00000
0.00000
0.00000
0.00000
0.00772
0.15600
0.33010
0.50637
0.66087
0.77262
0.82645
0.81504
0.73994
0.61136
0.44676
0.26848
0.10073
0.00000
0.00000
0.00000
0.00000
0.00000
0.00000
0.00000
0.00000
0.00000
0.00000
0.00000
0.00680
0.13755
0.29105
0.44646
0.58268
0.68120
0.72866
0.71860
0.65239
0.53903
0.39390
0.23671
0.08882
0.00000
0.00000
0.00000
0.00000
0.00000
0.00000
0.00000
0.00000
0.00000
0.00000
0.00000
0.00443
0.08962
0.18964
0.29090
0.37965
0.44385
0.47477
0.46822
0.42508
0.35121
0.25665
0.15423
0.05787
0.00000
0.00000
0.00000
0.00000
0.00000
0.00000
0.00000
0.00000
0.00000
0.00000
0.00000
0.00722
0.14602
0.30899
0.47398
0.61859
0.72319
0.77357
0.76290
0.69261
0.57225
0.41818
0.25130
0.09429
0.00000
0.00000
0.00000
0.00000
0.00000
0.00000
0.00000
0.00000
0.00000
0.00000
0.00000
0.00811
0.16387
0.34674
0.53189
0.69418
0.81156
0.86810
0.85611
0.77723
0.64217
0.46927
0.28201
0.10581
0.00000
0.00000
0.00000
0.00000
0.00000
0.00000
0.00000
0.00000
0.00000
0.00000
0.00000
0.00846
0.17107
0.36197
0.55526
0.72467
0.84721
0.90623
0.89372
0.81138
0.67038
0.48989
0.29440
0.11046
0.00000
0.00000
0.00000
0.00000
0.00000
0.00000
0.00000
0.00000
0.00000
0.00000
0.00000
0.00753
0.15229
0.32223
0.49430
0.64512
0.75420
0.80674
0.79561
0.72230
0.59679
0.43611
0.26208
0.09833
0.00000
0.00000
0.00000
0.00000
0.00000
0.00000
0.00000
0.00000
0.00000
0.00000
0.00000
0.00681
0.13768
0.29133
0.44690
0.58325
0.68187
0.72938
0.71931
0.65303
0.53956
0.39428
0.23694
0.08890
0.00000
0.00000
0.00000
0.00000
0.00000
0.00000
0.00000
0.00000
0.00000
0.00000
0.00000
0.00772
0.15608
0.33026
0.50661
0.66118
0.77299
0.82684
0.81543
0.74030
0.61165
0.44697
0.26860
0.10078
0.00000
0.00000
0.00000
0.00000
0.00000
0.00000
0.00000
0.00000
0.00000
0.00000
0.00000
0.00573
0.11587
0.24519
0.37611
0.49087
0.57387
0.61385
0.60538
0.54960
0.45410
0.33183
0.19941
0.07482
0.00000
0.00000
0.00000
0.00000
0.00000
0.00000
0.00000
0.00000
0.00000
0.00000
0.00525
0.05024
0.15383
0.29791
0.45732
0.60423
0.71296
0.76453
0.74993
0.67171
0.54354
0.38779
0.23168
0.10247
0.00000
0.00000
0.00000
0.00000
0.00000
0.00000
0.00000
0.00000
0.00000
0.00000
0.00562
0.05372
0.16446
0.31850
0.48893
0.64599
0.76224
0.81737
0.80177
0.71814
0.58111
0.41459
0.24769
0.10955
0.00000
0.00000
0.00000
0.00000
0.00000
0.00000
0.00000
0.00000
0.00000
0.00000
0.00558
0.05341
0.16352
0.31668
0.48613
0.64229
0.75787
0.81269
0.79717
0.71403
0.57778
0.41222
0.24627
0.10892
0.00000
0.00000
0.00000
0.00000
0.00000
0.00000
0.00000
0.00000
0.00000
0.00000
0.00450
0.04302
0.13169
0.25504
0.39152
0.51728
0.61037
0.65452
0.64202
0.57506
0.46533
0.33199
0.19834
0.08772
0.00000
0.00000
0.00000
0.00000
0.00000
0.00000
0.00000
0.00000
0.00000
0.00000
0.00477
0.04564
0.13974
0.27063
0.41545
0.54890
0.64767
0.69452
0.68126
0.61020
0.49376
0.35228
0.21046
0.09308
0.00000
0.00000
0.00000
0.00000
0.00000
0.00000
0.00000
0.00000
0.00000
0.00000
0.00289
0.02766
0.08467
0.16398
0.25172
0.33258
0.39243
0.42082
0.41278
0.36973
0.29918
0.21345
0.12752
0.05640
0.00000
0.00000
0.00000
0.00000
0.00000
0.00000
0.00000
0.00000
0.00000
0.00000
0.00379
0.03629
0.11110
0.21517
0.33031
0.43641
0.51494
0.55219
0.54165
0.48515
0.39258
0.28009
0.16733
0.07401
0.00000
0.00000
0.00000
0.00000
0.00000
0.00000
0.00000
0.00000
0.00000
0.00000
0.00468
0.04475
0.13702
0.26536
0.40735
0.53821
0.63506
0.68099
0.66799
0.59832
0.48415
0.34542
0.20636
0.09127
0.00000
0.00000
0.00000
0.00000
0.00000
0.00000
0.00000
0.00000
0.00000
0.00000
0.00556
0.05318
0.16282
0.31532
0.48405
0.63954
0.75463
0.80922
0.79376
0.71097
0.57531
0.41046
0.24522
0.10846
0.00000
0.00000
0.00000
0.00000
0.00000
0.00000
0.00000
0.00000
0.00000
0.00000
0.00414
0.03961
0.12128
0.23487
0.36055
0.47637
0.56210
0.60276
0.59125
0.52958
0.42852
0.30573
0.18266
0.08079
0.00000
0.00000
0.00000
0.00000
0.00000
0.00000
0.00000
0.00000
0.00000
0.00000
0.00504
0.04822
0.14762
0.28589
0.43887
0.57985
0.68419
0.73368
0.71967
0.64461
0.52160
0.37214
0.22233
0.09833
0.00000
0.00000
0.00000
0.00000
0.00000
0.00000
0.00000
0.00000
0.00000
0.00000
0.00577
0.05521
0.16904
0.32737
0.50256
0.66399
0.78348
0.84015
0.82410
0.73815
0.59730
0.42615
0.25459
0.11260
0.00000
0.00000
0.00000
0.00000
0.00000
0.00000
0.00000
0.00000
0.00000
0.00000
0.00464
0.04434
0.13576
0.26293
0.40362
0.53328
0.62924
0.67476
0.66187
0.59284
0.47971
0.34226
0.20447
0.09044
0.00000
0.00000
0.00000
0.00000
0.00000
0.00000
0.00000
0.00000
0.00000
0.00000
0.00574
0.05486
0.16797
0.32530
0.49937
0.65978
0.77850
0.83482
0.81887
0.73347
0.59351
0.42344
0.25298
0.11189
0.00000
0.00000
0.00000
0.00000
0.00000
0.00000
0.00000
0.00000
0.00000
0.00000
0.00458
0.04380
0.13411
0.25972
0.39871
0.52678
0.62158
0.66654
0.65381
0.58562
0.47387
0.33809
0.20198
0.08933
0.00000
0.00000
0.00000
0.00000
0.00000
0.00000
0.00000
0.00000
0.00000
0.00000
0.00404
0.03864
0.11829
0.22909
0.35168
0.46465
0.54827
0.58792
0.57670
0.51655
0.41798
0.29821
0.17816
0.07880
0.00000
0.00000
0.00000
0.00000
0.00000
0.00000
0.00000
0.00000
0.00000
0.00000
0.00371
0.03546
0.10855
0.21023
0.32273
0.42640
0.50313
0.53952
0.52922
0.47402
0.38357
0.27366
0.16349
0.07231
0.00000
0.00000
0.00000
0.00000
0.00000
0.00000
0.00000
0.00000
0.00000
0.00000
0.00575
0.05501
0.16841
0.32615
0.50068
0.66151
0.78056
0.83702
0.82103
0.73540
0.59507
0.42456
0.25364
0.11218
0.00000
0.00000
0.00000
0.00000
0.00000
0.00000
0.00000
0.00000
0.00000
0.00000
0.00388
0.03716
0.11376
0.22030
0.33819
0.44683
0.52724
0.56537
0.55458
0.49673
0.40195
0.28677
0.17133
0.07577
0.00000
0.00000
0.00000
0.00000
0.00000
0.00000
0.00000
0.00000
0.00000
0.00000
0.00573
0.05480
0.16776
0.32489
0.49875
0.65896
0.77754
0.83378
0.81786
0.73255
0.59277
0.42292
0.25266
0.11175
0.00000
0.00000
0.00000
0.00000
0.00000
0.00000
0.00000
0.00000
0.00000
0.00000
0.00486
0.04645
0.14222
0.27543
0.42282
0.55863
0.65916
0.70684
0.69334
0.62103
0.50252
0.35853
0.21420
0.09474
0.00000
0.00000
0.00000
0.00000
0.00000
0.00000
0.00000
0.00000
0.00000
0.00000
0.00526
0.05029
0.15398
0.29820
0.45777
0.60481
0.71365
0.76527
0.75066
0.67236
0.54406
0.38817
0.23190
0.10257
0.00000
0.00000
0.00000
0.00000
0.00000
0.00000
0.00000
0.00000
0.00000
0.00000
0.00527
0.05036
0.15419
0.29861
0.45840
0.60564
0.71463
0.76632
0.75169
0.67329
0.54481
0.38870
0.23222
0.10271
0.00000
0.00000
0.00000
0.00000
0.00000
0.00000
0.00000
0.00000
0.00000
0.00000
0.00434
0.04147
0.12696
0.24588
0.37745
0.49869
0.58843
0.63099
0.61895
0.55439
0.44860
0.32006
0.19121
0.08457
0.00000
0.00000
0.00000
0.00000
0.00000
0.00000
0.00000
0.00000
0.00000
0.00000
0.00423
0.04044
0.12380
0.23976
0.36806
0.48629
0.57379
0.61530
0.60355
0.54060
0.43744
0.31210
0.18646
0.08247
0.00000
0.00000
0.00000
0.00000
0.00000
0.00000
0.00000
0.00000
0.00000
0.00000
0.00549
0.05255
0.16087
0.31155
0.47827
0.63190
0.74561
0.79954
0.78428
0.70248
0.56843
0.40555
0.24229
0.10716
0.00000
0.00000
0.00000
0.00000
0.00000
0.00000
0.00000
0.00000
0.00000
0.00000
0.00342
0.03267
0.10001
0.19368
0.29732
0.39283
0.46352
0.49704
0.48755
0.43670
0.35337
0.25211
0.15062
0.06662
0.00000
0.00000
0.00000
0.00000
0.00000
0.00000
0.00000
0.00000
0.00000
0.00000
0.00452
0.04321
0.13228
0.25619
0.39327
0.51960
0.61310
0.65745
0.64490
0.57764
0.46741
0.33348
0.19923
0.08812
0.00000
0.00000
0.00000
0.00000
0.00000
0.00000
0.00000
0.00000
0.00000
0.00000
0.00572
0.05473
0.16755
0.32449
0.49813
0.65815
0.77658
0.83275
0.81685
0.73165
0.59204
0.42240
0.25235
0.11161
0.00000
0.00000
0.00000
0.00000
0.00000
0.00000
0.00000
0.00000
0.00000
0.00000
0.00396
0.03784
0.11586
0.22438
0.34445
0.45509
0.53698
0.57583
0.56483
0.50592
0.40938
0.29207
0.17449
0.07718
0.00000
0.00000
0.00000
0.00000
0.00000
0.00000
0.00000
0.00000
0.00000
0.00000
0.00502
0.04805
0.14710
0.28488
0.43732
0.57780
0.68178
0.73110
0.71714
0.64234
0.51977
0.37083
0.22155
0.09799
0.00000
0.00000
0.00000
0.00000
0.00000
0.00000
0.00000
0.00000
0.00000
0.00000
0.00000
0.04925
0.15701
0.30284
0.46225
0.60846
0.71692
0.76941
0.75711
0.68210
0.55696
0.40272
0.24528
0.00000
0.00000
0.00000
0.00000
0.00000
0.00000
0.00000
0.00000
0.00000
0.00000
0.00000
0.00000
0.03601
0.11481
0.22145
0.33801
0.44493
0.52424
0.56262
0.55363
0.49878
0.40727
0.29449
0.17936
0.00000
0.00000
0.00000
0.00000
0.00000
0.00000
0.00000
0.00000
0.00000
0.00000
0.00000
0.00000
0.04347
0.13860
0.26733
0.40804
0.53710
0.63284
0.67918
0.66832
0.60211
0.49164
0.35549
0.21652
0.00000
0.00000
0.00000
0.00000
0.00000
0.00000
0.00000
0.00000
0.00000
0.00000
0.00000
0.00000
0.03618
0.11535
0.22249
0.33960
0.44702
0.52670
0.56527
0.55623
0.50112
0.40919
0.29587
0.18020
0.00000
0.00000
0.00000
0.00000
0.00000
0.00000
0.00000
0.00000
0.00000
0.00000
0.00000
0.00000
0.03132
0.09985
0.19258
0.29396
0.38693
0.45591
0.48929
0.48147
0.43376
0.35419
0.25610
0.15598
0.00000
0.00000
0.00000
0.00000
0.00000
0.00000
0.00000
0.00000
0.00000
0.00000
0.00000
0.00000
0.01838
0.05860
0.11302
0.17251
0.22707
0.26755
0.28714
0.28255
0.25455
0.20785
0.15029
0.09154
0.00000
0.00000
0.00000
0.00000
0.00000
0.00000
0.00000
0.00000
0.00000
0.00000
0.00000
0.00000
0.03781
0.12054
0.23250
0.35489
0.46714
0.55040
0.59070
0.58126
0.52367
0.42760
0.30918
0.18831
0.00000
0.00000
0.00000
0.00000
0.00000
0.00000
0.00000
0.00000
0.00000
0.00000
0.00000
0.00000
0.03727
0.11881
0.22915
0.34977
0.46041
0.54247
0.58219
0.57289
0.51613
0.42144
0.30473
0.18560
0.00000
0.00000
0.00000
0.00000
0.00000
0.00000
0.00000
0.00000
0.00000
0.00000
0.00000
0.00000
0.04592
0.14641
0.28239
0.43103
0.56737
0.66850
0.71745
0.70598
0.63603
0.51935
0.37552
0.22872
0.00000
0.00000
0.00000
0.00000
0.00000
0.00000
0.00000
0.00000
0.00000
0.00000
0.00000
0.00000
0.05279
0.16831
0.32464
0.49553
0.65226
0.76853
0.82480
0.81162
0.73120
0.59706
0.43171
0.26294
0.00000
0.00000
0.00000
0.00000
0.00000
0.00000
0.00000
0.00000
0.00000
0.00000
0.00000
0.00000
0.03790
0.12083
0.23306
0.35574
0.46826
0.55173
0.59213
0.58266
0.52493
0.42863
0.30993
0.18877
0.00000
0.00000
0.00000
0.00000
0.00000
0.00000
0.00000
0.00000
0.00000
0.00000
0.00000
0.00000
0.04406
0.14047
0.27094
0.41355
0.54436
0.64139
0.68835
0.67735
0.61024
0.49828
0.36029
0.21944
0.00000
0.00000
0.00000
0.00000
0.00000
0.00000
0.00000
0.00000
0.00000
0.00000
0.00000
0.00000
0.03976
0.12676
0.24450
0.37319
0.49123
0.57880
0.62117
0.61125
0.55068
0.44966
0.32513
0.19803
0.00000
0.00000
0.00000
0.00000
0.00000
0.00000
0.00000
0.00000
0.00000
0.00000
0.00000
0.00000
0.02564
0.08173
0.15764
0.24061
0.31672
0.37317
0.40050
0.39410
0.35505
0.28991
0.20963
0.12768
0.00000
0.00000
0.00000
0.00000
0.00000
0.00000
0.00000
0.00000
0.00000
0.00000
0.00000
0.00000
0.03622
0.11548
0.22274
0.33998
0.44751
0.52728
0.56589
0.55685
0.50167
0.40964
0.29620
0.18040
0.00000
0.00000
0.00000
0.00000
0.00000
0.00000
0.00000
0.00000
0.00000
0.00000
0.00000
0.00000
0.04422
0.14098
0.27193
0.41506
0.54635
0.64373
0.69087
0.67982
0.61247
0.50011
0.36161
0.22024
0.00000
0.00000
0.00000
0.00000
0.00000
0.00000
0.00000
0.00000
0.00000
0.00000
0.00000
0.00000
0.03708
0.11820
0.22799
0.34800
0.45808
0.53973
0.57924
0.56999
0.51351
0.41930
0.30319
0.18466
0.00000
0.00000
0.00000
0.00000
0.00000
0.00000
0.00000
0.00000
0.00000
0.00000
0.00000
0.00000
0.04146
0.13219
0.25497
0.38917
0.51227
0.60358
0.64778
0.63742
0.57427
0.46891
0.33906
0.20651
0.00000
0.00000
0.00000
0.00000
0.00000
0.00000
0.00000
0.00000
0.00000
0.00000
0.00000
0.00000
0.04456
0.14207
0.27403
0.41827
0.55057
0.64871
0.69621
0.68508
0.61720
0.50397
0.36441
0.22195
0.00000
0.00000
0.00000
0.00000
0.00000
0.00000
0.00000
0.00000
0.00000
0.00000
0.00000
0.00000
0.03026
0.09648
0.18609
0.28405
0.37389
0.44054
0.47279
0.46524
0.41914
0.34225
0.24747
0.15072
0.00000
0.00000
0.00000
0.00000
0.00000
0.00000
0.00000
0.00000
0.00000
0.00000
0.00000
0.00000
0.03903
0.12443
0.24000
0.36634
0.48221
0.56816
0.60976
0.60002
0.54057
0.44140
0.31916
0.19439
0.00000
0.00000
0.00000
0.00000
0.00000
0.00000
0.00000
0.00000
0.00000
0.00000
0.00000
0.00000
0.03789
0.12080
0.23299
0.35563
0.46812
0.55156
0.59195
0.58249
0.52477
0.42850
0.30984
0.18871
0.00000
0.00000
0.00000
0.00000
0.00000
0.00000
0.00000
0.00000
0.00000
0.00000
0.00000
0.00000
0.04347
0.13857
0.26728
0.40797
0.53701
0.63273
0.67905
0.66820
0.60200
0.49156
0.35543
0.21648
0.00000
0.00000
0.00000
0.00000
0.00000
0.00000
0.00000
0.00000
0.00000
0.00000
0.00000
0.00000
0.03727
0.11881
0.22916
0.34978
0.46042
0.54249
0.58221
0.57290
0.51614
0.42145
0.30474
0.18560
0.00000
0.00000
0.00000
0.00000
0.00000
0.00000
0.00000
0.00000
0.00000
0.00000
0.00000
0.00000
0.01778
0.05668
0.10933
0.16688
0.21967
0.25882
0.27777
0.27334
0.24625
0.20108
0.14539
0.08855
0.00000
0.00000
0.00000
0.00000
0.00000
0.00000
0.00000
0.00000
0.00000
0.00000
0.00000
0.00000
0.03724
0.11874
0.22902
0.34957
0.46014
0.54216
0.58186
0.57256
0.51583
0.42120
0.30456
0.18549
0.00000
0.00000
0.00000
0.00000
0.00000
0.00000
0.00000
0.00000
0.00000
0.00000
0.00000
0.00000
0.02219
0.07073
0.13643
0.20824
0.27411
0.32296
0.34661
0.34107
0.30728
0.25091
0.18142
0.11050
0.00000
0.00000
0.00000
0.00000
0.00000
0.00000
0.00000
0.00000
0.00000
0.00000
0.00000
0.00000
0.06278
0.20014
0.38603
0.58923
0.77561
0.91386
0.98077
0.96510
0.86948
0.70996
0.51335
0.31267
0.00000
0.00000
0.00000
0.00000
0.00000
0.00000
0.00000
0.00000
0.00000
0.00000
0.00000
0.00000
0.04675
0.14903
0.28745
0.43876
0.57754
0.68049
0.73031
0.71864
0.64743
0.52866
0.38226
0.23282
0.00000
0.00000
0.00000
0.00000
0.00000
0.00000
0.00000
0.00000
0.00000
0.00000
0.00000
0.00000
0.04328
0.13799
0.26615
0.40625
0.53475
0.63006
0.67620
0.66539
0.59946
0.48949
0.35393
0.21557
0.00000
0.00000
0.00000
0.00000
0.00000
0.00000
0.00000
0.00000
0.00000
0.00000
0.00000
0.00194
0.04383
0.11556
0.20617
0.30179
0.38781
0.45108
0.48191
0.47561
0.43312
0.36095
0.27013
0.17455
0.00000
0.00000
0.00000
0.00000
0.00000
0.00000
0.00000
0.00000
0.00000
0.00000
0.00000
0.00228
0.05149
0.13577
0.24221
0.35455
0.45560
0.52993
0.56616
0.55875
0.50883
0.42405
0.31735
0.20507
0.00000
0.00000
0.00000
0.00000
0.00000
0.00000
0.00000
0.00000
0.00000
0.00000
0.00000
0.00273
0.06174
0.16279
0.29042
0.42511
0.54628
0.63540
0.67884
0.66995
0.61011
0.50845
0.38052
0.24588
0.00000
0.00000
0.00000
0.00000
0.00000
0.00000
0.00000
0.00000
0.00000
0.00000
0.00000
0.00255
0.05758
0.15182
0.27085
0.39648
0.50948
0.59260
0.63311
0.62482
0.56901
0.47420
0.35489
0.22932
0.00000
0.00000
0.00000
0.00000
0.00000
0.00000
0.00000
0.00000
0.00000
0.00000
0.00000
0.00222
0.05023
0.13243
0.23625
0.34582
0.44440
0.51689
0.55223
0.54500
0.49632
0.41362
0.30955
0.20002
0.00000
0.00000
0.00000
0.00000
0.00000
0.00000
0.00000
0.00000
0.00000
0.00000
0.00000
0.00250
0.05643
0.14878
0.26543
0.38854
0.49928
0.58073
0.62043
0.61231
0.55762
0.46470
0.34778
0.22473
0.00000
0.00000
0.00000
0.00000
0.00000
0.00000
0.00000
0.00000
0.00000
0.00000
0.00000
0.00307
0.06935
0.18285
0.32620
0.47750
0.61360
0.71370
0.76249
0.75252
0.68529
0.57110
0.42741
0.27618
0.00000
0.00000
0.00000
0.00000
0.00000
0.00000
0.00000
0.00000
0.00000
0.00000
0.00000
0.00155
0.03501
0.09232
0.16469
0.24108
0.30979
0.36033
0.38496
0.37993
0.34599
0.28834
0.21579
0.13944
0.00000
0.00000
0.00000
0.00000
0.00000
0.00000
0.00000
0.00000
0.00000
0.00000
0.00000
0.00281
0.06345
0.16729
0.29845
0.43688
0.56141
0.65299
0.69763
0.68850
0.62700
0.52252
0.39105
0.25269
0.00000
0.00000
0.00000
0.00000
0.00000
0.00000
0.00000
0.00000
0.00000
0.00000
0.00000
0.00234
0.05294
0.13957
0.24899
0.36448
0.46837
0.54477
0.58202
0.57440
0.52309
0.43593
0.32625
0.21081
0.00000
0.00000
0.00000
0.00000
0.00000
0.00000
0.00000
0.00000
0.00000
0.00000
0.00000
0.00242
0.05458
0.14389
0.25670
0.37576
0.48287
0.56164
0.60004
0.59218
0.53928
0.44942
0.33635
0.21734
0.00000
0.00000
0.00000
0.00000
0.00000
0.00000
0.00000
0.00000
0.00000
0.00000
0.00000
0.00231
0.05220
0.13762
0.24551
0.35939
0.46182
0.53716
0.57388
0.56637
0.51578
0.42984
0.32169
0.20787
0.00000
0.00000
0.00000
0.00000
0.00000
0.00000
0.00000
0.00000
0.00000
0.00000
0.00000
0.00182
0.04118
0.10858
0.19371
0.28355
0.36437
0.42381
0.45279
0.44686
0.40694
0.33913
0.25381
0.16400
0.00000
0.00000
0.00000
0.00000
0.00000
0.00000
0.00000
0.00000
0.00000
0.00000
0.00000
0.00243
0.05492
0.14479
0.25831
0.37811
0.48588
0.56515
0.60378
0.59588
0.54265
0.45223
0.33845
0.21870
0.00000
0.00000
0.00000
0.00000
0.00000
0.00000
0.00000
0.00000
0.00000
0.00000
0.00000
0.00272
0.06154
0.16224
0.28944
0.42369
0.54445
0.63327
0.67656
0.66771
0.60806
0.50674
0.37924
0.24506
0.00000
0.00000
0.00000
0.00000
0.00000
0.00000
0.00000
0.00000
0.00000
0.00000
0.00000
0.00242
0.05464
0.14407
0.25702
0.37622
0.48346
0.56233
0.60077
0.59291
0.53994
0.44997
0.33676
0.21761
0.00000
0.00000
0.00000
0.00000
0.00000
0.00000
0.00000
0.00000
0.00000
0.00000
0.00000
0.00155
0.03511
0.09257
0.16515
0.24175
0.31065
0.36133
0.38603
0.38098
0.34695
0.28914
0.21639
0.13982
0.00000
0.00000
0.00000
0.00000
0.00000
0.00000
0.00000
0.00000
0.00000
0.00000
0.00000
0.00238
0.05369
0.14157
0.25256
0.36970
0.47507
0.55257
0.59035
0.58262
0.53058
0.44217
0.33092
0.21383
0.00000
0.00000
0.00000
0.00000
0.00000
0.00000
0.00000
0.00000
0.00000
0.00000
0.00000
0.00274
0.06183
0.16302
0.29082
0.42571
0.54705
0.63629
0.67979
0.67089
0.61096
0.50916
0.38105
0.24623
0.00000
0.00000
0.00000
0.00000
0.00000
0.00000
0.00000
0.00000
0.00000
0.00000
0.00000
0.00224
0.05048
0.13310
0.23746
0.34759
0.44666
0.51953
0.55505
0.54778
0.49885
0.41573
0.31113
0.20104
0.00000
0.00000
0.00000
0.00000
0.00000
0.00000
0.00000
0.00000
0.00000
0.00000
0.00000
0.00206
0.04654
0.12269
0.21888
0.32040
0.41173
0.47890
0.51164
0.50494
0.45983
0.38321
0.28679
0.18532
0.00000
0.00000
0.00000
0.00000
0.00000
0.00000
0.00000
0.00000
0.00000
0.00000
0.00000
0.00287
0.06473
0.17066
0.30446
0.44567
0.57270
0.66613
0.71167
0.70235
0.63961
0.53303
0.39892
0.25777
0.00000
0.00000
0.00000
0.00000
0.00000
0.00000
0.00000
0.00000
0.00000
0.00000
0.00000
0.00205
0.04638
0.12229
0.21816
0.31935
0.41037
0.47732
0.50995
0.50327
0.45831
0.38195
0.28585
0.18471
0.00000
0.00000
0.00000
0.00000
0.00000
0.00000
0.00000
0.00000
0.00000
0.00000
0.00000
0.00243
0.05491
0.14477
0.25827
0.37805
0.48581
0.56506
0.60369
0.59579
0.54257
0.45216
0.33840
0.21866
0.00000
0.00000
0.00000
0.00000
0.00000
0.00000
0.00000
0.00000
0.00000
0.00000
0.00000
0.00196
0.04433
0.11689
0.20853
0.30524
0.39225
0.45624
0.48743
0.48105
0.43808
0.36508
0.27322
0.17655
0.00000
0.00000
0.00000
0.00000
0.00000
0.00000
0.00000
0.00000
0.00000
0.00000
0.00000
0.00249
0.05613
0.14800
0.26403
0.38648
0.49664
0.57766
0.61715
0.60908
0.55467
0.46225
0.34594
0.22354
0.00000
0.00000
0.00000
0.00000
0.00000
0.00000
0.00000
0.00000
0.00000
0.00000
0.00000
0.00309
0.06979
0.18400
0.32826
0.48050
0.61746
0.71819
0.76729
0.75725
0.68960
0.57470
0.43010
0.27792
0.00000
0.00000
0.00000
0.00000
0.00000
0.00000
0.00000
0.00000
0.00000
0.00000
0.00000
0.00189
0.04262
0.11237
0.20046
0.29344
0.37708
0.43860
0.46858
0.46245
0.42114
0.35096
0.26266
0.16972
0.00000
0.00000
0.00000
0.00000
0.00000
0.00000
0.00000
0.00000
0.00000
0.00000
0.00000
0.00271
0.06114
0.16119
0.28756
0.42094
0.54092
0.62916
0.67217
0.66338
0.60412
0.50345
0.37678
0.24347
0.00000
0.00000
0.00000
0.00000
0.00000
0.00000
0.00000
0.00000
0.00000
0.00000
0.00000
0.00235
0.05318
0.14020
0.25012
0.36612
0.47048
0.54723
0.58464
0.57699
0.52545
0.43789
0.32772
0.21176
0.00000
0.00000
0.00000
0.00000
0.00000
0.00000
0.00000
0.00000
0.00000
0.00000
0.00000
0.00240
0.05414
0.14275
0.25466
0.37278
0.47903
0.55717
0.59526
0.58747
0.53499
0.44585
0.33367
0.21561
0.00000
0.00000
0.00000
0.00000
0.00000
0.00000
0.00000
0.00000
0.00000
0.00000
0.00000
0.00907
0.05608
0.13034
0.22118
0.31554
0.39985
0.46200
0.49305
0.48854
0.44912
0.38045
0.29241
0.19765
0.00000
0.00000
0.00000
0.00000
0.00000
0.00000
0.00000
0.00000
0.00000
0.00000
0.00000
0.01035
0.06400
0.14874
0.25239
0.36006
0.45627
0.52719
0.56262
0.55747
0.51249
0.43413
0.33367
0.22553
0.00000
0.00000
0.00000
0.00000
0.00000
0.00000
0.00000
0.00000
0.00000
0.00000
0.00000
0.01096
0.06774
0.15744
0.26716
0.38113
0.48297
0.55804
0.59555
0.59010
0.54248
0.45954
0.35319
0.23873
0.00000
0.00000
0.00000
0.00000
0.00000
0.00000
0.00000
0.00000
0.00000
0.00000
0.00000
0.01259
0.07785
0.18092
0.30701
0.43798
0.55501
0.64127
0.68437
0.67811
0.62339
0.52808
0.40587
0.27434
0.00000
0.00000
0.00000
0.00000
0.00000
0.00000
0.00000
0.00000
0.00000
0.00000
0.00000
0.00629
0.03887
0.09034
0.15331
0.21871
0.27715
0.32022
0.34175
0.33862
0.31130
0.26370
0.20268
0.13699
0.00000
0.00000
0.00000
0.00000
0.00000
0.00000
0.00000
0.00000
0.00000
0.00000
0.00000
0.00858
0.05304
0.12326
0.20916
0.29839
0.37812
0.43689
0.46626
0.46199
0.42471
0.35978
0.27652
0.18690
0.00000
0.00000
0.00000
0.00000
0.00000
0.00000
0.00000
0.00000
0.00000
0.00000
0.00000
0.01089
0.06732
0.15645
0.26548
0.37874
0.47993
0.55453
0.59180
0.58639
0.53907
0.45665
0.35097
0.23723
0.00000
0.00000
0.00000
0.00000
0.00000
0.00000
0.00000
0.00000
0.00000
0.00000
0.00000
0.00600
0.03706
0.08614
0.14618
0.20854
0.26426
0.30533
0.32585
0.32287
0.29682
0.25144
0.19325
0.13062
0.00000
0.00000
0.00000
0.00000
0.00000
0.00000
0.00000
0.00000
0.00000
0.00000
0.00000
0.01061
0.06557
0.15240
0.25861
0.36893
0.46751
0.54018
0.57648
0.57121
0.52512
0.44483
0.34189
0.23109
0.00000
0.00000
0.00000
0.00000
0.00000
0.00000
0.00000
0.00000
0.00000
0.00000
0.00000
0.00800
0.04947
0.11497
0.19510
0.27832
0.35269
0.40751
0.43490
0.43092
0.39615
0.33558
0.25792
0.17433
0.00000
0.00000
0.00000
0.00000
0.00000
0.00000
0.00000
0.00000
0.00000
0.00000
0.00000
0.01014
0.06269
0.14569
0.24723
0.35270
0.44694
0.51641
0.55111
0.54607
0.50201
0.42525
0.32684
0.22092
0.00000
0.00000
0.00000
0.00000
0.00000
0.00000
0.00000
0.00000
0.00000
0.00000
0.00000
0.00976
0.06033
0.14021
0.23792
0.33941
0.43010
0.49695
0.53035
0.52550
0.48310
0.40923
0.31453
0.21260
0.00000
0.00000
0.00000
0.00000
0.00000
0.00000
0.00000
0.00000
0.00000
0.00000
0.00000
0.00780
0.04819
0.11200
0.19005
0.27113
0.34358
0.39698
0.42366
0.41978
0.38591
0.32690
0.25125
0.16983
0.00000
0.00000
0.00000
0.00000
0.00000
0.00000
0.00000
0.00000
0.00000
0.00000
0.00000
0.01076
0.06651
0.15457
0.26229
0.37418
0.47416
0.54786
0.58468
0.57933
0.53258
0.45115
0.34675
0.23437
0.00000
0.00000
0.00000
0.00000
0.00000
0.00000
0.00000
0.00000
0.00000
0.00000
0.00000
0.01012
0.06252
0.14531
0.24658
0.35178
0.44577
0.51506
0.54968
0.54465
0.50070
0.42414
0.32599
0.22034
0.00000
0.00000
0.00000
0.00000
0.00000
0.00000
0.00000
0.00000
0.00000
0.00000
0.00000
0.01174
0.07253
0.16857
0.28605
0.40809
0.51713
0.59750
0.63766
0.63183
0.58084
0.49204
0.37817
0.25561
0.00000
0.00000
0.00000
0.00000
0.00000
0.00000
0.00000
0.00000
0.00000
0.00000
0.00000
0.01080
0.06673
0.15509
0.26317
0.37543
0.47575
0.54970
0.58664
0.58128
0.53437
0.45267
0.34791
0.23516
0.00000
0.00000
0.00000
0.00000
0.00000
0.00000
0.00000
0.00000
0.00000
0.00000
0.00000
0.01134
0.07007
0.16285
0.27635
0.39424
0.49958
0.57722
0.61602
0.61039
0.56113
0.47534
0.36533
0.24694
0.00000
0.00000
0.00000
0.00000
0.00000
0.00000
0.00000
0.00000
0.00000
0.00000
0.00000
0.01017
0.06284
0.14604
0.24782
0.35353
0.44800
0.51763
0.55242
0.54737
0.50320
0.42626
0.32762
0.22144
0.00000
0.00000
0.00000
0.00000
0.00000
0.00000
0.00000
0.00000
0.00000
0.00000
0.00000
0.00797
0.04929
0.11456
0.19439
0.27732
0.35142
0.40605
0.43334
0.42937
0.39472
0.33437
0.25699
0.17371
0.00000
0.00000
0.00000
0.00000
0.00000
0.00000
0.00000
0.00000
0.00000
0.00000
0.00000
0.00847
0.05236
0.12168
0.20648
0.29457
0.37328
0.43130
0.46028
0.45607
0.41927
0.35517
0.27297
0.18451
0.00000
0.00000
0.00000
0.00000
0.00000
0.00000
0.00000
0.00000
0.00000
0.00000
0.00000
0.00655
0.04049
0.09409
0.15967
0.22779
0.28865
0.33351
0.35593
0.35267
0.32422
0.27464
0.21109
0.14268
0.00000
0.00000
0.00000
0.00000
0.00000
0.00000
0.00000
0.00000
0.00000
0.00000
0.00000
0.00976
0.06033
0.14021
0.23792
0.33942
0.43012
0.49697
0.53037
0.52552
0.48312
0.40925
0.31454
0.21261
0.00000
0.00000
0.00000
0.00000
0.00000
0.00000
0.00000
0.00000
0.00000
0.00000
0.00000
0.01030
0.06365
0.14792
0.25101
0.35810
0.45378
0.52431
0.55955
0.55443
0.50969
0.43176
0.33185
0.22430
0.00000
0.00000
0.00000
0.00000
0.00000
0.00000
0.00000
0.00000
0.00000
0.00000
0.00000
0.00380
0.02346
0.05453
0.09254
0.13201
0.16729
0.19329
0.20628
0.20439
0.18790
0.15917
0.12233
0.08269
0.00000
0.00000
0.00000
0.00000
0.00000
0.00000
0.00000
0.00000
0.00000
0.00000
0.00000
0.01160
0.07168
0.16659
0.28269
0.40329
0.51105
0.59048
0.63016
0.62440
0.57401
0.48625
0.37372
0.25261
0.00000
0.00000
0.00000
0.00000
0.00000
0.00000
0.00000
0.00000
0.00000
0.00000
0.00000
0.01025
0.06335
0.14724
0.24985
0.35644
0.45168
0.52188
0.55696
0.55186
0.50733
0.42976
0.33031
0.22326
0.00000
0.00000
0.00000
0.00000
0.00000
0.00000
0.00000
0.00000
0.00000
0.00000
0.00000
0.01054
0.06514
0.15140
0.25691
0.36651
0.46444
0.53663
0.57270
0.56746
0.52167
0.44191
0.33964
0.22957
0.00000
0.00000
0.00000
0.00000
0.00000
0.00000
0.00000
0.00000
0.00000
0.00000
0.00000
0.01071
0.06620
0.15385
0.26108
0.37245
0.47197
0.54533
0.58198
0.57666
0.53012
0.44907
0.34515
0.23329
0.00000
0.00000
0.00000
0.00000
0.00000
0.00000
0.00000
0.00000
0.00000
0.00000
0.00000
0.00968
0.05985
0.13910
0.23604
0.33674
0.42671
0.49304
0.52618
0.52136
0.47929
0.40601
0.31205
0.21092
0.00000
0.00000
0.00000
0.00000
0.00000
0.00000
0.00000
0.00000
0.00000
0.00000
0.00000
0.02105
0.06248
0.13270
0.22138
0.31544
0.40103
0.46554
0.49947
0.49781
0.46082
0.39393
0.30701
0.21286
0.12536
0.00000
0.00000
0.00000
0.00000
0.00000
0.00000
0.00000
0.00000
0.00000
0.00000
0.01346
0.03996
0.08488
0.14160
0.20177
0.25652
0.29778
0.31948
0.31842
0.29476
0.25198
0.19638
0.13616
0.08018
0.00000
0.00000
0.00000
0.00000
0.00000
0.00000
0.00000
0.00000
0.00000
0.00000
0.01769
0.05251
0.11154
0.18608
0.26514
0.33709
0.39131
0.41983
0.41844
0.38734
0.33112
0.25806
0.17892
0.10537
0.00000
0.00000
0.00000
0.00000
0.00000
0.00000
0.00000
0.00000
0.00000
0.00000
0.02518
0.07474
0.15876
0.26484
0.37737
0.47977
0.55695
0.59754
0.59555
0.55129
0.47128
0.36729
0.25466
0.14997
0.00000
0.00000
0.00000
0.00000
0.00000
0.00000
0.00000
0.00000
0.00000
0.00000
0.02171
0.06443
0.13686
0.22831
0.32533
0.41360
0.48013
0.51512
0.51341
0.47526
0.40628
0.31663
0.21954
0.12929
0.00000
0.00000
0.00000
0.00000
0.00000
0.00000
0.00000
0.00000
0.00000
0.00000
0.02565
0.07612
0.16168
0.26972
0.38433
0.48862
0.56722
0.60855
0.60653
0.56146
0.47997
0.37406
0.25935
0.15273
0.00000
0.00000
0.00000
0.00000
0.00000
0.00000
0.00000
0.00000
0.00000
0.00000
0.02820
0.08370
0.17778
0.29658
0.42260
0.53727
0.62370
0.66915
0.66693
0.61737
0.52776
0.41131
0.28518
0.16794
0.00000
0.00000
0.00000
0.00000
0.00000
0.00000
0.00000
0.00000
0.00000
0.00000
0.02379
0.07060
0.14996
0.25017
0.35646
0.45318
0.52609
0.56442
0.56255
0.52074
0.44516
0.34694
0.24055
0.14166
0.00000
0.00000
0.00000
0.00000
0.00000
0.00000
0.00000
0.00000
0.00000
0.00000
0.01985
0.05893
0.12516
0.20880
0.29752
0.37825
0.43909
0.47109
0.46953
0.43464
0.37155
0.28957
0.20077
0.11823
0.00000
0.00000
0.00000
0.00000
0.00000
0.00000
0.00000
0.00000
0.00000
0.00000
0.01660
0.04928
0.10467
0.17462
0.24882
0.31634
0.36722
0.39398
0.39268
0.36349
0.31073
0.24217
0.16791
0.09888
0.00000
0.00000
0.00000
0.00000
0.00000
0.00000
0.00000
0.00000
0.00000
0.00000
0.02311
0.06860
0.14570
0.24307
0.34635
0.44033
0.51116
0.54841
0.54659
0.50597
0.43253
0.33709
0.23372
0.13764
0.00000
0.00000
0.00000
0.00000
0.00000
0.00000
0.00000
0.00000
0.00000
0.00000
0.03067
0.09104
0.19337
0.32259
0.45966
0.58438
0.67839
0.72783
0.72541
0.67150
0.57404
0.44738
0.31018
0.18267
0.00000
0.00000
0.00000
0.00000
0.00000
0.00000
0.00000
0.00000
0.00000
0.00000
0.02414
0.07166
0.15220
0.25391
0.36180
0.45997
0.53396
0.57288
0.57098
0.52854
0.45183
0.35213
0.24415
0.14378
0.00000
0.00000
0.00000
0.00000
0.00000
0.00000
0.00000
0.00000
0.00000
0.00000
0.02960
0.08785
0.18659
0.31127
0.44353
0.56388
0.65458
0.70228
0.69996
0.64794
0.55389
0.43168
0.29930
0.17626
0.00000
0.00000
0.00000
0.00000
0.00000
0.00000
0.00000
0.00000
0.00000
0.00000
0.02154
0.06394
0.13581
0.22657
0.32284
0.41044
0.47647
0.51119
0.50949
0.47163
0.40317
0.31422
0.21786
0.12830
0.00000
0.00000
0.00000
0.00000
0.00000
0.00000
0.00000
0.00000
0.00000
0.00000
0.01732
0.05142
0.10921
0.18220
0.25961
0.33005
0.38315
0.41107
0.40971
0.37926
0.32421
0.25268
0.17519
0.10317
0.00000
0.00000
0.00000
0.00000
0.00000
0.00000
0.00000
0.00000
0.00000
0.00000
0.02010
0.05967
0.12674
0.21143
0.30127
0.38301
0.44463
0.47703
0.47545
0.44011
0.37623
0.29322
0.20330
0.11972
0.00000
0.00000
0.00000
0.00000
0.00000
0.00000
0.00000
0.00000
0.00000
0.00000
0.02695
0.07998
0.16988
0.28340
0.40382
0.51340
0.59598
0.63942
0.63729
0.58993
0.50431
0.39303
0.27251
0.16048
0.00000
0.00000
0.00000
0.00000
0.00000
0.00000
0.00000
0.00000
0.00000
0.00000
0.02475
0.07346
0.15603
0.26030
0.37091
0.47155
0.54740
0.58729
0.58535
0.54184
0.46320
0.36100
0.25029
0.14740
0.00000
0.00000
0.00000
0.00000
0.00000
0.00000
0.00000
0.00000
0.00000
0.00000
0.02565
0.07613
0.16171
0.26976
0.38439
0.48869
0.56730
0.60864
0.60662
0.56154
0.48003
0.37412
0.25939
0.15276
0.00000
0.00000
0.00000
0.00000
0.00000
0.00000
0.00000
0.00000
0.00000
0.00000
0.02756
0.08179
0.17372
0.28981
0.41295
0.52500
0.60946
0.65387
0.65170
0.60327
0.51571
0.40192
0.27867
0.16411
0.00000
0.00000
0.00000
0.00000
0.00000
0.00000
0.00000
0.00000
0.00000
0.00000
0.02721
0.08077
0.17155
0.28619
0.40779
0.51844
0.60184
0.64570
0.64356
0.59573
0.50926
0.39690
0.27518
0.16206
0.00000
0.00000
0.00000
0.00000
0.00000
0.00000
0.00000
0.00000
0.00000
0.00000
0.02612
0.07752
0.16465
0.27468
0.39139
0.49759
0.57764
0.61973
0.61768
0.57177
0.48878
0.38094
0.26412
0.15554
0.00000
0.00000
0.00000
0.00000
0.00000
0.00000
0.00000
0.00000
0.00000
0.00000
0.01519
0.04507
0.09573
0.15970
0.22756
0.28930
0.33584
0.36031
0.35912
0.33243
0.28418
0.22148
0.15356
0.09043
0.00000
0.00000
0.00000
0.00000
0.00000
0.00000
0.00000
0.00000
0.00000
0.00000
0.02500
0.07419
0.15759
0.26289
0.37459
0.47624
0.55285
0.59313
0.59117
0.54723
0.46781
0.36459
0.25278
0.14886
0.00000
0.00000
0.00000
0.00000
0.00000
0.00000
0.00000
0.00000
0.00000
0.00000
0.02014
0.05976
0.12694
0.21177
0.30175
0.38362
0.44533
0.47779
0.47620
0.44081
0.37683
0.29368
0.20362
0.11991
0.00000
0.00000
0.00000
0.00000
0.00000
0.00000
0.00000
0.00000
0.00000
0.00000
0.01926
0.05716
0.12140
0.20253
0.28859
0.36689
0.42591
0.45695
0.45544
0.42159
0.36040
0.28088
0.19474
0.11469
0.00000
0.00000
0.00000
0.00000
0.00000
0.00000
0.00000
0.00000
0.00000
0.00000
0.02595
0.07702
0.16359
0.27291
0.38886
0.49438
0.57391
0.61573
0.61369
0.56808
0.48563
0.37847
0.26241
0.15453
0.00000
0.00000
0.00000
0.00000
0.00000
0.00000
0.00000
0.00000
0.00000
0.00000
0.02521
0.07482
0.15892
0.26512
0.37777
0.48027
0.55753
0.59816
0.59618
0.55187
0.47177
0.36767
0.25492
0.15013
0.00000
0.00000
0.00000
0.00000
0.00000
0.00000
0.00000
0.00000
0.00000
0.00000
0.02041
0.06059
0.12870
0.21470
0.30592
0.38893
0.45149
0.48440
0.48279
0.44691
0.38204
0.29775
0.20644
0.12157
0.00000
0.00000
0.00000
0.00000
0.00000
0.00000
0.00000
0.00000
0.00000
0.00000
0.02398
0.07118
0.15119
0.25221
0.35938
0.45689
0.53039
0.56904
0.56716
0.52501
0.44881
0.34978
0.24252
0.14282
0.00000
0.00000
0.00000
0.00000
0.00000
0.00000
0.00000
0.00000
0.00000
0.00000
0.01200
0.05731
0.13410
0.23097
0.33356
0.42666
0.49647
0.53264
0.52980
0.48838
0.41451
0.31916
0.21645
0.00000
0.00000
0.00000
0.00000
0.00000
0.00000
0.00000
0.00000
0.00000
0.00000
0.00000
0.01338
0.06391
0.14954
0.25756
0.37196
0.47578
0.55363
0.59396
0.59080
0.54461
0.46224
0.35590
0.24137
0.00000
0.00000
0.00000
0.00000
0.00000
0.00000
0.00000
0.00000
0.00000
0.00000
0.00000
0.01209
0.05775
0.13511
0.23272
0.33609
0.42989
0.50023
0.53668
0.53382
0.49208
0.41766
0.32158
0.21809
0.00000
0.00000
0.00000
0.00000
0.00000
0.00000
0.00000
0.00000
0.00000
0.00000
0.00000
0.01181
0.05639
0.13194
0.22725
0.32819
0.41980
0.48849
0.52407
0.52128
0.48053
0.40785
0.31403
0.21297
0.00000
0.00000
0.00000
0.00000
0.00000
0.00000
0.00000
0.00000
0.00000
0.00000
0.00000
0.01517
0.07246
0.16953
0.29200
0.42170
0.53941
0.62766
0.67339
0.66980
0.61743
0.52405
0.40350
0.27365
0.00000
0.00000
0.00000
0.00000
0.00000
0.00000
0.00000
0.00000
0.00000
0.00000
0.00000
0.00938
0.04483
0.10489
0.18065
0.26090
0.33372
0.38832
0.41661
0.41439
0.38199
0.32422
0.24963
0.16930
0.00000
0.00000
0.00000
0.00000
0.00000
0.00000
0.00000
0.00000
0.00000
0.00000
0.00000
0.01718
0.08207
0.19203
0.33075
0.47766
0.61098
0.71095
0.76275
0.75868
0.69937
0.59359
0.45704
0.30996
0.00000
0.00000
0.00000
0.00000
0.00000
0.00000
0.00000
0.00000
0.00000
0.00000
0.00000
0.01275
0.06092
0.14254
0.24551
0.35455
0.45352
0.52772
0.56617
0.56315
0.51912
0.44061
0.33925
0.23007
0.00000
0.00000
0.00000
0.00000
0.00000
0.00000
0.00000
0.00000
0.00000
0.00000
0.00000
0.01479
0.07064
0.16527
0.28466
0.41111
0.52585
0.61190
0.65647
0.65297
0.60192
0.51088
0.39336
0.26677
0.00000
0.00000
0.00000
0.00000
0.00000
0.00000
0.00000
0.00000
0.00000
0.00000
0.00000
0.01557
0.07437
0.17401
0.29971
0.43283
0.55365
0.64423
0.69117
0.68748
0.63373
0.53788
0.41415
0.28087
0.00000
0.00000
0.00000
0.00000
0.00000
0.00000
0.00000
0.00000
0.00000
0.00000
0.00000
0.01490
0.07116
0.16649
0.28675
0.41412
0.52971
0.61639
0.66129
0.65777
0.60634
0.51463
0.39625
0.26873
0.00000
0.00000
0.00000
0.00000
0.00000
0.00000
0.00000
0.00000
0.00000
0.00000
0.00000
0.01475
0.07047
0.16487
0.28397
0.41010
0.52457
0.61040
0.65487
0.65138
0.60045
0.50964
0.39240
0.26612
0.00000
0.00000
0.00000
0.00000
0.00000
0.00000
0.00000
0.00000
0.00000
0.00000
0.00000
0.00636
0.03038
0.07108
0.12242
0.17679
0.22614
0.26314
0.28231
0.28081
0.25885
0.21970
0.16916
0.11472
0.00000
0.00000
0.00000
0.00000
0.00000
0.00000
0.00000
0.00000
0.00000
0.00000
0.00000
0.01201
0.05738
0.13426
0.23125
0.33397
0.42719
0.49708
0.53330
0.53045
0.48898
0.41503
0.31955
0.21672
0.00000
0.00000
0.00000
0.00000
0.00000
0.00000
0.00000
0.00000
0.00000
0.00000
0.00000
0.01391
0.06644
0.15545
0.26774
0.38667
0.49460
0.57552
0.61745
0.61416
0.56614
0.48052
0.36998
0.25091
0.00000
0.00000
0.00000
0.00000
0.00000
0.00000
0.00000
0.00000
0.00000
0.00000
0.00000
0.01367
0.06529
0.15277
0.26313
0.38000
0.48607
0.56560
0.60680
0.60357
0.55638
0.47223
0.36360
0.24659
0.00000
0.00000
0.00000
0.00000
0.00000
0.00000
0.00000
0.00000
0.00000
0.00000
0.00000
0.01148
0.05483
0.12828
0.22094
0.31908
0.40814
0.47492
0.50952
0.50681
0.46718
0.39652
0.30531
0.20705
0.00000
0.00000
0.00000
0.00000
0.00000
0.00000
0.00000
0.00000
0.00000
0.00000
0.00000
0.01330
0.06354
0.14867
0.25607
0.36981
0.47303
0.55042
0.59052
0.58738
0.54145
0.45956
0.35384
0.23997
0.00000
0.00000
0.00000
0.00000
0.00000
0.00000
0.00000
0.00000
0.00000
0.00000
0.00000
0.01372
0.06555
0.15338
0.26418
0.38152
0.48801
0.56786
0.60922
0.60598
0.55860
0.47412
0.36505
0.24757
0.00000
0.00000
0.00000
0.00000
0.00000
0.00000
0.00000
0.00000
0.00000
0.00000
0.00000
0.01417
0.06768
0.15836
0.27276
0.39391
0.50386
0.58630
0.62901
0.62566
0.57675
0.48952
0.37691
0.25561
0.00000
0.00000
0.00000
0.00000
0.00000
0.00000
0.00000
0.00000
0.00000
0.00000
0.00000
0.01244
0.05943
0.13906
0.23951
0.34590
0.44245
0.51484
0.55235
0.54940
0.50645
0.42985
0.33097
0.22446
0.00000
0.00000
0.00000
0.00000
0.00000
0.00000
0.00000
0.00000
0.00000
0.00000
0.00000
0.01612
0.07703
0.18022
0.31040
0.44827
0.57340
0.66722
0.71582
0.71201
0.65634
0.55707
0.42892
0.29089
0.00000
0.00000
0.00000
0.00000
0.00000
0.00000
0.00000
0.00000
0.00000
0.00000
0.00000
0.00981
0.04686
0.10964
0.18883
0.27271
0.34883
0.40591
0.43548
0.43316
0.39929
0.33890
0.26094
0.17696
0.00000
0.00000
0.00000
0.00000
0.00000
0.00000
0.00000
0.00000
0.00000
0.00000
0.00000
0.01352
0.06458
0.15110
0.26025
0.37584
0.48075
0.55941
0.60016
0.59696
0.55029
0.46706
0.35962
0.24389
0.00000
0.00000
0.00000
0.00000
0.00000
0.00000
0.00000
0.00000
0.00000
0.00000
0.00000
0.01665
0.07952
0.18605
0.32044
0.46277
0.59194
0.68879
0.73897
0.73504
0.67757
0.57509
0.44279
0.30030
0.00000
0.00000
0.00000
0.00000
0.00000
0.00000
0.00000
0.00000
0.00000
0.00000
0.00000
0.01884
0.09001
0.21059
0.36272
0.52383
0.67004
0.77967
0.83647
0.83202
0.76697
0.65097
0.50122
0.33992
0.00000
0.00000
0.00000
0.00000
0.00000
0.00000
0.00000
0.00000
0.00000
0.00000
0.00000
0.01353
0.06465
0.15127
0.26054
0.37627
0.48130
0.56005
0.60084
0.59764
0.55092
0.46759
0.36003
0.24417
0.00000
0.00000
0.00000
0.00000
0.00000
0.00000
0.00000
0.00000
0.00000
0.00000
0.00000
0.01248
0.05963
0.13951
0.24028
0.34701
0.44387
0.51649
0.55412
0.55117
0.50807
0.43123
0.33203
0.22518
0.00000
0.00000
0.00000
0.00000
0.00000
0.00000
0.00000
0.00000
0.00000
0.00000
0.00000
0.01846
0.08818
0.20632
0.35537
0.51321
0.65646
0.76387
0.81952
0.81516
0.75142
0.63777
0.49106
0.33303
0.00000
0.00000
0.00000
0.00000
0.00000
0.00000
0.00000
0.00000
0.00000
0.00000
0.00000
0.01577
0.07534
0.17628
0.30361
0.43847
0.56086
0.65263
0.70017
0.69644
0.64199
0.54489
0.41954
0.28453
0.00000
0.00000
0.00000
0.00000
0.00000
0.00000
0.00000
0.00000
0.00000
0.00000
0.00000
0.01434
0.06852
0.16031
0.27611
0.39876
0.51006
0.59351
0.63675
0.63336
0.58384
0.49554
0.38154
0.25876
0.00000
0.00000
0.00000
0.00000
0.00000
0.00000
0.00000
0.00000
0.00000
0.00000
0.00000
0.01116
0.06788
0.16152
0.27790
0.39941
0.50764
0.58620
0.62320
0.61304
0.55725
0.46428
0.34821
0.22662
0.00000
0.00000
0.00000
0.00000
0.00000
0.00000
0.00000
0.00000
0.00000
0.00000
0.00000
0.01130
0.06870
0.16347
0.28126
0.40423
0.51377
0.59328
0.63073
0.62045
0.56398
0.46989
0.35242
0.22936
0.00000
0.00000
0.00000
0.00000
0.00000
0.00000
0.00000
0.00000
0.00000
0.00000
0.00000
0.01638
0.09958
0.23695
0.40770
0.58595
0.74473
0.85999
0.91428
0.89937
0.81752
0.68113
0.51085
0.33246
0.00000
0.00000
0.00000
0.00000
0.00000
0.00000
0.00000
0.00000
0.00000
0.00000
0.00000
0.01449
0.08810
0.20964
0.36070
0.51841
0.65889
0.76086
0.80889
0.79570
0.72328
0.60262
0.45196
0.29414
0.00000
0.00000
0.00000
0.00000
0.00000
0.00000
0.00000
0.00000
0.00000
0.00000
0.00000
0.00918
0.05580
0.13279
0.22847
0.32837
0.41735
0.48194
0.51236
0.50400
0.45814
0.38170
0.28628
0.18631
0.00000
0.00000
0.00000
0.00000
0.00000
0.00000
0.00000
0.00000
0.00000
0.00000
0.00000
0.01243
0.07560
0.17989
0.30951
0.44484
0.56538
0.65288
0.69409
0.68277
0.62064
0.51709
0.38782
0.25240
0.00000
0.00000
0.00000
0.00000
0.00000
0.00000
0.00000
0.00000
0.00000
0.00000
0.00000
0.01292
0.07860
0.18703
0.32179
0.46249
0.58781
0.67879
0.72163
0.70986
0.64526
0.53761
0.40321
0.26241
0.00000
0.00000
0.00000
0.00000
0.00000
0.00000
0.00000
0.00000
0.00000
0.00000
0.00000
0.00912
0.05543
0.13191
0.22696
0.32620
0.41459
0.47875
0.50897
0.50067
0.45511
0.37918
0.28439
0.18508
0.00000
0.00000
0.00000
0.00000
0.00000
0.00000
0.00000
0.00000
0.00000
0.00000
0.00000
0.01503
0.09139
0.21746
0.37415
0.53775
0.68346
0.78924
0.83905
0.82537
0.75026
0.62509
0.46882
0.30511
0.00000
0.00000
0.00000
0.00000
0.00000
0.00000
0.00000
0.00000
0.00000
0.00000
0.00000
0.01013
0.06163
0.14664
0.25231
0.36263
0.46089
0.53222
0.56581
0.55659
0.50593
0.42153
0.31615
0.20575
0.00000
0.00000
0.00000
0.00000
0.00000
0.00000
0.00000
0.00000
0.00000
0.00000
0.00000
0.01346
0.08188
0.19484
0.33524
0.48182
0.61238
0.70716
0.75179
0.73953
0.67223
0.56008
0.42006
0.27338
0.00000
0.00000
0.00000
0.00000
0.00000
0.00000
0.00000
0.00000
0.00000
0.00000
0.00000
0.00871
0.05296
0.12603
0.21685
0.31166
0.39611
0.45741
0.48629
0.47835
0.43482
0.36228
0.27171
0.17683
0.00000
0.00000
0.00000
0.00000
0.00000
0.00000
0.00000
0.00000
0.00000
0.00000
0.00000
0.01343
0.08169
0.19438
0.33444
0.48067
0.61092
0.70547
0.75000
0.73776
0.67062
0.55874
0.41906
0.27273
0.00000
0.00000
0.00000
0.00000
0.00000
0.00000
0.00000
0.00000
0.00000
0.00000
0.00000
0.00712
0.04328
0.10299
0.17721
0.25469
0.32370
0.37380
0.39740
0.39091
0.35534
0.29606
0.22204
0.14451
0.00000
0.00000
0.00000
0.00000
0.00000
0.00000
0.00000
0.00000
0.00000
0.00000
0.00000
0.01197
0.07278
0.17319
0.29799
0.42828
0.54433
0.62857
0.66825
0.65735
0.59753
0.49784
0.37338
0.24300
0.00000
0.00000
0.00000
0.00000
0.00000
0.00000
0.00000
0.00000
0.00000
0.00000
0.00000
0.00876
0.05325
0.12672
0.21802
0.31335
0.39826
0.45990
0.48893
0.48095
0.43718
0.36425
0.27319
0.17779
0.00000
0.00000
0.00000
0.00000
0.00000
0.00000
0.00000
0.00000
0.00000
0.00000
0.00000
0.01348
0.08200
0.19511
0.33571
0.48249
0.61323
0.70814
0.75283
0.74056
0.67316
0.56086
0.42064
0.27376
0.00000
0.00000
0.00000
0.00000
0.00000
0.00000
0.00000
0.00000
0.00000
0.00000
0.00000
0.01174
0.07139
0.16987
0.29227
0.42006
0.53389
0.61652
0.65543
0.64474
0.58607
0.48829
0.36622
0.23834
0.00000
0.00000
0.00000
0.00000
0.00000
0.00000
0.00000
0.00000
0.00000
0.00000
0.00000
0.01145
0.06963
0.16568
0.28507
0.40971
0.52073
0.60132
0.63928
0.62886
0.57163
0.47626
0.35720
0.23247
0.00000
0.00000
0.00000
0.00000
0.00000
0.00000
0.00000
0.00000
0.00000
0.00000
0.00000
0.01257
0.07642
0.18184
0.31288
0.44968
0.57153
0.65998
0.70164
0.69020
0.62739
0.52272
0.39204
0.25514
0.00000
0.00000
0.00000
0.00000
0.00000
0.00000
0.00000
0.00000
0.00000
0.00000
0.00000
0.00805
0.04896
0.11650
0.20044
0.28809
0.36615
0.42282
0.44951
0.44217
0.40193
0.33488
0.25116
0.16346
0.00000
0.00000
0.00000
0.00000
0.00000
0.00000
0.00000
0.00000
0.00000
0.00000
0.00000
0.01090
0.06630
0.15776
0.27143
0.39011
0.49582
0.57256
0.60870
0.59877
0.54428
0.45348
0.34011
0.22135
0.00000
0.00000
0.00000
0.00000
0.00000
0.00000
0.00000
0.00000
0.00000
0.00000
0.00000
0.01149
0.06988
0.16629
0.28611
0.41121
0.52264
0.60353
0.64162
0.63116
0.57372
0.47800
0.35850
0.23332
0.00000
0.00000
0.00000
0.00000
0.00000
0.00000
0.00000
0.00000
0.00000
0.00000
0.00000
0.00680
0.04136
0.09841
0.16933
0.24336
0.30930
0.35717
0.37972
0.37353
0.33953
0.28289
0.21217
0.13808
0.00000
0.00000
0.00000
0.00000
0.00000
0.00000
0.00000
0.00000
0.00000
0.00000
0.00000
0.01215
0.07388
0.17581
0.30250
0.43476
0.55257
0.63809
0.67836
0.66730
0.60657
0.50538
0.37903
0.24668
0.00000
0.00000
0.00000
0.00000
0.00000
0.00000
0.00000
0.00000
0.00000
0.00000
0.00000
0.01173
0.07135
0.16978
0.29213
0.41986
0.53363
0.61621
0.65511
0.64442
0.58578
0.48805
0.36604
0.23822
0.00000
0.00000
0.00000
0.00000
0.00000
0.00000
0.00000
0.00000
0.00000
0.00000
0.00000
0.01190
0.07235
0.17216
0.29622
0.42574
0.54110
0.62484
0.66429
0.65345
0.59398
0.49489
0.37117
0.24156
0.00000
0.00000
0.00000
0.00000
0.00000
0.00000
0.00000
0.00000
0.00000
0.00000
0.00000
0.01045
0.06357
0.15126
0.26026
0.37406
0.47542
0.54899
0.58365
0.57413
0.52188
0.43481
0.32611
0.21223
0.00000
0.00000
0.00000
0.00000
0.00000
0.00000
0.00000
0.00000
0.00000
0.00000
0.00000
0.01344
0.08174
0.19451
0.33466
0.48099
0.61132
0.70593
0.75049
0.73825
0.67107
0.55911
0.41934
0.27291
0.00000
0.00000
0.00000
0.00000
0.00000
0.00000
0.00000
0.00000
0.00000
0.00000
0.00000
0.01393
0.08473
0.20161
0.34689
0.49855
0.63365
0.73172
0.77790
0.76522
0.69558
0.57953
0.43465
0.28287
0.00000
0.00000
0.00000
0.00000
0.00000
0.00000
0.00000
0.00000
0.00000
0.00000
0.00000
0.01250
0.08705
0.21080
0.36380
0.52139
0.65818
0.75212
0.78806
0.76021
0.67306
0.54066
0.38435
0.22931
0.00000
0.00000
0.00000
0.00000
0.00000
0.00000
0.00000
0.00000
0.00000
0.00000
0.00000
0.00534
0.03718
0.09004
0.15539
0.22271
0.28113
0.32125
0.33661
0.32471
0.28749
0.23093
0.16417
0.09795
0.00000
0.00000
0.00000
0.00000
0.00000
0.00000
0.00000
0.00000
0.00000
0.00000
0.00000
0.00909
0.06328
0.15325
0.26448
0.37905
0.47849
0.54678
0.57290
0.55266
0.48930
0.39305
0.27941
0.16671
0.00000
0.00000
0.00000
0.00000
0.00000
0.00000
0.00000
0.00000
0.00000
0.00000
0.00000
0.00952
0.06629
0.16054
0.27706
0.39708
0.50126
0.57280
0.60017
0.57896
0.51259
0.41175
0.29271
0.17464
0.00000
0.00000
0.00000
0.00000
0.00000
0.00000
0.00000
0.00000
0.00000
0.00000
0.00000
0.00768
0.05347
0.12948
0.22346
0.32026
0.40428
0.46198
0.48405
0.46695
0.41342
0.33209
0.23608
0.14085
0.00000
0.00000
0.00000
0.00000
0.00000
0.00000
0.00000
0.00000
0.00000
0.00000
0.00000
0.00880
0.06126
0.14835
0.25602
0.36693
0.46319
0.52930
0.55459
0.53499
0.47366
0.38049
0.27048
0.16138
0.00000
0.00000
0.00000
0.00000
0.00000
0.00000
0.00000
0.00000
0.00000
0.00000
0.00000
0.01005
0.06994
0.16937
0.29230
0.41893
0.52883
0.60431
0.63318
0.61081
0.54078
0.43440
0.30881
0.18425
0.00000
0.00000
0.00000
0.00000
0.00000
0.00000
0.00000
0.00000
0.00000
0.00000
0.00000
0.00937
0.06525
0.15800
0.27268
0.39080
0.49333
0.56373
0.59067
0.56980
0.50448
0.40524
0.28808
0.17188
0.00000
0.00000
0.00000
0.00000
0.00000
0.00000
0.00000
0.00000
0.00000
0.00000
0.00000
0.01117
0.07780
0.18841
0.32517
0.46603
0.58829
0.67225
0.70437
0.67948
0.60159
0.48324
0.34353
0.20496
0.00000
0.00000
0.00000
0.00000
0.00000
0.00000
0.00000
0.00000
0.00000
0.00000
0.00000
0.01009
0.07026
0.17014
0.29364
0.42084
0.53125
0.60707
0.63608
0.61360
0.54326
0.43639
0.31022
0.18509
0.00000
0.00000
0.00000
0.00000
0.00000
0.00000
0.00000
0.00000
0.00000
0.00000
0.00000
0.00688
0.04791
0.11602
0.20023
0.28697
0.36226
0.41396
0.43375
0.41842
0.37045
0.29758
0.21154
0.12621
0.00000
0.00000
0.00000
0.00000
0.00000
0.00000
0.00000
0.00000
0.00000
0.00000
0.00000
0.00901
0.06271
0.15185
0.26207
0.37560
0.47415
0.54181
0.56770
0.54764
0.48486
0.38948
0.27688
0.16519
0.00000
0.00000
0.00000
0.00000
0.00000
0.00000
0.00000
0.00000
0.00000
0.00000
0.00000
0.01191
0.08291
0.20077
0.34649
0.49658
0.62686
0.71633
0.75056
0.72403
0.64103
0.51493
0.36606
0.21840
0.00000
0.00000
0.00000
0.00000
0.00000
0.00000
0.00000
0.00000
0.00000
0.00000
0.00000
0.01052
0.07328
0.17745
0.30625
0.43892
0.55407
0.63314
0.66340
0.63995
0.56659
0.45513
0.32355
0.19304
0.00000
0.00000
0.00000
0.00000
0.00000
0.00000
0.00000
0.00000
0.00000
0.00000
0.00000
0.01204
0.08381
0.20295
0.35026
0.50198
0.63368
0.72412
0.75872
0.73191
0.64800
0.52053
0.37004
0.22078
0.00000
0.00000
0.00000
0.00000
0.00000
0.00000
0.00000
0.00000
0.00000
0.00000
0.00000
0.01004
0.06993
0.16934
0.29225
0.41885
0.52874
0.60420
0.63307
0.61070
0.54069
0.43433
0.30876
0.18422
0.00000
0.00000
0.00000
0.00000
0.00000
0.00000
0.00000
0.00000
0.00000
0.00000
0.00000
0.01044
0.07268
0.17600
0.30375
0.43533
0.54954
0.62797
0.65798
0.63472
0.56196
0.45141
0.32090
0.19146
0.00000
0.00000
0.00000
0.00000
0.00000
0.00000
0.00000
0.00000
0.00000
0.00000
0.00000
0.00819
0.05704
0.13812
0.23838
0.34164
0.43127
0.49282
0.51637
0.49812
0.44102
0.35426
0.25184
0.15026
0.00000
0.00000
0.00000
0.00000
0.00000
0.00000
0.00000
0.00000
0.00000
0.00000
0.00000
0.01075
0.07485
0.18125
0.31280
0.44831
0.56592
0.64669
0.67759
0.65365
0.57871
0.46487
0.33047
0.19717
0.00000
0.00000
0.00000
0.00000
0.00000
0.00000
0.00000
0.00000
0.00000
0.00000
0.00000
0.01073
0.07473
0.18096
0.31231
0.44760
0.56503
0.64567
0.67652
0.65262
0.57780
0.46414
0.32995
0.19686
0.00000
0.00000
0.00000
0.00000
0.00000
0.00000
0.00000
0.00000
0.00000
0.00000
0.00000
0.01014
0.07060
0.17096
0.29505
0.42287
0.53381
0.60999
0.63914
0.61656
0.54588
0.43849
0.31172
0.18598
0.00000
0.00000
0.00000
0.00000
0.00000
0.00000
0.00000
0.00000
0.00000
0.00000
0.00000
0.01315
0.09153
0.22164
0.38252
0.54823
0.69205
0.79082
0.82861
0.79933
0.70769
0.56848
0.40412
0.24112
0.00000
0.00000
0.00000
0.00000
0.00000
0.00000
0.00000
0.00000
0.00000
0.00000
0.00000
0.01137
0.07918
0.19173
0.33090
0.47424
0.59866
0.68410
0.71679
0.69146
0.61219
0.49177
0.34959
0.20858
0.00000
0.00000
0.00000
0.00000
0.00000
0.00000
0.00000
0.00000
0.00000
0.00000
0.00000
0.01033
0.07191
0.17414
0.30053
0.43072
0.54372
0.62132
0.65101
0.62801
0.55601
0.44664
0.31751
0.18944
0.00000
0.00000
0.00000
0.00000
0.00000
0.00000
0.00000
0.00000
0.00000
0.00000
0.00000
0.00402
0.02799
0.06777
0.11697
0.16763
0.21161
0.24182
0.25337
0.24442
0.21640
0.17383
0.12357
0.07373
0.00000
0.00000
0.00000
0.00000
0.00000
0.00000
0.00000
0.00000
0.00000
0.00000
0.00000
0.01091
0.07595
0.18391
0.31740
0.45490
0.57425
0.65620
0.68756
0.66326
0.58723
0.47171
0.33533
0.20007
0.00000
0.00000
0.00000
0.00000
0.00000
0.00000
0.00000
0.00000
0.00000
0.00000
0.00000
0.01122
0.07810
0.18912
0.32639
0.46778
0.59051
0.67478
0.70703
0.68204
0.60385
0.48507
0.34483
0.20574
0.00000
0.00000
0.00000
0.00000
0.00000
0.00000
0.00000
0.00000
0.00000
0.00000
0.00000
0.01108
0.07717
0.18687
0.32250
0.46220
0.58346
0.66674
0.69859
0.67391
0.59665
0.47928
0.34071
0.20328
0.00000
0.00000
0.00000
0.00000
0.00000
0.00000
0.00000
0.00000
0.00000
0.00000
0.00000
0.00745
0.05189
0.12565
0.21684
0.31078
0.39231
0.44830
0.46972
0.45312
0.40118
0.32226
0.22909
0.13668
0.00000
0.00000
0.00000
0.00000
0.00000
0.00000
0.00000
0.00000
0.00000
0.00000
0.00000
0.00924
0.06432
0.15576
0.26882
0.38527
0.48635
0.55576
0.58231
0.56174
0.49734
0.39951
0.28400
0.16945
0.00000
0.00000
0.00000
0.00000
0.00000
0.00000
0.00000
0.00000
0.00000
0.00000
0.00000
0.00849
0.05910
0.14311
0.24698
0.35397
0.44683
0.51060
0.53500
0.51609
0.45693
0.36704
0.26093
0.15568
0.00000
0.00000
0.00000
0.00000
0.00000
0.00000
0.00000
0.00000
0.00000
0.00000
0.00000
0.00000
0.02226
0.07393
0.13805
0.20411
0.26130
0.30022
0.31450
0.30181
0.26421
0.20788
0.14205
0.07750
0.00000
0.00000
0.00000
0.00000
0.00000
0.00000
0.00000
0.00000
0.00000
0.00000
0.00000
0.00000
0.04209
0.13977
0.26101
0.38592
0.49404
0.56763
0.59464
0.57063
0.49955
0.39304
0.26857
0.14654
0.00000
0.00000
0.00000
0.00000
0.00000
0.00000
0.00000
0.00000
0.00000
0.00000
0.00000
0.00000
0.03133
0.10406
0.19432
0.28732
0.36781
0.42260
0.44271
0.42484
0.37192
0.29262
0.19995
0.10910
0.00000
0.00000
0.00000
0.00000
0.00000
0.00000
0.00000
0.00000
0.00000
0.00000
0.00000
0.00000
0.04737
0.15731
0.29375
0.43434
0.55602
0.63884
0.66924
0.64222
0.56222
0.44235
0.30227
0.16492
0.00000
0.00000
0.00000
0.00000
0.00000
0.00000
0.00000
0.00000
0.00000
0.00000
0.00000
0.00000
0.02137
0.07096
0.13251
0.19593
0.25082
0.28819
0.30190
0.28971
0.25362
0.19955
0.13635
0.07440
0.00000
0.00000
0.00000
0.00000
0.00000
0.00000
0.00000
0.00000
0.00000
0.00000
0.00000
0.00000
0.03714
0.12333
0.23031
0.34053
0.43593
0.50086
0.52469
0.50351
0.44079
0.34681
0.23698
0.12930
0.00000
0.00000
0.00000
0.00000
0.00000
0.00000
0.00000
0.00000
0.00000
0.00000
0.00000
0.00000
0.03506
0.11644
0.21743
0.32149
0.41155
0.47285
0.49535
0.47536
0.41614
0.32742
0.22373
0.12207
0.00000
0.00000
0.00000
0.00000
0.00000
0.00000
0.00000
0.00000
0.00000
0.00000
0.00000
0.00000
0.04012
0.13324
0.24881
0.36789
0.47095
0.54111
0.56686
0.54397
0.47621
0.37468
0.25602
0.13969
0.00000
0.00000
0.00000
0.00000
0.00000
0.00000
0.00000
0.00000
0.00000
0.00000
0.00000
0.00000
0.04724
0.15687
0.29294
0.43313
0.55447
0.63707
0.66738
0.64044
0.56066
0.44113
0.30143
0.16446
0.00000
0.00000
0.00000
0.00000
0.00000
0.00000
0.00000
0.00000
0.00000
0.00000
0.00000
0.00000
0.03879
0.12882
0.24056
0.35568
0.45533
0.52315
0.54804
0.52592
0.46041
0.36225
0.24753
0.13505
0.00000
0.00000
0.00000
0.00000
0.00000
0.00000
0.00000
0.00000
0.00000
0.00000
0.00000
0.00000
0.04513
0.14987
0.27987
0.41380
0.52973
0.60864
0.63760
0.61186
0.53564
0.42144
0.28798
0.15712
0.00000
0.00000
0.00000
0.00000
0.00000
0.00000
0.00000
0.00000
0.00000
0.00000
0.00000
0.00000
0.04556
0.15131
0.28256
0.41778
0.53483
0.61449
0.64373
0.61775
0.54080
0.42550
0.29075
0.15863
0.00000
0.00000
0.00000
0.00000
0.00000
0.00000
0.00000
0.00000
0.00000
0.00000
0.00000
0.00000
0.03485
0.11574
0.21614
0.31958
0.40910
0.47005
0.49241
0.47253
0.41367
0.32547
0.22240
0.12134
0.00000
0.00000
0.00000
0.00000
0.00000
0.00000
0.00000
0.00000
0.00000
0.00000
0.00000
0.00000
0.03485
0.11574
0.21613
0.31957
0.40910
0.47004
0.49241
0.47253
0.41367
0.32547
0.22240
0.12134
0.00000
0.00000
0.00000
0.00000
0.00000
0.00000
0.00000
0.00000
0.00000
0.00000
0.00000
0.00000
0.03600
0.11957
0.22328
0.33013
0.42262
0.48557
0.50868
0.48814
0.42734
0.33623
0.22975
0.12535
0.00000
0.00000
0.00000
0.00000
0.00000
0.00000
0.00000
0.00000
0.00000
0.00000
0.00000
0.00000
0.02067
0.06865
0.12819
0.18954
0.24264
0.27879
0.29205
0.28026
0.24535
0.19304
0.13191
0.07197
0.00000
0.00000
0.00000
0.00000
0.00000
0.00000
0.00000
0.00000
0.00000
0.00000
0.00000
0.00000
0.04565
0.15160
0.28309
0.41858
0.53584
0.61566
0.64496
0.61892
0.54182
0.42630
0.29130
0.15894
0.00000
0.00000
0.00000
0.00000
0.00000
0.00000
0.00000
0.00000
0.00000
0.00000
0.00000
0.00000
0.03806
0.12641
0.23606
0.34903
0.44681
0.51337
0.53779
0.51608
0.45180
0.35547
0.24290
0.13253
0.00000
0.00000
0.00000
0.00000
0.00000
0.00000
0.00000
0.00000
0.00000
0.00000
0.00000
0.00000
0.04220
0.14015
0.26172
0.38698
0.49539
0.56918
0.59626
0.57219
0.50092
0.39412
0.26931
0.14694
0.00000
0.00000
0.00000
0.00000
0.00000
0.00000
0.00000
0.00000
0.00000
0.00000
0.00000
0.00000
0.03888
0.12912
0.24112
0.35652
0.45640
0.52439
0.54934
0.52716
0.46150
0.36310
0.24811
0.13537
0.00000
0.00000
0.00000
0.00000
0.00000
0.00000
0.00000
0.00000
0.00000
0.00000
0.00000
0.00000
0.03450
0.11457
0.21394
0.31633
0.40495
0.46528
0.48741
0.46774
0.40947
0.32217
0.22014
0.12011
0.00000
0.00000
0.00000
0.00000
0.00000
0.00000
0.00000
0.00000
0.00000
0.00000
0.00000
0.00000
0.01960
0.06509
0.12154
0.17971
0.23006
0.26433
0.27690
0.26573
0.23263
0.18303
0.12507
0.06824
0.00000
0.00000
0.00000
0.00000
0.00000
0.00000
0.00000
0.00000
0.00000
0.00000
0.00000
0.00000
0.04141
0.13752
0.25680
0.37971
0.48608
0.55849
0.58506
0.56144
0.49151
0.38672
0.26425
0.14418
0.00000
0.00000
0.00000
0.00000
0.00000
0.00000
0.00000
0.00000
0.00000
0.00000
0.00000
0.00000
0.03451
0.11459
0.21399
0.31640
0.40504
0.46538
0.48752
0.46784
0.40956
0.32224
0.22019
0.12014
0.00000
0.00000
0.00000
0.00000
0.00000
0.00000
0.00000
0.00000
0.00000
0.00000
0.00000
0.00000
0.04537
0.15068
0.28138
0.41604
0.53260
0.61193
0.64105
0.61517
0.53854
0.42372
0.28953
0.15797
0.00000
0.00000
0.00000
0.00000
0.00000
0.00000
0.00000
0.00000
0.00000
0.00000
0.00000
0.00000
0.05105
0.16955
0.31661
0.46814
0.59928
0.68856
0.72132
0.69220
0.60598
0.47678
0.32579
0.17775
0.00000
0.00000
0.00000
0.00000
0.00000
0.00000
0.00000
0.00000
0.00000
0.00000
0.00000
0.00000
0.04924
0.16352
0.30535
0.45148
0.57796
0.66406
0.69565
0.66757
0.58441
0.45981
0.31420
0.17143
0.00000
0.00000
0.00000
0.00000
0.00000
0.00000
0.00000
0.00000
0.00000
0.00000
0.00000
0.00000
0.05314
0.17649
0.32957
0.48730
0.62382
0.71675
0.75085
0.72054
0.63079
0.49630
0.33913
0.18503
0.00000
0.00000
0.00000
0.00000
0.00000
0.00000
0.00000
0.00000
0.00000
0.00000
0.00000
0.00000
0.05478
0.18192
0.33972
0.50230
0.64302
0.73881
0.77396
0.74272
0.65020
0.51157
0.34956
0.19073
0.00000
0.00000
0.00000
0.00000
0.00000
0.00000
0.00000
0.00000
0.00000
0.00000
0.00000
0.00000
0.03682
0.12227
0.22832
0.33759
0.43216
0.49654
0.52017
0.49917
0.43699
0.34382
0.23494
0.12818
0.00000
0.00000
0.00000
0.00000
0.00000
0.00000
0.00000
0.00000
0.00000
0.00000
0.00000
0.00000
0.04087
0.15043
0.29158
0.44055
0.57229
0.66463
0.70202
0.67818
0.59712
0.47248
0.32523
0.18015
0.00000
0.00000
0.00000
0.00000
0.00000
0.00000
0.00000
0.00000
0.00000
0.00000
0.00000
0.00000
0.03926
0.14451
0.28009
0.42319
0.54974
0.63843
0.67435
0.65145
0.57359
0.45386
0.31241
0.17305
0.00000
0.00000
0.00000
0.00000
0.00000
0.00000
0.00000
0.00000
0.00000
0.00000
0.00000
0.00000
0.04134
0.15215
0.29490
0.44557
0.57882
0.67220
0.71003
0.68591
0.60393
0.47787
0.32894
0.18220
0.00000
0.00000
0.00000
0.00000
0.00000
0.00000
0.00000
0.00000
0.00000
0.00000
0.00000
0.00000
0.03115
0.11463
0.22218
0.33569
0.43608
0.50643
0.53493
0.51676
0.45500
0.36002
0.24782
0.13727
0.00000
0.00000
0.00000
0.00000
0.00000
0.00000
0.00000
0.00000
0.00000
0.00000
0.00000
0.00000
0.04462
0.16422
0.31829
0.48092
0.62472
0.72552
0.76634
0.74032
0.65183
0.51577
0.35503
0.19665
0.00000
0.00000
0.00000
0.00000
0.00000
0.00000
0.00000
0.00000
0.00000
0.00000
0.00000
0.00000
0.03144
0.11573
0.22431
0.33891
0.44026
0.51129
0.54006
0.52172
0.45936
0.36347
0.25020
0.13859
0.00000
0.00000
0.00000
0.00000
0.00000
0.00000
0.00000
0.00000
0.00000
0.00000
0.00000
0.00000
0.02690
0.09901
0.19191
0.28996
0.37666
0.43743
0.46205
0.44636
0.39300
0.31097
0.21405
0.11857
0.00000
0.00000
0.00000
0.00000
0.00000
0.00000
0.00000
0.00000
0.00000
0.00000
0.00000
0.00000
0.04157
0.15298
0.29652
0.44802
0.58199
0.67589
0.71392
0.68968
0.60724
0.48049
0.33074
0.18320
0.00000
0.00000
0.00000
0.00000
0.00000
0.00000
0.00000
0.00000
0.00000
0.00000
0.00000
0.00000
0.04120
0.15163
0.29390
0.44406
0.57685
0.66992
0.70762
0.68359
0.60188
0.47624
0.32782
0.18158
0.00000
0.00000
0.00000
0.00000
0.00000
0.00000
0.00000
0.00000
0.00000
0.00000
0.00000
0.00000
0.03819
0.14057
0.27245
0.41165
0.53475
0.62103
0.65597
0.63369
0.55795
0.44148
0.30389
0.16833
0.00000
0.00000
0.00000
0.00000
0.00000
0.00000
0.00000
0.00000
0.00000
0.00000
0.00000
0.00000
0.03062
0.11268
0.21840
0.32998
0.42866
0.49782
0.52583
0.50797
0.44726
0.35390
0.24360
0.13493
0.00000
0.00000
0.00000
0.00000
0.00000
0.00000
0.00000
0.00000
0.00000
0.00000
0.00000
0.00000
0.04174
0.15361
0.29774
0.44986
0.58438
0.67867
0.71685
0.69251
0.60974
0.48246
0.33210
0.18395
0.00000
0.00000
0.00000
0.00000
0.00000
0.00000
0.00000
0.00000
0.00000
0.00000
0.00000
0.00000
0.04615
0.16985
0.32920
0.49740
0.64614
0.75039
0.79261
0.76570
0.67418
0.53345
0.36720
0.20339
0.00000
0.00000
0.00000
0.00000
0.00000
0.00000
0.00000
0.00000
0.00000
0.00000
0.00000
0.00000
0.04080
0.15017
0.29107
0.43979
0.57130
0.66348
0.70081
0.67701
0.59609
0.47166
0.32467
0.17984
0.00000
0.00000
0.00000
0.00000
0.00000
0.00000
0.00000
0.00000
0.00000
0.00000
0.00000
0.00000
0.02985
0.10986
0.21293
0.32173
0.41793
0.48536
0.51267
0.49526
0.43607
0.34504
0.23751
0.13156
0.00000
0.00000
0.00000
0.00000
0.00000
0.00000
0.00000
0.00000
0.00000
0.00000
0.00000
0.00000
0.03316
0.12203
0.23651
0.35736
0.46422
0.53912
0.56945
0.55011
0.48436
0.38325
0.26381
0.14613
0.00000
0.00000
0.00000
0.00000
0.00000
0.00000
0.00000
0.00000
0.00000
0.00000
0.00000
0.00000
0.03176
0.11687
0.22652
0.34226
0.44461
0.51634
0.54539
0.52687
0.46390
0.36706
0.25267
0.13995
0.00000
0.00000
0.00000
0.00000
0.00000
0.00000
0.00000
0.00000
0.00000
0.00000
0.00000
0.00000
0.02360
0.08685
0.16833
0.25433
0.33039
0.38369
0.40528
0.39152
0.34472
0.27277
0.18776
0.10400
0.00000
0.00000
0.00000
0.00000
0.00000
0.00000
0.00000
0.00000
0.00000
0.00000
0.00000
0.00000
0.03909
0.14387
0.27885
0.42132
0.54731
0.63562
0.67138
0.64859
0.57106
0.45186
0.31103
0.17229
0.00000
0.00000
0.00000
0.00000
0.00000
0.00000
0.00000
0.00000
0.00000
0.00000
0.00000
0.00000
0.03368
0.12395
0.24025
0.36299
0.47154
0.54762
0.57843
0.55879
0.49200
0.38930
0.26797
0.14843
0.00000
0.00000
0.00000
0.00000
0.00000
0.00000
0.00000
0.00000
0.00000
0.00000
0.00000
0.00000
0.03952
0.14543
0.28188
0.42591
0.55327
0.64253
0.67868
0.65564
0.57727
0.45677
0.31442
0.17416
0.00000
0.00000
0.00000
0.00000
0.00000
0.00000
0.00000
0.00000
0.00000
0.00000
0.00000
0.00000
0.02567
0.09448
0.18312
0.27669
0.35942
0.41741
0.44090
0.42593
0.37502
0.29674
0.20426
0.11314
0.00000
0.00000
0.00000
0.00000
0.00000
0.00000
0.00000
0.00000
0.00000
0.00000
0.00000
0.00000
0.03615
0.13305
0.25787
0.38963
0.50614
0.58780
0.62088
0.59979
0.52810
0.41787
0.28764
0.15932
0.00000
0.00000
0.00000
0.00000
0.00000
0.00000
0.00000
0.00000
0.00000
0.00000
0.00000
0.00000
0.02969
0.10927
0.21178
0.31999
0.41567
0.48274
0.50990
0.49259
0.43371
0.34318
0.23622
0.13085
0.00000
0.00000
0.00000
0.00000
0.00000
0.00000
0.00000
0.00000
0.00000
0.00000
0.00000
0.00000
0.02789
0.10266
0.19898
0.30064
0.39054
0.45356
0.47908
0.46281
0.40749
0.32243
0.22194
0.12294
0.00000
0.00000
0.00000
0.00000
0.00000
0.00000
0.00000
0.00000
0.00000
0.00000
0.00000
0.00000
0.02308
0.08493
0.16462
0.24873
0.32311
0.37524
0.39635
0.38289
0.33713
0.26675
0.18362
0.10171
0.00000
0.00000
0.00000
0.00000
0.00000
0.00000
0.00000
0.00000
0.00000
0.00000
0.00000
0.00000
0.03247
0.11951
0.23163
0.34998
0.45464
0.52799
0.55770
0.53876
0.47436
0.37535
0.25837
0.14311
0.00000
0.00000
0.00000
0.00000
0.00000
0.00000
0.00000
0.00000
0.00000
0.00000
0.00000
0.00000
0.02928
0.10776
0.20887
0.31559
0.40996
0.47610
0.50289
0.48581
0.42774
0.33846
0.23297
0.12905
0.00000
0.00000
0.00000
0.00000
0.00000
0.00000
0.00000
0.00000
0.00000
0.00000
0.00000
0.00000
0.04259
0.15674
0.30381
0.45903
0.59630
0.69251
0.73147
0.70663
0.62217
0.49230
0.33887
0.18770
0.00000
0.00000
0.00000
0.00000
0.00000
0.00000
0.00000
0.00000
0.00000
0.00000
0.00000
0.00000
0.03192
0.11747
0.22769
0.34402
0.44689
0.51900
0.54820
0.52958
0.46628
0.36895
0.25397
0.14067
0.00000
0.00000
0.00000
0.00000
0.00000
0.00000
0.00000
0.00000
0.00000
0.00000
0.00000
0.00000
0.03060
0.11263
0.21830
0.32984
0.42848
0.49761
0.52561
0.50776
0.44707
0.35375
0.24350
0.13488
0.00000
0.00000
0.00000
0.00000
0.00000
