0.00000
0.00000
0.00000
0.00000
0.00000
0.00000
0.00000
0.03805
0.13182
0.26394
0.41116
0.54758
0.64920
0.69814
0.68579
0.61432
0.49632
0.35253
0.20825
0.00000
0.00000
0.00000
0.00000
0.00000
0.00000
0.00000
0.00000
0.00000
0.00000
0.00000
0.00000
0.03794
0.13145
0.26320
0.41000
0.54603
0.64737
0.69617
0.68385
0.61259
0.49491
0.35153
0.20766
0.00000
0.00000
0.00000
0.00000
0.00000
0.00000
0.00000
0.00000
0.00000
0.00000
0.00000
0.00000
0.02883
0.09987
0.19997
0.31151
0.41486
0.49185
0.52892
0.51957
0.46542
0.37602
0.26708
0.15778
0.00000
0.00000
0.00000
0.00000
0.00000
0.00000
0.00000
0.00000
0.00000
0.00000
0.00000
0.00000
0.03923
0.13591
0.27213
0.42391
0.56456
0.66932
0.71978
0.70705
0.63337
0.51170
0.36345
0.21471
0.00000
0.00000
0.00000
0.00000
0.00000
0.00000
0.00000
0.00000
0.00000
0.00000
0.00000
0.00000
0.04153
0.14388
0.28809
0.44878
0.59768
0.70859
0.76201
0.74853
0.67052
0.54172
0.38478
0.22730
0.00000
0.00000
0.00000
0.00000
0.00000
0.00000
0.00000
0.00000
0.00000
0.00000
0.00000
0.00000
0.03632
0.12585
0.25198
0.39252
0.52275
0.61976
0.66648
0.65469
0.58647
0.47381
0.33654
0.19881
0.00000
0.00000
0.00000
0.00000
0.00000
0.00000
0.00000
0.00000
0.00000
0.00000
0.00000
0.00000
0.04279
0.14825
0.29683
0.46240
0.61582
0.73010
0.78513
0.77124
0.69087
0.55816
0.39645
0.23420
0.00000
0.00000
0.00000
0.00000
0.00000
0.00000
0.00000
0.00000
0.00000
0.00000
0.00000
0.00000
0.03791
0.13136
0.26302
0.40973
0.54567
0.64694
0.69571
0.68340
0.61218
0.49459
0.35130
0.20753
0.00000
0.00000
0.00000
0.00000
0.00000
0.00000
0.00000
0.00000
0.00000
0.00000
0.00000
0.00000
0.04333
0.15013
0.30060
0.46826
0.62362
0.73935
0.79509
0.78102
0.69963
0.56524
0.40148
0.23717
0.00000
0.00000
0.00000
0.00000
0.00000
0.00000
0.00000
0.00000
0.00000
0.00000
0.00000
0.00000
0.03991
0.13827
0.27686
0.43128
0.57438
0.68097
0.73230
0.71935
0.64439
0.52060
0.36978
0.21844
0.00000
0.00000
0.00000
0.00000
0.00000
0.00000
0.00000
0.00000
0.00000
0.00000
0.00000
0.00000
0.03903
0.13523
0.27077
0.42180
0.56174
0.66599
0.71620
0.70353
0.63021
0.50915
0.36164
0.21364
0.00000
0.00000
0.00000
0.00000
0.00000
0.00000
0.00000
0.00000
0.00000
0.00000
0.00000
0.00000
0.03918
0.13576
0.27183
0.42344
0.56393
0.66859
0.71899
0.70627
0.63267
0.51114
0.36305
0.21447
0.00000
0.00000
0.00000
0.00000
0.00000
0.00000
0.00000
0.00000
0.00000
0.00000
0.00000
0.00000
0.04484
0.15535
0.31105
0.48455
0.64531
0.76506
0.82274
0.80818
0.72396
0.58490
0.41544
0.24542
0.00000
0.00000
0.00000
0.00000
0.00000
0.00000
0.00000
0.00000
0.00000
0.00000
0.00000
0.00000
0.03945
0.13668
0.27367
0.42632
0.56776
0.67312
0.72387
0.71106
0.63696
0.51461
0.36552
0.21593
0.00000
0.00000
0.00000
0.00000
0.00000
0.00000
0.00000
0.00000
0.00000
0.00000
0.00000
0.00000
0.04778
0.16556
0.33149
0.51638
0.68771
0.81533
0.87680
0.86129
0.77153
0.62333
0.44274
0.26154
0.00000
0.00000
0.00000
0.00000
0.00000
0.00000
0.00000
0.00000
0.00000
0.00000
0.00000
0.00000
0.03958
0.13715
0.27460
0.42777
0.56969
0.67542
0.72633
0.71348
0.63913
0.51636
0.36676
0.21666
0.00000
0.00000
0.00000
0.00000
0.00000
0.00000
0.00000
0.00000
0.00000
0.00000
0.00000
0.00000
0.03967
0.13744
0.27520
0.42870
0.57093
0.67688
0.72791
0.71503
0.64052
0.51748
0.36756
0.21713
0.00000
0.00000
0.00000
0.00000
0.00000
0.00000
0.00000
0.00000
0.00000
0.00000
0.00000
0.00000
0.03383
0.11722
0.23470
0.36560
0.48690
0.57726
0.62078
0.60980
0.54625
0.44132
0.31346
0.18517
0.00000
0.00000
0.00000
0.00000
0.00000
0.00000
0.00000
0.00000
0.00000
0.00000
0.00000
0.00000
0.02902
0.10054
0.20130
0.31358
0.41762
0.49512
0.53244
0.52302
0.46852
0.37852
0.26886
0.15882
0.00000
0.00000
0.00000
0.00000
0.00000
0.00000
0.00000
0.00000
0.00000
0.00000
0.00000
0.00000
0.03143
0.10890
0.21805
0.33967
0.45237
0.53631
0.57674
0.56654
0.50750
0.41001
0.29123
0.17204
0.00000
0.00000
0.00000
0.00000
0.00000
0.00000
0.00000
0.00000
0.00000
0.00000
0.00000
0.00000
0.02342
0.08116
0.16250
0.25314
0.33713
0.39969
0.42982
0.42221
0.37822
0.30556
0.21704
0.12821
0.00000
0.00000
0.00000
0.00000
0.00000
0.00000
0.00000
0.00000
0.00000
0.00000
0.00000
0.00000
0.03920
0.13583
0.27196
0.42365
0.56421
0.66891
0.71933
0.70661
0.63298
0.51138
0.36323
0.21457
0.00000
0.00000
0.00000
0.00000
0.00000
0.00000
0.00000
0.00000
0.00000
0.00000
0.00000
0.00000
0.04147
0.14370
0.28772
0.44820
0.59691
0.70768
0.76102
0.74756
0.66966
0.54102
0.38428
0.22701
0.00000
0.00000
0.00000
0.00000
0.00000
0.00000
0.00000
0.00000
0.00000
0.00000
0.00000
0.00000
0.03284
0.11380
0.22785
0.35494
0.47270
0.56042
0.60267
0.59201
0.53032
0.42845
0.30432
0.17977
0.00000
0.00000
0.00000
0.00000
0.00000
0.00000
0.00000
0.00000
0.00000
0.00000
0.00000
0.00000
0.03750
0.12993
0.26015
0.40526
0.53972
0.63988
0.68812
0.67594
0.60550
0.48919
0.34746
0.20526
0.00000
0.00000
0.00000
0.00000
0.00000
0.00000
0.00000
0.00000
0.00000
0.00000
0.00000
0.00000
0.03225
0.11175
0.22376
0.34857
0.46421
0.55036
0.59185
0.58138
0.52079
0.42075
0.29885
0.17655
0.00000
0.00000
0.00000
0.00000
0.00000
0.00000
0.00000
0.00000
0.00000
0.00000
0.00000
0.00000
0.04228
0.14648
0.29330
0.45689
0.60848
0.72140
0.77578
0.76206
0.68264
0.55151
0.39173
0.23141
0.00000
0.00000
0.00000
0.00000
0.00000
0.00000
0.00000
0.00000
0.00000
0.00000
0.00000
0.00000
0.04408
0.15273
0.30580
0.47636
0.63442
0.75215
0.80885
0.79454
0.71174
0.57502
0.40843
0.24128
0.00000
0.00000
0.00000
0.00000
0.00000
0.00000
0.00000
0.00000
0.00000
0.00000
0.00000
0.00000
0.03776
0.13084
0.26198
0.40811
0.54351
0.64437
0.69295
0.68069
0.60976
0.49263
0.34991
0.20670
0.00000
0.00000
0.00000
0.00000
0.00000
0.00000
0.00000
0.00000
0.00000
0.00000
0.00000
0.00000
0.04215
0.14603
0.29239
0.45548
0.60660
0.71917
0.77338
0.75970
0.68053
0.54981
0.39052
0.23070
0.00000
0.00000
0.00000
0.00000
0.00000
0.00000
0.00000
0.00000
0.00000
0.00000
0.00000
0.00000
0.03154
0.10930
0.21884
0.34090
0.45400
0.53825
0.57883
0.56859
0.50934
0.41150
0.29228
0.17266
0.00000
0.00000
0.00000
0.00000
0.00000
0.00000
0.00000
0.00000
0.00000
0.00000
0.00000
0.00000
0.00733
0.14829
0.31378
0.48134
0.62820
0.73442
0.78559
0.77474
0.70336
0.58114
0.42467
0.25520
0.09575
0.00000
0.00000
0.00000
0.00000
0.00000
0.00000
0.00000
0.00000
0.00000
0.00000
0.00000
0.00754
0.15246
0.32259
0.49485
0.64584
0.75505
0.80765
0.79650
0.72311
0.59746
0.43659
0.26237
0.09844
0.00000
0.00000
0.00000
0.00000
0.00000
0.00000
0.00000
0.00000
0.00000
0.00000
0.00000
0.00648
0.13105
0.27730
0.42536
0.55515
0.64902
0.69423
0.68465
0.62157
0.51356
0.37529
0.22553
0.08462
0.00000
0.00000
0.00000
0.00000
0.00000
0.00000
0.00000
0.00000
0.00000
0.00000
0.00000
0.00609
0.12315
0.26059
0.39974
0.52170
0.60992
0.65241
0.64341
0.58413
0.48262
0.35268
0.21194
0.07952
0.00000
0.00000
0.00000
0.00000
0.00000
0.00000
0.00000
0.00000
0.00000
0.00000
0.00000
0.00677
0.13678
0.28943
0.44398
0.57944
0.67742
0.72461
0.71461
0.64877
0.53603
0.39171
0.23540
0.08832
0.00000
0.00000
0.00000
0.00000
0.00000
0.00000
0.00000
0.00000
0.00000
0.00000
0.00000
0.00624
0.12615
0.26694
0.40948
0.53441
0.62478
0.66830
0.65908
0.59835
0.49438
0.36127
0.21710
0.08146
0.00000
0.00000
0.00000
0.00000
0.00000
0.00000
0.00000
0.00000
0.00000
0.00000
0.00000
0.00580
0.11718
0.24796
0.38036
0.49642
0.58036
0.62079
0.61222
0.55581
0.45923
0.33558
0.20167
0.07567
0.00000
0.00000
0.00000
0.00000
0.00000
0.00000
0.00000
0.00000
0.00000
0.00000
0.00000
0.00672
0.13585
0.28746
0.44096
0.57550
0.67281
0.71968
0.70975
0.64436
0.53238
0.38904
0.23379
0.08772
0.00000
0.00000
0.00000
0.00000
0.00000
0.00000
0.00000
0.00000
0.00000
0.00000
0.00000
0.00648
0.13092
0.27702
0.42494
0.55459
0.64837
0.69354
0.68396
0.62095
0.51304
0.37491
0.22530
0.08453
0.00000
0.00000
0.00000
0.00000
0.00000
0.00000
0.00000
0.00000
0.00000
0.00000
0.00000
0.00540
0.10926
0.23119
0.35464
0.46285
0.54111
0.57881
0.57082
0.51823
0.42818
0.31289
0.18803
0.07055
0.00000
0.00000
0.00000
0.00000
0.00000
0.00000
0.00000
0.00000
0.00000
0.00000
0.00000
0.00688
0.13901
0.29414
0.45120
0.58887
0.68844
0.73641
0.72624
0.65933
0.54476
0.39808
0.23923
0.08976
0.00000
0.00000
0.00000
0.00000
0.00000
0.00000
0.00000
0.00000
0.00000
0.00000
0.00000
0.00722
0.14593
0.30878
0.47366
0.61817
0.72270
0.77305
0.76238
0.69214
0.57186
0.41789
0.25113
0.09423
0.00000
0.00000
0.00000
0.00000
0.00000
0.00000
0.00000
0.00000
0.00000
0.00000
0.00000
0.00748
0.15113
0.31980
0.49056
0.64023
0.74850
0.80064
0.78959
0.71684
0.59227
0.43281
0.26009
0.09759
0.00000
0.00000
0.00000
0.00000
0.00000
0.00000
0.00000
0.00000
0.00000
0.00000
0.00000
0.00595
0.12025
0.25444
0.39030
0.50939
0.59552
0.63701
0.62822
0.57034
0.47123
0.34435
0.20694
0.07764
0.00000
0.00000
0.00000
0.00000
0.00000
0.00000
0.00000
0.00000
0.00000
0.00000
0.00000
0.00697
0.14085
0.29804
0.45718
0.59667
0.69757
0.74616
0.73586
0.66806
0.55197
0.40336
0.24240
0.09095
0.00000
0.00000
0.00000
0.00000
0.00000
0.00000
0.00000
0.00000
0.00000
0.00000
0.00000
0.00716
0.14472
0.30622
0.46973
0.61305
0.71671
0.76664
0.75606
0.68640
0.56712
0.41443
0.24905
0.09344
0.00000
0.00000
0.00000
0.00000
0.00000
0.00000
0.00000
0.00000
0.00000
0.00000
0.00000
0.00789
0.15949
0.33747
0.51768
0.67563
0.78987
0.84490
0.83324
0.75647
0.62501
0.45673
0.27447
0.10298
0.00000
0.00000
0.00000
0.00000
0.00000
0.00000
0.00000
0.00000
0.00000
0.00000
0.00000
0.00663
0.13403
0.28362
0.43506
0.56780
0.66381
0.71006
0.70026
0.63574
0.52526
0.38384
0.23067
0.08655
0.00000
0.00000
0.00000
0.00000
0.00000
0.00000
0.00000
0.00000
0.00000
0.00000
0.00000
0.00794
0.16046
0.33953
0.52083
0.67974
0.79468
0.85004
0.83831
0.76107
0.62882
0.45951
0.27614
0.10361
0.00000
0.00000
0.00000
0.00000
0.00000
0.00000
0.00000
0.00000
0.00000
0.00000
0.00000
0.00722
0.14591
0.30875
0.47361
0.61812
0.72264
0.77298
0.76231
0.69208
0.57181
0.41786
0.25111
0.09422
0.00000
0.00000
0.00000
0.00000
0.00000
0.00000
0.00000
0.00000
0.00000
0.00000
0.00000
0.00725
0.14663
0.31026
0.47593
0.62114
0.72617
0.77676
0.76604
0.69546
0.57461
0.41990
0.25234
0.09468
0.00000
0.00000
0.00000
0.00000
0.00000
0.00000
0.00000
0.00000
0.00000
0.00000
0.00000
0.00566
0.11439
0.24204
0.37129
0.48457
0.56651
0.60597
0.59761
0.54255
0.44827
0.32757
0.19685
0.07386
0.00000
0.00000
0.00000
0.00000
0.00000
0.00000
0.00000
0.00000
0.00000
0.00000
0.00000
0.00712
0.14398
0.30467
0.46735
0.60995
0.71309
0.76277
0.75224
0.68293
0.56426
0.41233
0.24779
0.09297
0.00000
0.00000
0.00000
0.00000
0.00000
0.00000
0.00000
0.00000
0.00000
0.00000
0.00000
0.00502
0.10150
0.21477
0.32946
0.42998
0.50269
0.53771
0.53028
0.48142
0.39777
0.29067
0.17468
0.06554
0.00000
0.00000
0.00000
0.00000
0.00000
0.00000
0.00000
0.00000
0.00000
0.00000
0.00000
0.00725
0.14654
0.31008
0.47566
0.62078
0.72576
0.77632
0.76560
0.69506
0.57428
0.41966
0.25219
0.09462
0.00000
0.00000
0.00000
0.00000
0.00000
0.00000
0.00000
0.00000
0.00000
0.00000
0.00000
0.00788
0.15933
0.33714
0.51717
0.67496
0.78909
0.84407
0.83242
0.75572
0.62440
0.45628
0.27420
0.10288
0.00000
0.00000
0.00000
0.00000
0.00000
0.00000
0.00000
0.00000
0.00000
0.00000
0.00000
0.00620
0.12532
0.26518
0.40678
0.53089
0.62066
0.66390
0.65473
0.59441
0.49112
0.35889
0.21567
0.08092
0.00000
0.00000
0.00000
0.00000
0.00000
0.00000
0.00000
0.00000
0.00000
0.00000
0.00000
0.00544
0.11008
0.23293
0.35731
0.46632
0.54518
0.58316
0.57511
0.52212
0.43139
0.31524
0.18944
0.07108
0.00000
0.00000
0.00000
0.00000
0.00000
0.00000
0.00000
0.00000
0.00000
0.00000
0.00000
0.00641
0.12964
0.27431
0.42079
0.54917
0.64204
0.68677
0.67729
0.61488
0.50803
0.37125
0.22310
0.08371
0.00000
0.00000
0.00000
0.00000
0.00000
0.00000
0.00000
0.00000
0.00000
0.00000
0.00461
0.04407
0.13493
0.26131
0.40114
0.52999
0.62537
0.67060
0.65779
0.58919
0.47676
0.34015
0.20321
0.08988
0.00000
0.00000
0.00000
0.00000
0.00000
0.00000
0.00000
0.00000
0.00000
0.00000
0.00510
0.04878
0.14934
0.28921
0.44397
0.58658
0.69214
0.74221
0.72803
0.65210
0.52766
0.37647
0.22491
0.09947
0.00000
0.00000
0.00000
0.00000
0.00000
0.00000
0.00000
0.00000
0.00000
0.00000
0.00535
0.05113
0.15655
0.30319
0.46542
0.61493
0.72559
0.77807
0.76321
0.68361
0.55316
0.39466
0.23578
0.10428
0.00000
0.00000
0.00000
0.00000
0.00000
0.00000
0.00000
0.00000
0.00000
0.00000
0.00372
0.03560
0.10898
0.21105
0.32399
0.42807
0.50510
0.54163
0.53129
0.47588
0.38507
0.27473
0.16413
0.07259
0.00000
0.00000
0.00000
0.00000
0.00000
0.00000
0.00000
0.00000
0.00000
0.00000
0.00475
0.04544
0.13913
0.26944
0.41362
0.54648
0.64482
0.69146
0.67826
0.60752
0.49159
0.35073
0.20954
0.09267
0.00000
0.00000
0.00000
0.00000
0.00000
0.00000
0.00000
0.00000
0.00000
0.00000
0.00429
0.04106
0.12570
0.24343
0.37369
0.49372
0.58257
0.62471
0.61278
0.54887
0.44413
0.31687
0.18931
0.08373
0.00000
0.00000
0.00000
0.00000
0.00000
0.00000
0.00000
0.00000
0.00000
0.00000
0.00625
0.05975
0.18292
0.35426
0.54383
0.71852
0.84782
0.90914
0.89178
0.79877
0.64635
0.46114
0.27550
0.12185
0.00000
0.00000
0.00000
0.00000
0.00000
0.00000
0.00000
0.00000
0.00000
0.00000
0.00556
0.05319
0.16285
0.31539
0.48415
0.63968
0.75479
0.80938
0.79393
0.71112
0.57543
0.41054
0.24527
0.10848
0.00000
0.00000
0.00000
0.00000
0.00000
0.00000
0.00000
0.00000
0.00000
0.00000
0.00453
0.04336
0.13274
0.25706
0.39462
0.52138
0.61521
0.65970
0.64711
0.57961
0.46901
0.33462
0.19991
0.08842
0.00000
0.00000
0.00000
0.00000
0.00000
0.00000
0.00000
0.00000
0.00000
0.00000
0.00589
0.05638
0.17261
0.33427
0.51315
0.67798
0.79999
0.85785
0.84147
0.75371
0.60988
0.43513
0.25996
0.11497
0.00000
0.00000
0.00000
0.00000
0.00000
0.00000
0.00000
0.00000
0.00000
0.00000
0.00327
0.03123
0.09562
0.18518
0.28428
0.37559
0.44318
0.47524
0.46616
0.41754
0.33787
0.24105
0.14401
0.06369
0.00000
0.00000
0.00000
0.00000
0.00000
0.00000
0.00000
0.00000
0.00000
0.00000
0.00627
0.05998
0.18365
0.35566
0.54598
0.72136
0.85117
0.91273
0.89530
0.80192
0.64890
0.46296
0.27659
0.12233
0.00000
0.00000
0.00000
0.00000
0.00000
0.00000
0.00000
0.00000
0.00000
0.00000
0.00434
0.04154
0.12718
0.24631
0.37811
0.49957
0.58947
0.63210
0.62003
0.55536
0.44939
0.32062
0.19155
0.08472
0.00000
0.00000
0.00000
0.00000
0.00000
0.00000
0.00000
0.00000
0.00000
0.00000
0.00229
0.02194
0.06716
0.13007
0.19968
0.26382
0.31129
0.33381
0.32744
0.29329
0.23732
0.16932
0.10116
0.04474
0.00000
0.00000
0.00000
0.00000
0.00000
0.00000
0.00000
0.00000
0.00000
0.00000
0.00408
0.03905
0.11955
0.23153
0.35542
0.46959
0.55409
0.59417
0.58282
0.52204
0.42242
0.30138
0.18005
0.07963
0.00000
0.00000
0.00000
0.00000
0.00000
0.00000
0.00000
0.00000
0.00000
0.00000
0.00488
0.04663
0.14277
0.27650
0.42446
0.56081
0.66173
0.70959
0.69604
0.62344
0.50448
0.35992
0.21503
0.09510
0.00000
0.00000
0.00000
0.00000
0.00000
0.00000
0.00000
0.00000
0.00000
0.00000
0.00551
0.05275
0.16149
0.31275
0.48011
0.63433
0.74848
0.80263
0.78730
0.70518
0.57062
0.40711
0.24322
0.10757
0.00000
0.00000
0.00000
0.00000
0.00000
0.00000
0.00000
0.00000
0.00000
0.00000
0.00515
0.04926
0.15080
0.29205
0.44832
0.59233
0.69893
0.74948
0.73517
0.65849
0.53284
0.38016
0.22712
0.10045
0.00000
0.00000
0.00000
0.00000
0.00000
0.00000
0.00000
0.00000
0.00000
0.00000
0.00504
0.04819
0.14754
0.28574
0.43864
0.57954
0.68383
0.73329
0.71929
0.64427
0.52133
0.37195
0.22221
0.09828
0.00000
0.00000
0.00000
0.00000
0.00000
0.00000
0.00000
0.00000
0.00000
0.00000
0.00526
0.05030
0.15400
0.29825
0.45785
0.60492
0.71378
0.76541
0.75079
0.67248
0.54416
0.38824
0.23194
0.10258
0.00000
0.00000
0.00000
0.00000
0.00000
0.00000
0.00000
0.00000
0.00000
0.00000
0.00517
0.04943
0.15134
0.29309
0.44993
0.59445
0.70143
0.75216
0.73780
0.66085
0.53475
0.38152
0.22793
0.10081
0.00000
0.00000
0.00000
0.00000
0.00000
0.00000
0.00000
0.00000
0.00000
0.00000
0.00446
0.04263
0.13052
0.25277
0.38802
0.51267
0.60492
0.64868
0.63629
0.56993
0.46117
0.32903
0.19657
0.08694
0.00000
0.00000
0.00000
0.00000
0.00000
0.00000
0.00000
0.00000
0.00000
0.00000
0.00383
0.03660
0.11207
0.21704
0.33317
0.44020
0.51941
0.55698
0.54635
0.48936
0.39598
0.28252
0.16879
0.07465
0.00000
0.00000
0.00000
0.00000
0.00000
0.00000
0.00000
0.00000
0.00000
0.00000
0.00564
0.05396
0.16520
0.31992
0.49112
0.64888
0.76565
0.82103
0.80535
0.72135
0.58370
0.41645
0.24880
0.11004
0.00000
0.00000
0.00000
0.00000
0.00000
0.00000
0.00000
0.00000
0.00000
0.00000
0.00597
0.05708
0.17477
0.33846
0.51958
0.68648
0.81001
0.86860
0.85202
0.76315
0.61753
0.44058
0.26322
0.11642
0.00000
0.00000
0.00000
0.00000
0.00000
0.00000
0.00000
0.00000
0.00000
0.00000
0.00484
0.04629
0.14171
0.27445
0.42131
0.55664
0.65681
0.70432
0.69087
0.61882
0.50073
0.35725
0.21343
0.09440
0.00000
0.00000
0.00000
0.00000
0.00000
0.00000
0.00000
0.00000
0.00000
0.00000
0.00543
0.05197
0.15911
0.30814
0.47302
0.62497
0.73744
0.79078
0.77568
0.69477
0.56220
0.40110
0.23963
0.10598
0.00000
0.00000
0.00000
0.00000
0.00000
0.00000
0.00000
0.00000
0.00000
0.00000
0.00440
0.04212
0.12895
0.24973
0.38336
0.50650
0.59765
0.64088
0.62864
0.56308
0.45563
0.32507
0.19421
0.08589
0.00000
0.00000
0.00000
0.00000
0.00000
0.00000
0.00000
0.00000
0.00000
0.00000
0.00382
0.03652
0.11180
0.21653
0.33239
0.43916
0.51819
0.55567
0.54506
0.48821
0.39505
0.28185
0.16839
0.07447
0.00000
0.00000
0.00000
0.00000
0.00000
0.00000
0.00000
0.00000
0.00000
0.00000
0.00431
0.04120
0.12614
0.24429
0.37501
0.49547
0.58464
0.62692
0.61495
0.55081
0.44571
0.31799
0.18998
0.08402
0.00000
0.00000
0.00000
0.00000
0.00000
0.00000
0.00000
0.00000
0.00000
0.00000
0.00478
0.04568
0.13985
0.27084
0.41576
0.54931
0.64817
0.69505
0.68178
0.61067
0.49414
0.35255
0.21062
0.09315
0.00000
0.00000
0.00000
0.00000
0.00000
0.00000
0.00000
0.00000
0.00000
0.00000
0.00000
0.04595
0.14649
0.28255
0.43128
0.56770
0.66889
0.71787
0.70639
0.63640
0.51965
0.37574
0.22885
0.00000
0.00000
0.00000
0.00000
0.00000
0.00000
0.00000
0.00000
0.00000
0.00000
0.00000
0.00000
0.03937
0.12551
0.24209
0.36952
0.48640
0.57310
0.61506
0.60523
0.54526
0.44523
0.32193
0.19608
0.00000
0.00000
0.00000
0.00000
0.00000
0.00000
0.00000
0.00000
0.00000
0.00000
0.00000
0.00000
0.03769
0.12016
0.23177
0.35377
0.46566
0.54867
0.58884
0.57943
0.52202
0.42625
0.30821
0.18772
0.00000
0.00000
0.00000
0.00000
0.00000
0.00000
0.00000
0.00000
0.00000
0.00000
0.00000
0.00000
0.04671
0.14893
0.28725
0.43845
0.57714
0.68001
0.72980
0.71814
0.64698
0.52829
0.38199
0.23266
0.00000
0.00000
0.00000
0.00000
0.00000
0.00000
0.00000
0.00000
0.00000
0.00000
0.00000
0.00000
0.02828
0.09017
0.17393
0.26548
0.34945
0.41174
0.44188
0.43482
0.39174
0.31987
0.23129
0.14087
0.00000
0.00000
0.00000
0.00000
0.00000
0.00000
0.00000
0.00000
0.00000
0.00000
0.00000
0.00000
0.04601
0.14669
0.28294
0.43188
0.56848
0.66982
0.71886
0.70737
0.63728
0.52037
0.37626
0.22917
0.00000
0.00000
0.00000
0.00000
0.00000
0.00000
0.00000
0.00000
0.00000
0.00000
0.00000
0.00000
0.03543
0.11296
0.21788
0.33256
0.43775
0.51578
0.55355
0.54470
0.49073
0.40070
0.28974
0.17647
0.00000
0.00000
0.00000
0.00000
0.00000
0.00000
0.00000
0.00000
0.00000
0.00000
0.00000
0.00000
0.03498
0.11153
0.21512
0.32835
0.43221
0.50925
0.54653
0.53780
0.48451
0.39563
0.28606
0.17423
0.00000
0.00000
0.00000
0.00000
0.00000
0.00000
0.00000
0.00000
0.00000
0.00000
0.00000
0.00000
0.02651
0.08452
0.16302
0.24883
0.32754
0.38592
0.41418
0.40756
0.36718
0.29982
0.21679
0.13204
0.00000
0.00000
0.00000
0.00000
0.00000
0.00000
0.00000
0.00000
0.00000
0.00000
0.00000
0.00000
0.03797
0.12107
0.23352
0.35643
0.46917
0.55280
0.59328
0.58380
0.52595
0.42946
0.31053
0.18913
0.00000
0.00000
0.00000
0.00000
0.00000
0.00000
0.00000
0.00000
0.00000
0.00000
0.00000
0.00000
0.02566
0.08180
0.15777
0.24081
0.31698
0.37348
0.40083
0.39442
0.35534
0.29015
0.20980
0.12778
0.00000
0.00000
0.00000
0.00000
0.00000
0.00000
0.00000
0.00000
0.00000
0.00000
0.00000
0.00000
0.03878
0.12364
0.23847
0.36400
0.47913
0.56454
0.60587
0.59619
0.53712
0.43858
0.31712
0.19315
0.00000
0.00000
0.00000
0.00000
0.00000
0.00000
0.00000
0.00000
0.00000
0.00000
0.00000
0.00000
0.02829
0.09018
0.17394
0.26549
0.34947
0.41176
0.44191
0.43484
0.39176
0.31989
0.23130
0.14088
0.00000
0.00000
0.00000
0.00000
0.00000
0.00000
0.00000
0.00000
0.00000
0.00000
0.00000
0.00000
0.04695
0.14968
0.28871
0.44068
0.58007
0.68347
0.73351
0.72179
0.65027
0.53097
0.38393
0.23384
0.00000
0.00000
0.00000
0.00000
0.00000
0.00000
0.00000
0.00000
0.00000
0.00000
0.00000
0.00000
0.03504
0.11171
0.21547
0.32889
0.43292
0.51008
0.54743
0.53868
0.48531
0.39628
0.28653
0.17452
0.00000
0.00000
0.00000
0.00000
0.00000
0.00000
0.00000
0.00000
0.00000
0.00000
0.00000
0.00000
0.02551
0.08131
0.15684
0.23939
0.31511
0.37128
0.39847
0.39210
0.35325
0.28844
0.20856
0.12703
0.00000
0.00000
0.00000
0.00000
0.00000
0.00000
0.00000
0.00000
0.00000
0.00000
0.00000
0.00000
0.03382
0.10783
0.20799
0.31747
0.41789
0.49238
0.52843
0.51999
0.46847
0.38252
0.27659
0.16846
0.00000
0.00000
0.00000
0.00000
0.00000
0.00000
0.00000
0.00000
0.00000
0.00000
0.00000
0.00000
0.04229
0.13482
0.26004
0.39692
0.52247
0.61560
0.66067
0.65011
0.58570
0.47825
0.34580
0.21062
0.00000
0.00000
0.00000
0.00000
0.00000
0.00000
0.00000
0.00000
0.00000
0.00000
0.00000
0.00000
0.04594
0.14647
0.28251
0.43121
0.56761
0.66878
0.71775
0.70628
0.63630
0.51957
0.37568
0.22882
0.00000
0.00000
0.00000
0.00000
0.00000
0.00000
0.00000
0.00000
0.00000
0.00000
0.00000
0.00000
0.04807
0.15325
0.29560
0.45119
0.59391
0.69977
0.75100
0.73900
0.66578
0.54364
0.39309
0.23942
0.00000
0.00000
0.00000
0.00000
0.00000
0.00000
0.00000
0.00000
0.00000
0.00000
0.00000
0.00000
0.04792
0.15278
0.29469
0.44980
0.59208
0.69761
0.74869
0.73673
0.66373
0.54196
0.39188
0.23868
0.00000
0.00000
0.00000
0.00000
0.00000
0.00000
0.00000
0.00000
0.00000
0.00000
0.00000
0.00000
0.03746
0.11944
0.23037
0.35163
0.46285
0.54536
0.58528
0.57593
0.51887
0.42368
0.30635
0.18659
0.00000
0.00000
0.00000
0.00000
0.00000
0.00000
0.00000
0.00000
0.00000
0.00000
0.00000
0.00000
0.04166
0.13283
0.25620
0.39106
0.51475
0.60650
0.65091
0.64051
0.57704
0.47118
0.34070
0.20751
0.00000
0.00000
0.00000
0.00000
0.00000
0.00000
0.00000
0.00000
0.00000
0.00000
0.00000
0.00000
0.04563
0.14546
0.28056
0.42825
0.56370
0.66418
0.71281
0.70142
0.63192
0.51599
0.37310
0.22724
0.00000
0.00000
0.00000
0.00000
0.00000
0.00000
0.00000
0.00000
0.00000
0.00000
0.00000
0.00000
0.04812
0.15342
0.29592
0.45168
0.59455
0.70053
0.75182
0.73980
0.66650
0.54423
0.39351
0.23968
0.00000
0.00000
0.00000
0.00000
0.00000
0.00000
0.00000
0.00000
0.00000
0.00000
0.00000
0.00000
0.02957
0.09426
0.18181
0.27751
0.36528
0.43039
0.46191
0.45452
0.40949
0.33437
0.24177
0.14725
0.00000
0.00000
0.00000
0.00000
0.00000
0.00000
0.00000
0.00000
0.00000
0.00000
0.00000
0.00000
0.04526
0.14429
0.27830
0.42479
0.55915
0.65882
0.70705
0.69575
0.62682
0.51182
0.37008
0.22540
0.00000
0.00000
0.00000
0.00000
0.00000
0.00000
0.00000
0.00000
0.00000
0.00000
0.00000
0.00000
0.04494
0.14327
0.27634
0.42180
0.55521
0.65418
0.70207
0.69086
0.62240
0.50822
0.36748
0.22382
0.00000
0.00000
0.00000
0.00000
0.00000
0.00000
0.00000
0.00000
0.00000
0.00000
0.00000
0.00000
0.04600
0.14665
0.28286
0.43174
0.56831
0.66961
0.71863
0.70715
0.63708
0.52021
0.37615
0.22910
0.00000
0.00000
0.00000
0.00000
0.00000
0.00000
0.00000
0.00000
0.00000
0.00000
0.00000
0.00000
0.02824
0.09002
0.17363
0.26502
0.34885
0.41103
0.44113
0.43408
0.39107
0.31932
0.23089
0.14063
0.00000
0.00000
0.00000
0.00000
0.00000
0.00000
0.00000
0.00000
0.00000
0.00000
0.00000
0.00175
0.03948
0.10410
0.18571
0.27185
0.34933
0.40632
0.43410
0.42842
0.39015
0.32514
0.24333
0.15723
0.00000
0.00000
0.00000
0.00000
0.00000
0.00000
0.00000
0.00000
0.00000
0.00000
0.00000
0.00174
0.03927
0.10354
0.18472
0.27039
0.34747
0.40415
0.43178
0.42613
0.38806
0.32340
0.24203
0.15639
0.00000
0.00000
0.00000
0.00000
0.00000
0.00000
0.00000
0.00000
0.00000
0.00000
0.00000
0.00272
0.06147
0.16206
0.28912
0.42322
0.54385
0.63257
0.67581
0.66697
0.60739
0.50618
0.37882
0.24479
0.00000
0.00000
0.00000
0.00000
0.00000
0.00000
0.00000
0.00000
0.00000
0.00000
0.00000
0.00281
0.06343
0.16722
0.29833
0.43669
0.56117
0.65271
0.69733
0.68821
0.62673
0.52230
0.39089
0.25258
0.00000
0.00000
0.00000
0.00000
0.00000
0.00000
0.00000
0.00000
0.00000
0.00000
0.00000
0.00178
0.04016
0.10588
0.18889
0.27649
0.35530
0.41326
0.44152
0.43574
0.39681
0.33069
0.24749
0.15992
0.00000
0.00000
0.00000
0.00000
0.00000
0.00000
0.00000
0.00000
0.00000
0.00000
0.00000
0.00153
0.03463
0.09130
0.16288
0.23842
0.30638
0.35637
0.38073
0.37574
0.34218
0.28516
0.21341
0.13790
0.00000
0.00000
0.00000
0.00000
0.00000
0.00000
0.00000
0.00000
0.00000
0.00000
0.00000
0.00259
0.05852
0.15429
0.27526
0.40293
0.51778
0.60224
0.64341
0.63499
0.57827
0.48191
0.36066
0.23305
0.00000
0.00000
0.00000
0.00000
0.00000
0.00000
0.00000
0.00000
0.00000
0.00000
0.00000
0.00166
0.03757
0.09904
0.17669
0.25864
0.33237
0.38659
0.41301
0.40761
0.37120
0.30935
0.23151
0.14960
0.00000
0.00000
0.00000
0.00000
0.00000
0.00000
0.00000
0.00000
0.00000
0.00000
0.00000
0.00211
0.04777
0.12594
0.22469
0.32890
0.42265
0.49159
0.52520
0.51833
0.47203
0.39337
0.29440
0.19023
0.00000
0.00000
0.00000
0.00000
0.00000
0.00000
0.00000
0.00000
0.00000
0.00000
0.00000
0.00244
0.05506
0.14518
0.25900
0.37912
0.48719
0.56666
0.60540
0.59748
0.54410
0.45344
0.33935
0.21928
0.00000
0.00000
0.00000
0.00000
0.00000
0.00000
0.00000
0.00000
0.00000
0.00000
0.00000
0.00250
0.05640
0.14870
0.26528
0.38832
0.49900
0.58041
0.62009
0.61197
0.55730
0.46444
0.34759
0.22460
0.00000
0.00000
0.00000
0.00000
0.00000
0.00000
0.00000
0.00000
0.00000
0.00000
0.00000
0.00272
0.06136
0.16178
0.28862
0.42248
0.54291
0.63147
0.67464
0.66581
0.60633
0.50530
0.37817
0.24436
0.00000
0.00000
0.00000
0.00000
0.00000
0.00000
0.00000
0.00000
0.00000
0.00000
0.00000
0.00135
0.03041
0.08017
0.14302
0.20936
0.26903
0.31292
0.33431
0.32994
0.30046
0.25040
0.18740
0.12109
0.00000
0.00000
0.00000
0.00000
0.00000
0.00000
0.00000
0.00000
0.00000
0.00000
0.00000
0.00286
0.06466
0.17047
0.30412
0.44517
0.57206
0.66538
0.71087
0.70156
0.63889
0.53243
0.39847
0.25748
0.00000
0.00000
0.00000
0.00000
0.00000
0.00000
0.00000
0.00000
0.00000
0.00000
0.00000
0.00166
0.03749
0.09884
0.17634
0.25813
0.33170
0.38581
0.41219
0.40679
0.37045
0.30873
0.23105
0.14930
0.00000
0.00000
0.00000
0.00000
0.00000
0.00000
0.00000
0.00000
0.00000
0.00000
0.00000
0.00101
0.02288
0.06032
0.10762
0.15753
0.20243
0.23546
0.25155
0.24826
0.22608
0.18841
0.14101
0.09112
0.00000
0.00000
0.00000
0.00000
0.00000
0.00000
0.00000
0.00000
0.00000
0.00000
0.00000
0.00285
0.06439
0.16976
0.30286
0.44333
0.56970
0.66264
0.70794
0.69867
0.63626
0.53024
0.39683
0.25642
0.00000
0.00000
0.00000
0.00000
0.00000
0.00000
0.00000
0.00000
0.00000
0.00000
0.00000
0.00235
0.05306
0.13990
0.24959
0.36535
0.46949
0.54608
0.58341
0.57578
0.52434
0.43697
0.32703
0.21132
0.00000
0.00000
0.00000
0.00000
0.00000
0.00000
0.00000
0.00000
0.00000
0.00000
0.00000
0.00191
0.04311
0.11366
0.20277
0.29682
0.38142
0.44364
0.47397
0.46777
0.42598
0.35500
0.26568
0.17168
0.00000
0.00000
0.00000
0.00000
0.00000
0.00000
0.00000
0.00000
0.00000
0.00000
0.00000
0.00267
0.06034
0.15910
0.28383
0.41547
0.53390
0.62099
0.66345
0.65476
0.59627
0.49692
0.37189
0.24031
0.00000
0.00000
0.00000
0.00000
0.00000
0.00000
0.00000
0.00000
0.00000
0.00000
0.00000
0.00161
0.03644
0.09606
0.17138
0.25087
0.32238
0.37497
0.40060
0.39536
0.36004
0.30005
0.22455
0.14510
0.00000
0.00000
0.00000
0.00000
0.00000
0.00000
0.00000
0.00000
0.00000
0.00000
0.00000
0.00145
0.03266
0.08612
0.15363
0.22489
0.28899
0.33613
0.35911
0.35441
0.32275
0.26897
0.20130
0.13007
0.00000
0.00000
0.00000
0.00000
0.00000
0.00000
0.00000
0.00000
0.00000
0.00000
0.00000
0.00247
0.05574
0.14695
0.26216
0.38376
0.49314
0.57359
0.61280
0.60478
0.55076
0.45898
0.34350
0.22196
0.00000
0.00000
0.00000
0.00000
0.00000
0.00000
0.00000
0.00000
0.00000
0.00000
0.00000
0.00290
0.06548
0.17264
0.30799
0.45083
0.57934
0.67385
0.71991
0.71049
0.64702
0.53921
0.40354
0.26076
0.00000
0.00000
0.00000
0.00000
0.00000
0.00000
0.00000
0.00000
0.00000
0.00000
0.00000
0.00214
0.04840
0.12760
0.22764
0.33322
0.42820
0.49806
0.53211
0.52514
0.47823
0.39855
0.29827
0.19274
0.00000
0.00000
0.00000
0.00000
0.00000
0.00000
0.00000
0.00000
0.00000
0.00000
0.00000
0.00232
0.05240
0.13814
0.24645
0.36076
0.46358
0.53921
0.57607
0.56853
0.51774
0.43147
0.32291
0.20866
0.00000
0.00000
0.00000
0.00000
0.00000
0.00000
0.00000
0.00000
0.00000
0.00000
0.00000
0.00139
0.03136
0.08267
0.14748
0.21588
0.27742
0.32268
0.34473
0.34022
0.30983
0.25820
0.19324
0.12487
0.00000
0.00000
0.00000
0.00000
0.00000
0.00000
0.00000
0.00000
0.00000
0.00000
0.00000
0.00264
0.05965
0.15727
0.28058
0.41071
0.52778
0.61387
0.65584
0.64726
0.58944
0.49122
0.36763
0.23755
0.00000
0.00000
0.00000
0.00000
0.00000
0.00000
0.00000
0.00000
0.00000
0.00000
0.00000
0.00157
0.03539
0.09330
0.16645
0.24365
0.31310
0.36417
0.38907
0.38398
0.34968
0.29141
0.21809
0.14093
0.00000
0.00000
0.00000
0.00000
0.00000
0.00000
0.00000
0.00000
0.00000
0.00000
0.00000
0.00286
0.06455
0.17020
0.30363
0.44446
0.57114
0.66432
0.70973
0.70044
0.63787
0.53158
0.39783
0.25707
0.00000
0.00000
0.00000
0.00000
0.00000
0.00000
0.00000
0.00000
0.00000
0.00000
0.00000
0.00250
0.05652
0.14901
0.26583
0.38913
0.50004
0.58162
0.62138
0.61324
0.55846
0.46541
0.34831
0.22507
0.00000
0.00000
0.00000
0.00000
0.00000
0.00000
0.00000
0.00000
0.00000
0.00000
0.00000
0.00756
0.04675
0.10866
0.18439
0.26305
0.33334
0.38515
0.41104
0.40728
0.37441
0.31717
0.24377
0.16477
0.00000
0.00000
0.00000
0.00000
0.00000
0.00000
0.00000
0.00000
0.00000
0.00000
0.00000
0.00773
0.04779
0.11108
0.18849
0.26890
0.34075
0.39372
0.42018
0.41633
0.38274
0.32422
0.24919
0.16843
0.00000
0.00000
0.00000
0.00000
0.00000
0.00000
0.00000
0.00000
0.00000
0.00000
0.00000
0.00887
0.05481
0.12737
0.21614
0.30835
0.39074
0.45147
0.48182
0.47741
0.43889
0.37178
0.28575
0.19314
0.00000
0.00000
0.00000
0.00000
0.00000
0.00000
0.00000
0.00000
0.00000
0.00000
0.00000
0.00945
0.05840
0.13574
0.23034
0.32860
0.41640
0.48113
0.51346
0.50877
0.46771
0.39620
0.30451
0.20583
0.00000
0.00000
0.00000
0.00000
0.00000
0.00000
0.00000
0.00000
0.00000
0.00000
0.00000
0.00861
0.05324
0.12373
0.20995
0.29952
0.37955
0.43855
0.46802
0.46374
0.42632
0.36114
0.27756
0.18761
0.00000
0.00000
0.00000
0.00000
0.00000
0.00000
0.00000
0.00000
0.00000
0.00000
0.00000
0.01370
0.08470
0.19685
0.33404
0.47655
0.60388
0.69774
0.74464
0.73783
0.67829
0.57458
0.44161
0.29849
0.00000
0.00000
0.00000
0.00000
0.00000
0.00000
0.00000
0.00000
0.00000
0.00000
0.00000
0.01068
0.06603
0.15347
0.26042
0.37151
0.47078
0.54395
0.58051
0.57520
0.52879
0.44794
0.34428
0.23270
0.00000
0.00000
0.00000
0.00000
0.00000
0.00000
0.00000
0.00000
0.00000
0.00000
0.00000
0.00995
0.06147
0.14286
0.24243
0.34585
0.43826
0.50638
0.54041
0.53547
0.49226
0.41700
0.32049
0.21663
0.00000
0.00000
0.00000
0.00000
0.00000
0.00000
0.00000
0.00000
0.00000
0.00000
0.00000
0.01030
0.06368
0.14801
0.25116
0.35830
0.45404
0.52461
0.55987
0.55475
0.50998
0.43201
0.33203
0.22443
0.00000
0.00000
0.00000
0.00000
0.00000
0.00000
0.00000
0.00000
0.00000
0.00000
0.00000
0.01036
0.06404
0.14883
0.25255
0.36028
0.45655
0.52751
0.56297
0.55782
0.51280
0.43440
0.33387
0.22567
0.00000
0.00000
0.00000
0.00000
0.00000
0.00000
0.00000
0.00000
0.00000
0.00000
0.00000
0.01126
0.06957
0.16169
0.27438
0.39143
0.49602
0.57311
0.61163
0.60604
0.55714
0.47195
0.36273
0.24518
0.00000
0.00000
0.00000
0.00000
0.00000
0.00000
0.00000
0.00000
0.00000
0.00000
0.00000
0.01143
0.07065
0.16421
0.27865
0.39752
0.50374
0.58204
0.62116
0.61547
0.56581
0.47930
0.36838
0.24900
0.00000
0.00000
0.00000
0.00000
0.00000
0.00000
0.00000
0.00000
0.00000
0.00000
0.00000
0.00756
0.04675
0.10866
0.18439
0.26305
0.33334
0.38515
0.41104
0.40728
0.37441
0.31716
0.24377
0.16477
0.00000
0.00000
0.00000
0.00000
0.00000
0.00000
0.00000
0.00000
0.00000
0.00000
0.00000
0.01191
0.07359
0.17104
0.29024
0.41406
0.52469
0.60625
0.64699
0.64107
0.58934
0.49924
0.38370
0.25935
0.00000
0.00000
0.00000
0.00000
0.00000
0.00000
0.00000
0.00000
0.00000
0.00000
0.00000
0.01086
0.06710
0.15596
0.26465
0.37755
0.47843
0.55279
0.58995
0.58455
0.53738
0.45522
0.34987
0.23649
0.00000
0.00000
0.00000
0.00000
0.00000
0.00000
0.00000
0.00000
0.00000
0.00000
0.00000
0.01098
0.06788
0.15775
0.26769
0.38189
0.48394
0.55915
0.59673
0.59128
0.54356
0.46046
0.35390
0.23921
0.00000
0.00000
0.00000
0.00000
0.00000
0.00000
0.00000
0.00000
0.00000
0.00000
0.00000
0.01097
0.06781
0.15761
0.26744
0.38153
0.48348
0.55863
0.59617
0.59072
0.54305
0.46002
0.35356
0.23898
0.00000
0.00000
0.00000
0.00000
0.00000
0.00000
0.00000
0.00000
0.00000
0.00000
0.00000
0.01076
0.06648
0.15451
0.26218
0.37403
0.47397
0.54764
0.58445
0.57910
0.53237
0.45098
0.34661
0.23428
0.00000
0.00000
0.00000
0.00000
0.00000
0.00000
0.00000
0.00000
0.00000
0.00000
0.00000
0.00838
0.05176
0.12031
0.20415
0.29124
0.36906
0.42642
0.45508
0.45092
0.41453
0.35115
0.26989
0.18243
0.00000
0.00000
0.00000
0.00000
0.00000
0.00000
0.00000
0.00000
0.00000
0.00000
0.00000
0.01374
0.08491
0.19734
0.33486
0.47772
0.60537
0.69946
0.74647
0.73964
0.67996
0.57599
0.44270
0.29923
0.00000
0.00000
0.00000
0.00000
0.00000
0.00000
0.00000
0.00000
0.00000
0.00000
0.00000
0.01006
0.06219
0.14453
0.24526
0.34989
0.44338
0.51229
0.54672
0.54172
0.49801
0.42186
0.32424
0.21916
0.00000
0.00000
0.00000
0.00000
0.00000
0.00000
0.00000
0.00000
0.00000
0.00000
0.00000
0.00994
0.06145
0.14281
0.24234
0.34572
0.43810
0.50619
0.54021
0.53527
0.49208
0.41684
0.32037
0.21655
0.00000
0.00000
0.00000
0.00000
0.00000
0.00000
0.00000
0.00000
0.00000
0.00000
0.00000
0.00525
0.03245
0.07542
0.12797
0.18257
0.23135
0.26731
0.28527
0.28266
0.25985
0.22012
0.16918
0.11435
0.00000
0.00000
0.00000
0.00000
0.00000
0.00000
0.00000
0.00000
0.00000
0.00000
0.00000
0.01148
0.07098
0.16496
0.27992
0.39933
0.50603
0.58469
0.62398
0.61827
0.56838
0.48148
0.37006
0.25013
0.00000
0.00000
0.00000
0.00000
0.00000
0.00000
0.00000
0.00000
0.00000
0.00000
0.00000
0.00952
0.05882
0.13670
0.23197
0.33093
0.41936
0.48454
0.51711
0.51238
0.47103
0.39901
0.30667
0.20729
0.00000
0.00000
0.00000
0.00000
0.00000
0.00000
0.00000
0.00000
0.00000
0.00000
0.00000
0.01287
0.07956
0.18492
0.31379
0.44765
0.56726
0.65543
0.69948
0.69309
0.63716
0.53974
0.41483
0.28040
0.00000
0.00000
0.00000
0.00000
0.00000
0.00000
0.00000
0.00000
0.00000
0.00000
0.00000
0.01072
0.06626
0.15399
0.26131
0.37278
0.47239
0.54581
0.58250
0.57717
0.53059
0.44947
0.34545
0.23350
0.00000
0.00000
0.00000
0.00000
0.00000
0.00000
0.00000
0.00000
0.00000
0.00000
0.00000
0.00620
0.03831
0.08905
0.15110
0.21557
0.27317
0.31562
0.33684
0.33376
0.30682
0.25991
0.19976
0.13502
0.00000
0.00000
0.00000
0.00000
0.00000
0.00000
0.00000
0.00000
0.00000
0.00000
0.00000
0.01197
0.07396
0.17188
0.29167
0.41610
0.52728
0.60924
0.65018
0.64424
0.59225
0.50170
0.38559
0.26063
0.00000
0.00000
0.00000
0.00000
0.00000
0.00000
0.00000
0.00000
0.00000
0.00000
0.00000
0.00941
0.05815
0.13514
0.22932
0.32715
0.41456
0.47900
0.51119
0.50651
0.46564
0.39445
0.30316
0.20492
0.00000
0.00000
0.00000
0.00000
0.00000
0.00000
0.00000
0.00000
0.00000
0.00000
0.00000
0.03011
0.08935
0.18979
0.31661
0.45113
0.57354
0.66581
0.71433
0.71196
0.65905
0.56339
0.43908
0.30443
0.17928
0.00000
0.00000
0.00000
0.00000
0.00000
0.00000
0.00000
0.00000
0.00000
0.00000
0.02985
0.08860
0.18819
0.31394
0.44734
0.56872
0.66021
0.70832
0.70597
0.65351
0.55865
0.43539
0.30187
0.17777
0.00000
0.00000
0.00000
0.00000
0.00000
0.00000
0.00000
0.00000
0.00000
0.00000
0.02046
0.06072
0.12897
0.21515
0.30657
0.38975
0.45245
0.48542
0.48381
0.44786
0.38285
0.29838
0.20688
0.12183
0.00000
0.00000
0.00000
0.00000
0.00000
0.00000
0.00000
0.00000
0.00000
0.00000
0.02015
0.05982
0.12706
0.21196
0.30202
0.38398
0.44574
0.47823
0.47664
0.44122
0.37718
0.29395
0.20381
0.12002
0.00000
0.00000
0.00000
0.00000
0.00000
0.00000
0.00000
0.00000
0.00000
0.00000
0.02169
0.06437
0.13672
0.22809
0.32501
0.41319
0.47966
0.51462
0.51291
0.47479
0.40588
0.31632
0.21932
0.12916
0.00000
0.00000
0.00000
0.00000
0.00000
0.00000
0.00000
0.00000
0.00000
0.00000
0.02381
0.07065
0.15007
0.25035
0.35673
0.45353
0.52648
0.56485
0.56298
0.52114
0.44550
0.34720
0.24073
0.14177
0.00000
0.00000
0.00000
0.00000
0.00000
0.00000
0.00000
0.00000
0.00000
0.00000
0.02874
0.08530
0.18118
0.30225
0.43068
0.54754
0.63562
0.68194
0.67968
0.62916
0.53784
0.41917
0.29063
0.17115
0.00000
0.00000
0.00000
0.00000
0.00000
0.00000
0.00000
0.00000
0.00000
0.00000
0.01853
0.05500
0.11682
0.19488
0.27768
0.35303
0.40982
0.43968
0.43823
0.40566
0.34678
0.27026
0.18738
0.11035
0.00000
0.00000
0.00000
0.00000
0.00000
0.00000
0.00000
0.00000
0.00000
0.00000
0.02409
0.07149
0.15185
0.25332
0.36096
0.45890
0.53272
0.57154
0.56965
0.52731
0.45078
0.35131
0.24358
0.14345
0.00000
0.00000
0.00000
0.00000
0.00000
0.00000
0.00000
0.00000
0.00000
0.00000
0.02776
0.08241
0.17503
0.29199
0.41606
0.52896
0.61405
0.65880
0.65661
0.60781
0.51959
0.40495
0.28077
0.16534
0.00000
0.00000
0.00000
0.00000
0.00000
0.00000
0.00000
0.00000
0.00000
0.00000
0.01730
0.05135
0.10907
0.18195
0.25926
0.32961
0.38263
0.41051
0.40915
0.37874
0.32377
0.25233
0.17495
0.10303
0.00000
0.00000
0.00000
0.00000
0.00000
0.00000
0.00000
0.00000
0.00000
0.00000
0.01788
0.05306
0.11270
0.18801
0.26789
0.34059
0.39537
0.42419
0.42278
0.39136
0.33456
0.26074
0.18078
0.10646
0.00000
0.00000
0.00000
0.00000
0.00000
0.00000
0.00000
0.00000
0.00000
0.00000
0.02438
0.07237
0.15372
0.25644
0.36540
0.46455
0.53928
0.57858
0.57666
0.53380
0.45632
0.35564
0.24658
0.14521
0.00000
0.00000
0.00000
0.00000
0.00000
0.00000
0.00000
0.00000
0.00000
0.00000
0.02809
0.08338
0.17709
0.29543
0.42096
0.53519
0.62128
0.66656
0.66435
0.61497
0.52571
0.40972
0.28407
0.16729
0.00000
0.00000
0.00000
0.00000
0.00000
0.00000
0.00000
0.00000
0.00000
0.00000
0.01886
0.05598
0.11891
0.19836
0.28265
0.35934
0.41714
0.44754
0.44606
0.41291
0.35298
0.27509
0.19073
0.11232
0.00000
0.00000
0.00000
0.00000
0.00000
0.00000
0.00000
0.00000
0.00000
0.00000
0.03101
0.09205
0.19550
0.32615
0.46473
0.59083
0.68587
0.73586
0.73341
0.67891
0.58037
0.45231
0.31361
0.18468
0.00000
0.00000
0.00000
0.00000
0.00000
0.00000
0.00000
0.00000
0.00000
0.00000
0.01713
0.05084
0.10799
0.18015
0.25669
0.32634
0.37884
0.40645
0.40510
0.37500
0.32057
0.24984
0.17322
0.10201
0.00000
0.00000
0.00000
0.00000
0.00000
0.00000
0.00000
0.00000
0.00000
0.00000
0.01678
0.04980
0.10578
0.17646
0.25144
0.31966
0.37108
0.39812
0.39680
0.36731
0.31400
0.24472
0.16967
0.09992
0.00000
0.00000
0.00000
0.00000
0.00000
0.00000
0.00000
0.00000
0.00000
0.00000
0.01974
0.05858
0.12443
0.20758
0.29578
0.37604
0.43653
0.46834
0.46679
0.43210
0.36938
0.28788
0.19960
0.11754
0.00000
0.00000
0.00000
0.00000
0.00000
0.00000
0.00000
0.00000
0.00000
0.00000
0.01984
0.05889
0.12508
0.20866
0.29731
0.37799
0.43879
0.47077
0.46921
0.43434
0.37130
0.28937
0.20063
0.11815
0.00000
0.00000
0.00000
0.00000
0.00000
0.00000
0.00000
0.00000
0.00000
0.00000
0.02319
0.06883
0.14620
0.24389
0.34752
0.44182
0.51289
0.55027
0.54844
0.50769
0.43400
0.33824
0.23451
0.13811
0.00000
0.00000
0.00000
0.00000
0.00000
0.00000
0.00000
0.00000
0.00000
0.00000
0.02568
0.07621
0.16187
0.27004
0.38479
0.48920
0.56789
0.60927
0.60725
0.56212
0.48053
0.37451
0.25966
0.15291
0.00000
0.00000
0.00000
0.00000
0.00000
0.00000
0.00000
0.00000
0.00000
0.00000
0.02166
0.06427
0.13652
0.22774
0.32451
0.41257
0.47893
0.51384
0.51213
0.47407
0.40526
0.31584
0.21899
0.12896
0.00000
0.00000
0.00000
0.00000
0.00000
0.00000
0.00000
0.00000
0.00000
0.00000
0.01352
0.04014
0.08526
0.14223
0.20266
0.25765
0.29910
0.32090
0.31983
0.29606
0.25309
0.19725
0.13676
0.08054
0.00000
0.00000
0.00000
0.00000
0.00000
0.00000
0.00000
0.00000
0.00000
0.00000
0.02445
0.07255
0.15410
0.25708
0.36632
0.46572
0.54063
0.58003
0.57811
0.53514
0.45747
0.35653
0.24720
0.14558
0.00000
0.00000
0.00000
0.00000
0.00000
0.00000
0.00000
0.00000
0.00000
0.00000
0.02573
0.07637
0.16222
0.27062
0.38561
0.49024
0.56910
0.61057
0.60855
0.56332
0.48156
0.37530
0.26021
0.15324
0.00000
0.00000
0.00000
0.00000
0.00000
0.00000
0.00000
0.00000
0.00000
0.00000
0.03002
0.08909
0.18923
0.31568
0.44982
0.57187
0.66386
0.71224
0.70988
0.65712
0.56175
0.43780
0.30354
0.17876
0.00000
0.00000
0.00000
0.00000
0.00000
0.00000
0.00000
0.00000
0.00000
0.00000
0.02452
0.07279
0.15460
0.25791
0.36750
0.46722
0.54238
0.58191
0.57997
0.53687
0.45895
0.35768
0.24800
0.14605
0.00000
0.00000
0.00000
0.00000
0.00000
0.00000
0.00000
0.00000
0.00000
0.00000
0.01544
0.04583
0.09735
0.16241
0.23142
0.29421
0.34154
0.36643
0.36521
0.33807
0.28900
0.22523
0.15616
0.09197
0.00000
0.00000
0.00000
0.00000
0.00000
0.00000
0.00000
0.00000
0.00000
0.00000
0.02443
0.07251
0.15400
0.25691
0.36607
0.46540
0.54027
0.57964
0.57772
0.53479
0.45717
0.35629
0.24703
0.14548
0.00000
0.00000
0.00000
0.00000
0.00000
0.00000
0.00000
0.00000
0.00000
0.00000
0.02095
0.06218
0.13208
0.22034
0.31396
0.39915
0.46335
0.49712
0.49547
0.45865
0.39208
0.30557
0.21186
0.12477
0.00000
0.00000
0.00000
0.00000
0.00000
0.00000
0.00000
0.00000
0.00000
0.00000
0.01628
0.07777
0.18197
0.31341
0.45262
0.57896
0.67369
0.72277
0.71892
0.66271
0.56248
0.43308
0.29371
0.00000
0.00000
0.00000
0.00000
0.00000
0.00000
0.00000
0.00000
0.00000
0.00000
0.00000
0.01458
0.06967
0.16300
0.28075
0.40546
0.51863
0.60349
0.64745
0.64400
0.59365
0.50386
0.38795
0.26310
0.00000
0.00000
0.00000
0.00000
0.00000
0.00000
0.00000
0.00000
0.00000
0.00000
0.00000
0.01404
0.06706
0.15691
0.27026
0.39030
0.49925
0.58093
0.62325
0.61993
0.57146
0.48503
0.37345
0.25327
0.00000
0.00000
0.00000
0.00000
0.00000
0.00000
0.00000
0.00000
0.00000
0.00000
0.00000
0.01622
0.07750
0.18132
0.31229
0.45101
0.57690
0.67129
0.72019
0.71635
0.66035
0.56047
0.43154
0.29266
0.00000
0.00000
0.00000
0.00000
0.00000
0.00000
0.00000
0.00000
0.00000
0.00000
0.00000
0.01284
0.06133
0.14349
0.24715
0.35693
0.45655
0.53125
0.56995
0.56692
0.52259
0.44356
0.34152
0.23161
0.00000
0.00000
0.00000
0.00000
0.00000
0.00000
0.00000
0.00000
0.00000
0.00000
0.00000
0.01062
0.05071
0.11865
0.20436
0.29513
0.37750
0.43927
0.47127
0.46876
0.43211
0.36676
0.28239
0.19151
0.00000
0.00000
0.00000
0.00000
0.00000
0.00000
0.00000
0.00000
0.00000
0.00000
0.00000
0.01107
0.05286
0.12368
0.21302
0.30764
0.39351
0.45790
0.49125
0.48864
0.45043
0.38231
0.29436
0.19963
0.00000
0.00000
0.00000
0.00000
0.00000
0.00000
0.00000
0.00000
0.00000
0.00000
0.00000
0.01583
0.07560
0.17688
0.30465
0.43997
0.56278
0.65486
0.70257
0.69882
0.64419
0.54676
0.42098
0.28550
0.00000
0.00000
0.00000
0.00000
0.00000
0.00000
0.00000
0.00000
0.00000
0.00000
0.00000
0.01005
0.04801
0.11233
0.19348
0.27942
0.35741
0.41589
0.44619
0.44381
0.40911
0.34724
0.26736
0.18132
0.00000
0.00000
0.00000
0.00000
0.00000
0.00000
0.00000
0.00000
0.00000
0.00000
0.00000
0.01537
0.07341
0.17177
0.29585
0.42726
0.54652
0.63594
0.68227
0.67863
0.62557
0.53096
0.40882
0.27725
0.00000
0.00000
0.00000
0.00000
0.00000
0.00000
0.00000
0.00000
0.00000
0.00000
0.00000
0.00481
0.02299
0.05378
0.09264
0.13378
0.17112
0.19912
0.21363
0.21249
0.19588
0.16625
0.12801
0.08681
0.00000
0.00000
0.00000
0.00000
0.00000
0.00000
0.00000
0.00000
0.00000
0.00000
0.00000
0.01256
0.06001
0.14040
0.24183
0.34924
0.44672
0.51981
0.55768
0.55471
0.51134
0.43400
0.33416
0.22662
0.00000
0.00000
0.00000
0.00000
0.00000
0.00000
0.00000
0.00000
0.00000
0.00000
0.00000
0.01470
0.07020
0.16425
0.28291
0.40857
0.52260
0.60811
0.65241
0.64894
0.59820
0.50773
0.39093
0.26512
0.00000
0.00000
0.00000
0.00000
0.00000
0.00000
0.00000
0.00000
0.00000
0.00000
0.00000
0.01598
0.07634
0.17861
0.30764
0.44428
0.56829
0.66127
0.70945
0.70567
0.65050
0.55211
0.42510
0.28830
0.00000
0.00000
0.00000
0.00000
0.00000
0.00000
0.00000
0.00000
0.00000
0.00000
0.00000
0.01253
0.05983
0.13999
0.24112
0.34821
0.44541
0.51828
0.55604
0.55308
0.50984
0.43273
0.33318
0.22596
0.00000
0.00000
0.00000
0.00000
0.00000
0.00000
0.00000
0.00000
0.00000
0.00000
0.00000
0.00994
0.04750
0.11115
0.19143
0.27646
0.35363
0.41149
0.44147
0.43912
0.40479
0.34356
0.26453
0.17940
0.00000
0.00000
0.00000
0.00000
0.00000
0.00000
0.00000
0.00000
0.00000
0.00000
0.00000
0.00887
0.04236
0.09911
0.17070
0.24652
0.31533
0.36692
0.39365
0.39155
0.36094
0.30635
0.23588
0.15997
0.00000
0.00000
0.00000
0.00000
0.00000
0.00000
0.00000
0.00000
0.00000
0.00000
0.00000
0.01472
0.07034
0.16457
0.28345
0.40935
0.52361
0.60928
0.65367
0.65019
0.59935
0.50870
0.39168
0.26563
0.00000
0.00000
0.00000
0.00000
0.00000
0.00000
0.00000
0.00000
0.00000
0.00000
0.00000
0.01297
0.06195
0.14494
0.24963
0.36051
0.46114
0.53659
0.57568
0.57262
0.52785
0.44801
0.34495
0.23394
0.00000
0.00000
0.00000
0.00000
0.00000
0.00000
0.00000
0.00000
0.00000
0.00000
0.00000
0.01282
0.06122
0.14323
0.24670
0.35628
0.45572
0.53029
0.56892
0.56589
0.52165
0.44275
0.34090
0.23119
0.00000
0.00000
0.00000
0.00000
0.00000
0.00000
0.00000
0.00000
0.00000
0.00000
0.00000
0.01419
0.06780
0.15864
0.27324
0.39461
0.50475
0.58734
0.63012
0.62677
0.57776
0.49038
0.37757
0.25606
0.00000
0.00000
0.00000
0.00000
0.00000
0.00000
0.00000
0.00000
0.00000
0.00000
0.00000
0.00758
0.03620
0.08469
0.14586
0.21065
0.26945
0.31354
0.33638
0.33459
0.30843
0.26178
0.20156
0.13670
0.00000
0.00000
0.00000
0.00000
0.00000
0.00000
0.00000
0.00000
0.00000
0.00000
0.00000
0.01200
0.05731
0.13410
0.23097
0.33356
0.42667
0.49648
0.53265
0.52981
0.48839
0.41452
0.31916
0.21645
0.00000
0.00000
0.00000
0.00000
0.00000
0.00000
0.00000
0.00000
0.00000
0.00000
0.00000
0.01414
0.06754
0.15803
0.27219
0.39309
0.50281
0.58507
0.62770
0.62435
0.57554
0.48849
0.37612
0.25508
0.00000
0.00000
0.00000
0.00000
0.00000
0.00000
0.00000
0.00000
0.00000
0.00000
0.00000
0.00978
0.04672
0.10932
0.18829
0.27192
0.34782
0.40473
0.43421
0.43190
0.39813
0.33791
0.26018
0.17645
0.00000
0.00000
0.00000
0.00000
0.00000
0.00000
0.00000
0.00000
0.00000
0.00000
0.00000
0.01089
0.05201
0.12168
0.20957
0.30266
0.38714
0.45049
0.48331
0.48073
0.44315
0.37612
0.28960
0.19640
0.00000
0.00000
0.00000
0.00000
0.00000
0.00000
0.00000
0.00000
0.00000
0.00000
0.00000
0.01362
0.06504
0.15218
0.26210
0.37853
0.48418
0.56340
0.60444
0.60122
0.55422
0.47040
0.36218
0.24563
0.00000
0.00000
0.00000
0.00000
0.00000
0.00000
0.00000
0.00000
0.00000
0.00000
0.00000
0.01176
0.05618
0.13144
0.22638
0.32694
0.41819
0.48661
0.52206
0.51928
0.47868
0.40628
0.31282
0.21215
0.00000
0.00000
0.00000
0.00000
0.00000
0.00000
0.00000
0.00000
0.00000
0.00000
0.00000
0.01182
0.05644
0.13206
0.22746
0.32849
0.42018
0.48892
0.52454
0.52175
0.48096
0.40821
0.31431
0.21316
0.00000
0.00000
0.00000
0.00000
0.00000
0.00000
0.00000
0.00000
0.00000
0.00000
0.00000
0.01280
0.06114
0.14305
0.24639
0.35583
0.45515
0.52962
0.56820
0.56518
0.52099
0.44219
0.34047
0.23090
0.00000
0.00000
0.00000
0.00000
0.00000
0.00000
0.00000
0.00000
0.00000
0.00000
0.00000
0.01149
0.05486
0.12836
0.22109
0.31929
0.40841
0.47523
0.50985
0.50714
0.46749
0.39678
0.30551
0.20719
0.00000
0.00000
0.00000
0.00000
0.00000
0.00000
0.00000
0.00000
0.00000
0.00000
0.00000
0.01405
0.08542
0.20326
0.34973
0.50265
0.63885
0.73773
0.78429
0.77150
0.70129
0.58429
0.43822
0.28520
0.00000
0.00000
0.00000
0.00000
0.00000
0.00000
0.00000
0.00000
0.00000
0.00000
0.00000
0.01523
0.09263
0.22043
0.37926
0.54509
0.69279
0.80001
0.85051
0.83664
0.76050
0.63362
0.47522
0.30928
0.00000
0.00000
0.00000
0.00000
0.00000
0.00000
0.00000
0.00000
0.00000
0.00000
0.00000
0.00844
0.05130
0.12208
0.21005
0.30189
0.38370
0.44308
0.47105
0.46337
0.42120
0.35093
0.26320
0.17129
0.00000
0.00000
0.00000
0.00000
0.00000
0.00000
0.00000
0.00000
0.00000
0.00000
0.00000
0.01469
0.08932
0.21255
0.36571
0.52561
0.66804
0.77143
0.82013
0.80675
0.73333
0.61099
0.45824
0.29823
0.00000
0.00000
0.00000
0.00000
0.00000
0.00000
0.00000
0.00000
0.00000
0.00000
0.00000
0.00898
0.05463
0.12999
0.22365
0.32144
0.40854
0.47177
0.50155
0.49337
0.44847
0.37365
0.28024
0.18238
0.00000
0.00000
0.00000
0.00000
0.00000
0.00000
0.00000
0.00000
0.00000
0.00000
0.00000
0.01325
0.08060
0.19180
0.33001
0.47430
0.60283
0.69612
0.74006
0.72799
0.66174
0.55134
0.41351
0.26911
0.00000
0.00000
0.00000
0.00000
0.00000
0.00000
0.00000
0.00000
0.00000
0.00000
0.00000
0.01213
0.07377
0.17554
0.30203
0.43408
0.55171
0.63709
0.67731
0.66626
0.60563
0.50459
0.37844
0.24629
0.00000
0.00000
0.00000
0.00000
0.00000
0.00000
0.00000
0.00000
0.00000
0.00000
0.00000
0.01172
0.07130
0.16965
0.29190
0.41953
0.53322
0.61574
0.65461
0.64393
0.58533
0.48768
0.36576
0.23804
0.00000
0.00000
0.00000
0.00000
0.00000
0.00000
0.00000
0.00000
0.00000
0.00000
0.00000
0.00958
0.05824
0.13859
0.23846
0.34272
0.43558
0.50300
0.53475
0.52603
0.47815
0.39838
0.29879
0.19445
0.00000
0.00000
0.00000
0.00000
0.00000
0.00000
0.00000
0.00000
0.00000
0.00000
0.00000
0.01224
0.07444
0.17714
0.30479
0.43805
0.55676
0.64292
0.68350
0.67236
0.61117
0.50921
0.38191
0.24855
0.00000
0.00000
0.00000
0.00000
0.00000
0.00000
0.00000
0.00000
0.00000
0.00000
0.00000
0.00837
0.05088
0.12106
0.20829
0.29937
0.38049
0.43937
0.46711
0.45949
0.41767
0.34799
0.26099
0.16986
0.00000
0.00000
0.00000
0.00000
0.00000
0.00000
0.00000
0.00000
0.00000
0.00000
0.00000
0.01429
0.08690
0.20679
0.35580
0.51137
0.64994
0.75053
0.79791
0.78489
0.71346
0.59443
0.44583
0.29015
0.00000
0.00000
0.00000
0.00000
0.00000
0.00000
0.00000
0.00000
0.00000
0.00000
0.00000
0.01027
0.06247
0.14864
0.25575
0.36758
0.46718
0.53949
0.57354
0.56419
0.51284
0.42728
0.32046
0.20856
0.00000
0.00000
0.00000
0.00000
0.00000
0.00000
0.00000
0.00000
0.00000
0.00000
0.00000
0.00812
0.04936
0.11745
0.20208
0.29043
0.36913
0.42626
0.45317
0.44578
0.40521
0.33760
0.25320
0.16479
0.00000
0.00000
0.00000
0.00000
0.00000
0.00000
0.00000
0.00000
0.00000
0.00000
0.00000
0.01243
0.07556
0.17980
0.30936
0.44462
0.56510
0.65256
0.69375
0.68244
0.62033
0.51684
0.38763
0.25227
0.00000
0.00000
0.00000
0.00000
0.00000
0.00000
0.00000
0.00000
0.00000
0.00000
0.00000
0.00914
0.05558
0.13225
0.22755
0.32705
0.41567
0.48000
0.51030
0.50198
0.45630
0.38017
0.28513
0.18556
0.00000
0.00000
0.00000
0.00000
0.00000
0.00000
0.00000
0.00000
0.00000
0.00000
0.00000
0.01097
0.06669
0.15869
0.27303
0.39241
0.49875
0.57593
0.61229
0.60230
0.54749
0.45615
0.34211
0.22265
0.00000
0.00000
0.00000
0.00000
0.00000
0.00000
0.00000
0.00000
0.00000
0.00000
0.00000
0.01384
0.08414
0.20022
0.34449
0.49512
0.62928
0.72667
0.77254
0.75994
0.69078
0.57554
0.43165
0.28092
0.00000
0.00000
0.00000
0.00000
0.00000
0.00000
0.00000
0.00000
0.00000
0.00000
0.00000
0.01383
0.08412
0.20017
0.34441
0.49499
0.62912
0.72649
0.77234
0.75975
0.69061
0.57539
0.43154
0.28085
0.00000
0.00000
0.00000
0.00000
0.00000
0.00000
0.00000
0.00000
0.00000
0.00000
0.00000
0.01041
0.06328
0.15057
0.25908
0.37235
0.47325
0.54649
0.58099
0.57151
0.51950
0.43283
0.32463
0.21127
0.00000
0.00000
0.00000
0.00000
0.00000
0.00000
0.00000
0.00000
0.00000
0.00000
0.00000
0.00955
0.05806
0.13815
0.23770
0.34163
0.43421
0.50141
0.53306
0.52437
0.47665
0.39713
0.29785
0.19384
0.00000
0.00000
0.00000
0.00000
0.00000
0.00000
0.00000
0.00000
0.00000
0.00000
0.00000
0.01315
0.07999
0.19035
0.32751
0.47071
0.59826
0.69085
0.73445
0.72248
0.65673
0.54716
0.41037
0.26707
0.00000
0.00000
0.00000
0.00000
0.00000
0.00000
0.00000
0.00000
0.00000
0.00000
0.00000
0.01086
0.06605
0.15717
0.27042
0.38866
0.49398
0.57043
0.60643
0.59654
0.54226
0.45179
0.33884
0.22052
0.00000
0.00000
0.00000
0.00000
0.00000
0.00000
0.00000
0.00000
0.00000
0.00000
0.00000
0.01208
0.07346
0.17479
0.30074
0.43224
0.54937
0.63439
0.67443
0.66343
0.60306
0.50245
0.37684
0.24525
0.00000
0.00000
0.00000
0.00000
0.00000
0.00000
0.00000
0.00000
0.00000
0.00000
0.00000
0.00866
0.05264
0.12526
0.21552
0.30976
0.39370
0.45463
0.48332
0.47544
0.43217
0.36007
0.27005
0.17575
0.00000
0.00000
0.00000
0.00000
0.00000
0.00000
0.00000
0.00000
0.00000
0.00000
0.00000
0.01084
0.06595
0.15692
0.27000
0.38805
0.49321
0.56954
0.60549
0.59561
0.54141
0.45109
0.33832
0.22018
0.00000
0.00000
0.00000
0.00000
0.00000
0.00000
0.00000
0.00000
0.00000
0.00000
0.00000
0.01203
0.07316
0.17410
0.29955
0.43052
0.54718
0.63186
0.67174
0.66079
0.60065
0.50044
0.37533
0.24427
0.00000
0.00000
0.00000
0.00000
0.00000
0.00000
0.00000
0.00000
0.00000
0.00000
0.00000
0.01269
0.07715
0.18359
0.31589
0.45401
0.57703
0.66633
0.70839
0.69684
0.63342
0.52775
0.39581
0.25760
0.00000
0.00000
0.00000
0.00000
0.00000
0.00000
0.00000
0.00000
0.00000
0.00000
0.00000
0.01487
0.09043
0.21518
0.37024
0.53212
0.67631
0.78098
0.83027
0.81673
0.74240
0.61855
0.46391
0.30192
0.00000
0.00000
0.00000
0.00000
0.00000
0.00000
0.00000
0.00000
0.00000
0.00000
0.00000
0.01028
0.06254
0.14883
0.25607
0.36803
0.46776
0.54015
0.57425
0.56488
0.51347
0.42781
0.32086
0.20882
0.00000
0.00000
0.00000
0.00000
0.00000
0.00000
0.00000
0.00000
0.00000
0.00000
0.00000
0.01097
0.07635
0.18489
0.31909
0.45732
0.57730
0.65969
0.69121
0.66679
0.59035
0.47422
0.33711
0.20113
0.00000
0.00000
0.00000
0.00000
0.00000
0.00000
0.00000
0.00000
0.00000
0.00000
0.00000
0.01140
0.07940
0.19228
0.33184
0.47559
0.60036
0.68604
0.71882
0.69342
0.61393
0.49316
0.35058
0.20917
0.00000
0.00000
0.00000
0.00000
0.00000
0.00000
0.00000
0.00000
0.00000
0.00000
0.00000
0.01098
0.07646
0.18515
0.31953
0.45795
0.57809
0.66060
0.69216
0.66770
0.59116
0.47487
0.33758
0.20141
0.00000
0.00000
0.00000
0.00000
0.00000
0.00000
0.00000
0.00000
0.00000
0.00000
0.00000
0.00790
0.05500
0.13320
0.22987
0.32945
0.41589
0.47524
0.49795
0.48035
0.42529
0.34163
0.24286
0.14490
0.00000
0.00000
0.00000
0.00000
0.00000
0.00000
0.00000
0.00000
0.00000
0.00000
0.00000
0.00974
0.06783
0.16425
0.28346
0.40626
0.51284
0.58604
0.61404
0.59234
0.52443
0.42127
0.29947
0.17868
0.00000
0.00000
0.00000
0.00000
0.00000
0.00000
0.00000
0.00000
0.00000
0.00000
0.00000
0.01029
0.07167
0.17355
0.29953
0.42928
0.54190
0.61924
0.64883
0.62590
0.55415
0.44514
0.31644
0.18880
0.00000
0.00000
0.00000
0.00000
0.00000
0.00000
0.00000
0.00000
0.00000
0.00000
0.00000
0.00567
0.03946
0.09556
0.16492
0.23637
0.29838
0.34096
0.35725
0.34463
0.30512
0.24510
0.17424
0.10396
0.00000
0.00000
0.00000
0.00000
0.00000
0.00000
0.00000
0.00000
0.00000
0.00000
0.00000
0.00986
0.06865
0.16624
0.28690
0.41118
0.51906
0.59314
0.62148
0.59952
0.53079
0.42638
0.30310
0.18084
0.00000
0.00000
0.00000
0.00000
0.00000
0.00000
0.00000
0.00000
0.00000
0.00000
0.00000
0.00815
0.05672
0.13734
0.23703
0.33971
0.42883
0.49003
0.51345
0.49530
0.43852
0.35226
0.25041
0.14941
0.00000
0.00000
0.00000
0.00000
0.00000
0.00000
0.00000
0.00000
0.00000
0.00000
0.00000
0.01129
0.07861
0.19037
0.32855
0.47087
0.59441
0.67924
0.71170
0.68655
0.60784
0.48827
0.34710
0.20709
0.00000
0.00000
0.00000
0.00000
0.00000
0.00000
0.00000
0.00000
0.00000
0.00000
0.00000
0.00940
0.06543
0.15845
0.27346
0.39192
0.49474
0.56534
0.59236
0.57143
0.50592
0.40640
0.28890
0.17237
0.00000
0.00000
0.00000
0.00000
0.00000
0.00000
0.00000
0.00000
0.00000
0.00000
0.00000
0.00997
0.06944
0.16817
0.29023
0.41595
0.52508
0.60002
0.62869
0.60647
0.53695
0.43132
0.30662
0.18294
0.00000
0.00000
0.00000
0.00000
0.00000
0.00000
0.00000
0.00000
0.00000
0.00000
0.00000
0.00944
0.06570
0.15909
0.27457
0.39351
0.49675
0.56764
0.59477
0.57375
0.50797
0.40805
0.29007
0.17307
0.00000
0.00000
0.00000
0.00000
0.00000
0.00000
0.00000
0.00000
0.00000
0.00000
0.00000
0.00877
0.06106
0.14786
0.25519
0.36574
0.46169
0.52758
0.55279
0.53325
0.47212
0.37925
0.26960
0.16085
0.00000
0.00000
0.00000
0.00000
0.00000
0.00000
0.00000
0.00000
0.00000
0.00000
0.00000
0.00875
0.06090
0.14747
0.25451
0.36476
0.46045
0.52617
0.55131
0.53183
0.47086
0.37824
0.26888
0.16042
0.00000
0.00000
0.00000
0.00000
0.00000
0.00000
0.00000
0.00000
0.00000
0.00000
0.00000
0.00899
0.06259
0.15157
0.26159
0.37491
0.47327
0.54081
0.56665
0.54663
0.48396
0.38876
0.27636
0.16489
0.00000
0.00000
0.00000
0.00000
0.00000
0.00000
0.00000
0.00000
0.00000
0.00000
0.00000
0.01087
0.07571
0.18334
0.31642
0.45349
0.57247
0.65417
0.68543
0.66121
0.58541
0.47025
0.33429
0.19945
0.00000
0.00000
0.00000
0.00000
0.00000
0.00000
0.00000
0.00000
0.00000
0.00000
0.00000
0.01041
0.07249
0.17553
0.30294
0.43417
0.54808
0.62630
0.65623
0.63304
0.56047
0.45021
0.32005
0.19095
0.00000
0.00000
0.00000
0.00000
0.00000
0.00000
0.00000
0.00000
0.00000
0.00000
0.00000
0.00583
0.04063
0.09838
0.16979
0.24334
0.30718
0.35102
0.36779
0.35479
0.31412
0.25233
0.17937
0.10702
0.00000
0.00000
0.00000
0.00000
0.00000
0.00000
0.00000
0.00000
0.00000
0.00000
0.00000
0.01095
0.07621
0.18455
0.31849
0.45646
0.57622
0.65846
0.68992
0.66554
0.58924
0.47333
0.33648
0.20076
0.00000
0.00000
0.00000
0.00000
0.00000
0.00000
0.00000
0.00000
0.00000
0.00000
0.00000
0.01000
0.06966
0.16868
0.29112
0.41723
0.52669
0.60186
0.63062
0.60834
0.53860
0.43265
0.30756
0.18350
0.00000
0.00000
0.00000
0.00000
0.00000
0.00000
0.00000
0.00000
0.00000
0.00000
0.00000
0.00739
0.05149
0.12468
0.21517
0.30838
0.38929
0.44485
0.46610
0.44963
0.39809
0.31978
0.22732
0.13563
0.00000
0.00000
0.00000
0.00000
0.00000
0.00000
0.00000
0.00000
0.00000
0.00000
0.00000
0.00031
0.00215
0.00521
0.00899
0.01288
0.01626
0.01858
0.01947
0.01878
0.01663
0.01336
0.00950
0.00567
0.00000
0.00000
0.00000
0.00000
0.00000
0.00000
0.00000
0.00000
0.00000
0.00000
0.00000
0.00887
0.06179
0.14964
0.25825
0.37012
0.46722
0.53390
0.55942
0.53965
0.47778
0.38380
0.27283
0.16278
0.00000
0.00000
0.00000
0.00000
0.00000
0.00000
0.00000
0.00000
0.00000
0.00000
0.00000
0.00506
0.03522
0.08529
0.14719
0.21095
0.26630
0.30430
0.31885
0.30758
0.27232
0.21875
0.15550
0.09278
0.00000
0.00000
0.00000
0.00000
0.00000
0.00000
0.00000
0.00000
0.00000
0.00000
0.00000
0.00755
0.05259
0.12735
0.21978
0.31498
0.39762
0.45437
0.47608
0.45925
0.40661
0.32662
0.23219
0.13853
0.00000
0.00000
0.00000
0.00000
0.00000
0.00000
0.00000
0.00000
0.00000
0.00000
0.00000
0.01006
0.07004
0.16960
0.29270
0.41949
0.52955
0.60512
0.63404
0.61163
0.54152
0.43499
0.30923
0.18450
0.00000
0.00000
0.00000
0.00000
0.00000
0.00000
0.00000
0.00000
0.00000
0.00000
0.00000
0.01110
0.07729
0.18716
0.32300
0.46292
0.58437
0.66777
0.69968
0.67495
0.59758
0.48002
0.34124
0.20360
0.00000
0.00000
0.00000
0.00000
0.00000
0.00000
0.00000
0.00000
0.00000
0.00000
0.00000
0.00478
0.03325
0.08052
0.13896
0.19915
0.25140
0.28728
0.30101
0.29037
0.25708
0.20651
0.14681
0.08759
0.00000
0.00000
0.00000
0.00000
0.00000
0.00000
0.00000
0.00000
0.00000
0.00000
0.00000
0.01199
0.08348
0.20215
0.34888
0.50001
0.63119
0.72127
0.75573
0.72903
0.64545
0.51848
0.36858
0.21991
0.00000
0.00000
0.00000
0.00000
0.00000
0.00000
0.00000
0.00000
0.00000
0.00000
0.00000
0.01300
0.09051
0.21919
0.37828
0.54215
0.68438
0.78205
0.81942
0.79046
0.69985
0.56218
0.39964
0.23844
0.00000
0.00000
0.00000
0.00000
0.00000
0.00000
0.00000
0.00000
0.00000
0.00000
0.00000
0.00000
0.04410
0.14646
0.27350
0.40439
0.51768
0.59480
0.62310
0.59794
0.52346
0.41186
0.28143
0.15355
0.00000
0.00000
0.00000
0.00000
0.00000
0.00000
0.00000
0.00000
0.00000
0.00000
0.00000
0.00000
0.04325
0.14365
0.26824
0.39662
0.50773
0.58336
0.61112
0.58645
0.51340
0.40394
0.27602
0.15060
0.00000
0.00000
0.00000
0.00000
0.00000
0.00000
0.00000
0.00000
0.00000
0.00000
0.00000
0.00000
0.05104
0.16951
0.31655
0.46804
0.59916
0.68842
0.72117
0.69206
0.60585
0.47668
0.32572
0.17772
0.00000
0.00000
0.00000
0.00000
0.00000
0.00000
0.00000
0.00000
0.00000
0.00000
0.00000
0.00000
0.03774
0.12533
0.23403
0.34604
0.44298
0.50897
0.53319
0.51166
0.44793
0.35243
0.24082
0.13139
0.00000
0.00000
0.00000
0.00000
0.00000
0.00000
0.00000
0.00000
0.00000
0.00000
0.00000
0.00000
0.04249
0.14111
0.26350
0.38960
0.49875
0.57304
0.60031
0.57608
0.50432
0.39679
0.27113
0.14793
0.00000
0.00000
0.00000
0.00000
0.00000
0.00000
0.00000
0.00000
0.00000
0.00000
0.00000
0.00000
0.04533
0.15055
0.28113
0.41567
0.53212
0.61139
0.64048
0.61462
0.53806
0.42334
0.28928
0.15783
0.00000
0.00000
0.00000
0.00000
0.00000
0.00000
0.00000
0.00000
0.00000
0.00000
0.00000
0.00000
0.03765
0.12504
0.23350
0.34525
0.44198
0.50781
0.53198
0.51050
0.44691
0.35163
0.24027
0.13109
0.00000
0.00000
0.00000
0.00000
0.00000
0.00000
0.00000
0.00000
0.00000
0.00000
0.00000
0.00000
0.05768
0.19155
0.35769
0.52888
0.67704
0.77789
0.81491
0.78201
0.68460
0.53864
0.36806
0.20082
0.00000
0.00000
0.00000
0.00000
0.00000
0.00000
0.00000
0.00000
0.00000
0.00000
0.00000
0.00000
0.03113
0.10339
0.19307
0.28546
0.36544
0.41987
0.43985
0.42210
0.36952
0.29073
0.19866
0.10839
0.00000
0.00000
0.00000
0.00000
0.00000
0.00000
0.00000
0.00000
0.00000
0.00000
0.00000
0.00000
0.02873
0.09542
0.17818
0.26346
0.33726
0.38750
0.40594
0.38955
0.34103
0.26832
0.18334
0.10004
0.00000
0.00000
0.00000
0.00000
0.00000
0.00000
0.00000
0.00000
0.00000
0.00000
0.00000
0.00000
0.04162
0.13821
0.25809
0.38160
0.48851
0.56128
0.58798
0.56425
0.49396
0.38865
0.26557
0.14490
0.00000
0.00000
0.00000
0.00000
0.00000
0.00000
0.00000
0.00000
0.00000
0.00000
0.00000
0.00000
0.04022
0.13358
0.24944
0.36882
0.47214
0.54247
0.56828
0.54534
0.47741
0.37562
0.25667
0.14004
0.00000
0.00000
0.00000
0.00000
0.00000
0.00000
0.00000
0.00000
0.00000
0.00000
0.00000
0.00000
0.04247
0.14104
0.26337
0.38942
0.49851
0.57277
0.60003
0.57580
0.50408
0.39661
0.27100
0.14786
0.00000
0.00000
0.00000
0.00000
0.00000
0.00000
0.00000
0.00000
0.00000
0.00000
0.00000
0.00000
0.03311
0.10997
0.20535
0.30362
0.38868
0.44658
0.46783
0.44895
0.39302
0.30923
0.21130
0.11529
0.00000
0.00000
0.00000
0.00000
0.00000
0.00000
0.00000
0.00000
0.00000
0.00000
0.00000
0.00000
0.04403
0.14621
0.27302
0.40368
0.51677
0.59375
0.62201
0.59690
0.52254
0.41113
0.28093
0.15328
0.00000
0.00000
0.00000
0.00000
0.00000
0.00000
0.00000
0.00000
0.00000
0.00000
0.00000
0.00000
0.03907
0.12976
0.24232
0.35829
0.45866
0.52699
0.55206
0.52978
0.46378
0.36490
0.24934
0.13604
0.00000
0.00000
0.00000
0.00000
0.00000
0.00000
0.00000
0.00000
0.00000
0.00000
0.00000
0.00000
0.02397
0.07961
0.14866
0.21981
0.28139
0.32331
0.33869
0.32502
0.28453
0.22387
0.15297
0.08346
0.00000
0.00000
0.00000
0.00000
0.00000
0.00000
0.00000
0.00000
0.00000
0.00000
0.00000
0.00000
0.03823
0.12695
0.23706
0.35051
0.44871
0.51555
0.54008
0.51828
0.45372
0.35698
0.24393
0.13309
0.00000
0.00000
0.00000
0.00000
0.00000
0.00000
0.00000
0.00000
0.00000
0.00000
0.00000
0.00000
0.04465
0.14829
0.27691
0.40943
0.52413
0.60220
0.63086
0.60539
0.52998
0.41699
0.28493
0.15546
0.00000
0.00000
0.00000
0.00000
0.00000
0.00000
0.00000
0.00000
0.00000
0.00000
0.00000
0.00000
0.04825
0.16024
0.29924
0.44245
0.56640
0.65077
0.68173
0.65421
0.57272
0.45061
0.30791
0.16800
0.00000
0.00000
0.00000
0.00000
0.00000
0.00000
0.00000
0.00000
0.00000
0.00000
0.00000
0.00000
0.04351
0.14450
0.26983
0.39896
0.51073
0.58681
0.61474
0.58992
0.51644
0.40633
0.27765
0.15149
0.00000
0.00000
0.00000
0.00000
0.00000
0.00000
0.00000
0.00000
0.00000
0.00000
0.00000
0.00000
0.04082
0.13557
0.25316
0.37432
0.47919
0.55057
0.57676
0.55348
0.48454
0.38123
0.26050
0.14213
0.00000
0.00000
0.00000
0.00000
0.00000
0.00000
0.00000
0.00000
0.00000
0.00000
0.00000
0.00000
0.04144
0.13762
0.25699
0.37998
0.48643
0.55889
0.58548
0.56184
0.49186
0.38699
0.26443
0.14428
0.00000
0.00000
0.00000
0.00000
0.00000
0.00000
0.00000
0.00000
0.00000
0.00000
0.00000
0.00000
0.04466
0.14831
0.27696
0.40950
0.52423
0.60232
0.63098
0.60550
0.53008
0.41706
0.28498
0.15549
0.00000
0.00000
0.00000
0.00000
0.00000
0.00000
0.00000
0.00000
0.00000
0.00000
0.00000
0.00000
0.03324
0.11040
0.20616
0.30483
0.39023
0.44835
0.46969
0.45073
0.39458
0.31046
0.21214
0.11574
0.00000
0.00000
0.00000
0.00000
0.00000
0.00000
0.00000
0.00000
0.00000
0.00000
0.00000
0.00000
0.03484
0.11571
0.21608
0.31949
0.40899
0.46992
0.49228
0.47241
0.41356
0.32539
0.22234
0.12131
0.00000
0.00000
0.00000
0.00000
0.00000
0.00000
0.00000
0.00000
0.00000
0.00000
0.00000
0.00022
0.00000
0.00000
0.00000
0.00000
0.00000
0.00000
0.00000
0.00000
0.00000
0.00000
0.00000
0.00000
0.00000
0.00000
0.00000
0.00000
0.00000
0.00000
0.00000
0.00000
0.00000
0.00000
0.00000
0.00000
0.02224
0.07386
0.13792
0.20392
0.26105
0.29994
0.31421
0.30152
0.26396
0.20769
0.14191
0.07743
0.00000
0.00000
0.00000
0.00000
0.00000
0.00000
0.00000
0.00000
0.00000
0.00000
0.00000
0.00000
0.05251
0.17440
0.32566
0.48152
0.61642
0.70824
0.74194
0.71199
0.62330
0.49041
0.33510
0.18283
0.00000
0.00000
0.00000
0.00000
0.00000
0.00000
0.00000
0.00000
0.00000
0.00000
0.00000
0.00000
0.04447
0.14768
0.27578
0.40776
0.52200
0.59975
0.62829
0.60293
0.52782
0.41529
0.28377
0.15483
0.00000
0.00000
0.00000
0.00000
0.00000
0.00000
0.00000
0.00000
0.00000
0.00000
0.00000
0.00000
0.02453
0.09029
0.17500
0.26441
0.34348
0.39890
0.42134
0.40703
0.35838
0.28357
0.19520
0.10812
0.00000
0.00000
0.00000
0.00000
0.00000
0.00000
0.00000
0.00000
0.00000
0.00000
0.00000
0.00000
0.02898
0.10667
0.20675
0.31239
0.40581
0.47128
0.49780
0.48089
0.42341
0.33503
0.23062
0.12774
0.00000
0.00000
0.00000
0.00000
0.00000
0.00000
0.00000
0.00000
0.00000
0.00000
0.00000
0.00000
0.03179
0.11700
0.22677
0.34263
0.44509
0.51690
0.54598
0.52744
0.46440
0.36746
0.25294
0.14011
0.00000
0.00000
0.00000
0.00000
0.00000
0.00000
0.00000
0.00000
0.00000
0.00000
0.00000
0.00000
0.03353
0.12339
0.23916
0.36135
0.46941
0.54514
0.57582
0.55626
0.48977
0.38754
0.26676
0.14776
0.00000
0.00000
0.00000
0.00000
0.00000
0.00000
0.00000
0.00000
0.00000
0.00000
0.00000
0.00000
0.02635
0.09698
0.18797
0.28401
0.36894
0.42847
0.45258
0.43721
0.38495
0.30460
0.20967
0.11614
0.00000
0.00000
0.00000
0.00000
0.00000
0.00000
0.00000
0.00000
0.00000
0.00000
0.00000
0.00000
0.04051
0.14909
0.28897
0.43661
0.56717
0.65868
0.69574
0.67212
0.59178
0.46825
0.32232
0.17854
0.00000
0.00000
0.00000
0.00000
0.00000
0.00000
0.00000
0.00000
0.00000
0.00000
0.00000
0.00000
0.04016
0.14780
0.28647
0.43284
0.56227
0.65299
0.68973
0.66631
0.58667
0.46421
0.31953
0.17699
0.00000
0.00000
0.00000
0.00000
0.00000
0.00000
0.00000
0.00000
0.00000
0.00000
0.00000
0.00000
0.03234
0.11901
0.23067
0.34853
0.45275
0.52580
0.55539
0.53653
0.47240
0.37379
0.25730
0.14252
0.00000
0.00000
0.00000
0.00000
0.00000
0.00000
0.00000
0.00000
0.00000
0.00000
0.00000
0.00000
0.04017
0.14782
0.28652
0.43291
0.56236
0.65309
0.68984
0.66641
0.58676
0.46428
0.31958
0.17702
0.00000
0.00000
0.00000
0.00000
0.00000
0.00000
0.00000
0.00000
0.00000
0.00000
0.00000
0.00000
0.03101
0.11413
0.22122
0.33424
0.43419
0.50425
0.53262
0.51453
0.45303
0.35847
0.24675
0.13668
0.00000
0.00000
0.00000
0.00000
0.00000
0.00000
0.00000
0.00000
0.00000
0.00000
0.00000
0.00000
0.04293
0.15800
0.30624
0.46271
0.60108
0.69806
0.73734
0.71230
0.62716
0.49625
0.34159
0.18921
0.00000
0.00000
0.00000
0.00000
0.00000
0.00000
0.00000
0.00000
0.00000
0.00000
0.00000
0.00000
0.03523
0.12965
0.25129
0.37968
0.49322
0.57280
0.60503
0.58448
0.51462
0.40720
0.28029
0.15526
0.00000
0.00000
0.00000
0.00000
0.00000
0.00000
0.00000
0.00000
0.00000
0.00000
0.00000
0.00000
0.03098
0.11401
0.22097
0.33387
0.43371
0.50369
0.53203
0.51396
0.45253
0.35807
0.24648
0.13653
0.00000
0.00000
0.00000
0.00000
0.00000
0.00000
0.00000
0.00000
0.00000
0.00000
0.00000
0.00000
0.03654
0.13448
0.26065
0.39382
0.51158
0.59412
0.62755
0.60624
0.53378
0.42236
0.29073
0.16104
0.00000
0.00000
0.00000
0.00000
0.00000
0.00000
0.00000
0.00000
0.00000
0.00000
0.00000
0.00000
0.03483
0.12817
0.24843
0.37536
0.48761
0.56628
0.59815
0.57783
0.50877
0.40257
0.27711
0.15349
0.00000
0.00000
0.00000
0.00000
0.00000
0.00000
0.00000
0.00000
0.00000
0.00000
0.00000
0.00000
0.03619
0.13318
0.25814
0.39004
0.50667
0.58842
0.62152
0.60042
0.52865
0.41830
0.28794
0.15949
0.00000
0.00000
0.00000
0.00000
0.00000
0.00000
0.00000
0.00000
0.00000
0.00000
0.00000
0.00000
0.03718
0.13682
0.26519
0.40068
0.52050
0.60448
0.63849
0.61681
0.54308
0.42972
0.29580
0.16384
0.00000
0.00000
0.00000
0.00000
0.00000
0.00000
0.00000
0.00000
0.00000
0.00000
0.00000
0.00000
0.03656
0.13454
0.26077
0.39400
0.51182
0.59440
0.62784
0.60652
0.53403
0.42255
0.29086
0.16111
0.00000
0.00000
0.00000
0.00000
0.00000
0.00000
0.00000
0.00000
0.00000
0.00000
0.00000
0.00000
0.03690
0.13582
0.26325
0.39775
0.51669
0.60005
0.63381
0.61229
0.53911
0.42657
0.29363
0.16264
0.00000
0.00000
0.00000
0.00000
0.00000
0.00000
0.00000
0.00000
0.00000
0.00000
0.00000
0.00000
0.04167
0.15337
0.29727
0.44915
0.58346
0.67760
0.71573
0.69142
0.60878
0.48170
0.33158
0.18366
0.00000
0.00000
0.00000
0.00000
0.00000
0.00000
0.00000
0.00000
0.00000
0.00000
0.00000
0.00000
0.03857
0.14194
0.27512
0.41568
0.53998
0.62710
0.66239
0.63990
0.56341
0.44580
0.30687
0.16998
0.00000
0.00000
0.00000
0.00000
0.00000
0.00000
0.00000
0.00000
0.00000
0.00000
0.00000
0.00000
0.03511
0.12921
0.25043
0.37839
0.49154
0.57085
0.60297
0.58249
0.51287
0.40581
0.27934
0.15473
0.00000
0.00000
0.00000
0.00000
0.00000
0.00000
0.00000
0.00000
0.00000
0.00000
0.00000
0.00000
0.04079
0.15013
0.29098
0.43965
0.57112
0.66327
0.70059
0.67680
0.59590
0.47151
0.32456
0.17978
0.00000
0.00000
0.00000
0.00000
0.00000
0.00000
0.00000
0.00000
0.00000
0.00000
0.00000
0.00000
0.03823
0.14069
0.27270
0.41203
0.53524
0.62159
0.65657
0.63427
0.55846
0.44189
0.30417
0.16848
0.00000
0.00000
0.00000
0.00000
0.00000
0.00000
0.00000
0.00000
0.00000
0.00000
0.00000
0.00000
0.04142
0.15243
0.29544
0.44639
0.57987
0.67343
0.71132
0.68717
0.60503
0.47874
0.32954
0.18253
0.00000
0.00000
0.00000
0.00000
0.00000
0.00000
0.00000
0.00000
0.00000
0.00000
0.00000
0.00000
0.03707
0.13642
0.26441
0.39951
0.51897
0.60271
0.63662
0.61500
0.54149
0.42846
0.29493
0.16336
0.00000
0.00000
0.00000
0.00000
0.00000
0.00000
0.00000
0.00000
0.00000
0.00000
0.00000
0.00000
0.01043
0.03838
0.07439
0.11239
0.14600
0.16956
0.17910
0.17301
0.15233
0.12054
0.08297
0.04596
0.00000
0.00000
0.00000
0.00000
0.00000
0.00000
0.00000
0.00000
0.00000
0.00000
0.00000
0.00000
0.03214
0.11827
0.22924
0.34636
0.44993
0.52253
0.55193
0.53318
0.46946
0.37146
0.25569
0.14163
0.00000
0.00000
0.00000
0.00000
0.00000
0.00000
0.00000
0.00000
0.00000
0.00000
0.00000
0.00000
0.02990
0.11003
0.21327
0.32224
0.41860
0.48614
0.51349
0.49605
0.43676
0.34559
0.23789
0.13177
0.00000
0.00000
0.00000
0.00000
0.00000
0.00000
0.00000
0.00000
0.00000
0.00000
0.00000
0.00000
0.02275
0.08373
0.16229
0.24521
0.31853
0.36992
0.39074
0.37747
0.33235
0.26298
0.18102
0.10027
0.00000
0.00000
0.00000
0.00000
0.00000
0.00000
0.00000
0.00000
0.00000
0.00000
0.00000
0.00000
0.03477
0.12795
0.24800
0.37470
0.48675
0.56529
0.59709
0.57682
0.50787
0.40186
0.27662
0.15322
0.00000
0.00000
0.00000
0.00000
0.00000
