0.00000
0.00000
0.00000
0.00000
0.00000
0.00000
0.00000
0.04190
0.14519
0.29070
0.45284
0.60309
0.71500
0.76890
0.75530
0.67659
0.54662
0.38826
0.22936
0.00000
0.00000
0.00000
0.00000
0.00000
0.00000
0.00000
0.00000
0.00000
0.00000
0.00000
0.00000
0.03837
0.13293
0.26616
0.41461
0.55217
0.65464
0.70399
0.69153
0.61947
0.50047
0.35548
0.21000
0.00000
0.00000
0.00000
0.00000
0.00000
0.00000
0.00000
0.00000
0.00000
0.00000
0.00000
0.00000
0.04385
0.15192
0.30418
0.47384
0.63105
0.74816
0.80456
0.79032
0.70796
0.57197
0.40626
0.23999
0.00000
0.00000
0.00000
0.00000
0.00000
0.00000
0.00000
0.00000
0.00000
0.00000
0.00000
0.00000
0.04313
0.14945
0.29924
0.46615
0.62081
0.73601
0.79150
0.77750
0.69647
0.56269
0.39967
0.23610
0.00000
0.00000
0.00000
0.00000
0.00000
0.00000
0.00000
0.00000
0.00000
0.00000
0.00000
0.00000
0.04190
0.14518
0.29069
0.45283
0.60307
0.71499
0.76889
0.75529
0.67658
0.54661
0.38825
0.22936
0.00000
0.00000
0.00000
0.00000
0.00000
0.00000
0.00000
0.00000
0.00000
0.00000
0.00000
0.00000
0.03448
0.11947
0.23921
0.37263
0.49626
0.58835
0.63270
0.62151
0.55674
0.44980
0.31948
0.18873
0.00000
0.00000
0.00000
0.00000
0.00000
0.00000
0.00000
0.00000
0.00000
0.00000
0.00000
0.00000
0.01940
0.06722
0.13460
0.20967
0.27924
0.33106
0.35602
0.34972
0.31327
0.25310
0.17977
0.10620
0.00000
0.00000
0.00000
0.00000
0.00000
0.00000
0.00000
0.00000
0.00000
0.00000
0.00000
0.00000
0.04200
0.14553
0.29138
0.45390
0.60450
0.71668
0.77071
0.75708
0.67818
0.54791
0.38917
0.22990
0.00000
0.00000
0.00000
0.00000
0.00000
0.00000
0.00000
0.00000
0.00000
0.00000
0.00000
0.00000
0.04327
0.14993
0.30019
0.46763
0.62278
0.73835
0.79401
0.77996
0.69868
0.56447
0.40094
0.23685
0.00000
0.00000
0.00000
0.00000
0.00000
0.00000
0.00000
0.00000
0.00000
0.00000
0.00000
0.00000
0.04425
0.15333
0.30701
0.47825
0.63693
0.75513
0.81205
0.79769
0.71456
0.57730
0.41005
0.24223
0.00000
0.00000
0.00000
0.00000
0.00000
0.00000
0.00000
0.00000
0.00000
0.00000
0.00000
0.00000
0.03601
0.12476
0.24981
0.38914
0.51825
0.61443
0.66075
0.64906
0.58142
0.46973
0.33364
0.19710
0.00000
0.00000
0.00000
0.00000
0.00000
0.00000
0.00000
0.00000
0.00000
0.00000
0.00000
0.00000
0.03643
0.12623
0.25275
0.39372
0.52436
0.62166
0.66853
0.65670
0.58827
0.47526
0.33757
0.19942
0.00000
0.00000
0.00000
0.00000
0.00000
0.00000
0.00000
0.00000
0.00000
0.00000
0.00000
0.00000
0.04573
0.15846
0.31728
0.49425
0.65823
0.78038
0.83921
0.82437
0.73846
0.59661
0.42376
0.25033
0.00000
0.00000
0.00000
0.00000
0.00000
0.00000
0.00000
0.00000
0.00000
0.00000
0.00000
0.00000
0.01978
0.06852
0.13720
0.21373
0.28464
0.33746
0.36290
0.35648
0.31933
0.25799
0.18325
0.10825
0.00000
0.00000
0.00000
0.00000
0.00000
0.00000
0.00000
0.00000
0.00000
0.00000
0.00000
0.00000
0.03135
0.10862
0.21749
0.33880
0.45121
0.53495
0.57527
0.56510
0.50621
0.40897
0.29049
0.17160
0.00000
0.00000
0.00000
0.00000
0.00000
0.00000
0.00000
0.00000
0.00000
0.00000
0.00000
0.00000
0.03941
0.13656
0.27344
0.42595
0.56727
0.67254
0.72324
0.71045
0.63641
0.51416
0.36520
0.21574
0.00000
0.00000
0.00000
0.00000
0.00000
0.00000
0.00000
0.00000
0.00000
0.00000
0.00000
0.00000
0.04064
0.14079
0.28190
0.43914
0.58484
0.69337
0.74564
0.73245
0.65612
0.53009
0.37651
0.22242
0.00000
0.00000
0.00000
0.00000
0.00000
0.00000
0.00000
0.00000
0.00000
0.00000
0.00000
0.00000
0.04947
0.17140
0.34319
0.53461
0.71199
0.84411
0.90775
0.89169
0.79877
0.64533
0.45837
0.27078
0.00000
0.00000
0.00000
0.00000
0.00000
0.00000
0.00000
0.00000
0.00000
0.00000
0.00000
0.00000
0.03690
0.12786
0.25601
0.39881
0.53113
0.62969
0.67716
0.66518
0.59586
0.48140
0.34193
0.20199
0.00000
0.00000
0.00000
0.00000
0.00000
0.00000
0.00000
0.00000
0.00000
0.00000
0.00000
0.00000
0.04377
0.15166
0.30367
0.47305
0.63000
0.74691
0.80321
0.78900
0.70678
0.57101
0.40558
0.23959
0.00000
0.00000
0.00000
0.00000
0.00000
0.00000
0.00000
0.00000
0.00000
0.00000
0.00000
0.00000
0.04162
0.14421
0.28874
0.44979
0.59903
0.71020
0.76373
0.75022
0.67204
0.54295
0.38565
0.22782
0.00000
0.00000
0.00000
0.00000
0.00000
0.00000
0.00000
0.00000
0.00000
0.00000
0.00000
0.00000
0.04432
0.15355
0.30744
0.47893
0.63783
0.75619
0.81320
0.79881
0.71557
0.57811
0.41062
0.24257
0.00000
0.00000
0.00000
0.00000
0.00000
0.00000
0.00000
0.00000
0.00000
0.00000
0.00000
0.00000
0.03593
0.12450
0.24927
0.38831
0.51715
0.61312
0.65934
0.64767
0.58018
0.46873
0.33293
0.19668
0.00000
0.00000
0.00000
0.00000
0.00000
0.00000
0.00000
0.00000
0.00000
0.00000
0.00000
0.00000
0.03438
0.11911
0.23850
0.37152
0.49479
0.58661
0.63083
0.61967
0.55509
0.44846
0.31854
0.18817
0.00000
0.00000
0.00000
0.00000
0.00000
0.00000
0.00000
0.00000
0.00000
0.00000
0.00000
0.00000
0.03470
0.12024
0.24075
0.37503
0.49946
0.59214
0.63678
0.62551
0.56033
0.45269
0.32154
0.18995
0.00000
0.00000
0.00000
0.00000
0.00000
0.00000
0.00000
0.00000
0.00000
0.00000
0.00000
0.00000
0.04203
0.14563
0.29160
0.45424
0.60495
0.71721
0.77128
0.75763
0.67868
0.54831
0.38946
0.23007
0.00000
0.00000
0.00000
0.00000
0.00000
0.00000
0.00000
0.00000
0.00000
0.00000
0.00000
0.00000
0.02977
0.10314
0.20650
0.32168
0.42842
0.50792
0.54621
0.53655
0.48063
0.38831
0.27581
0.16293
0.00000
0.00000
0.00000
0.00000
0.00000
0.00000
0.00000
0.00000
0.00000
0.00000
0.00000
0.00000
0.04699
0.16280
0.32597
0.50778
0.67626
0.80175
0.86219
0.84694
0.75868
0.61294
0.43537
0.25719
0.00000
0.00000
0.00000
0.00000
0.00000
0.00000
0.00000
0.00000
0.00000
0.00000
0.00000
0.00000
0.03802
0.13172
0.26373
0.41083
0.54714
0.64868
0.69758
0.68524
0.61383
0.49592
0.35224
0.20808
0.00000
0.00000
0.00000
0.00000
0.00000
0.00000
0.00000
0.00000
0.00000
0.00000
0.00000
0.00000
0.03792
0.13139
0.26308
0.40982
0.54579
0.64708
0.69585
0.68355
0.61231
0.49469
0.35137
0.20757
0.00000
0.00000
0.00000
0.00000
0.00000
0.00000
0.00000
0.00000
0.00000
0.00000
0.00000
0.00000
0.04336
0.15024
0.30083
0.46862
0.62410
0.73992
0.79569
0.78162
0.70017
0.56567
0.40179
0.23735
0.00000
0.00000
0.00000
0.00000
0.00000
0.00000
0.00000
0.00000
0.00000
0.00000
0.00000
0.00000
0.00617
0.12484
0.26415
0.40520
0.52883
0.61825
0.66132
0.65219
0.59210
0.48921
0.35749
0.21484
0.08061
0.00000
0.00000
0.00000
0.00000
0.00000
0.00000
0.00000
0.00000
0.00000
0.00000
0.00000
0.00721
0.14584
0.30859
0.47337
0.61780
0.72227
0.77259
0.76192
0.69172
0.57152
0.41764
0.25098
0.09417
0.00000
0.00000
0.00000
0.00000
0.00000
0.00000
0.00000
0.00000
0.00000
0.00000
0.00000
0.00733
0.14824
0.31367
0.48116
0.62796
0.73415
0.78529
0.77445
0.70310
0.58092
0.42451
0.25511
0.09572
0.00000
0.00000
0.00000
0.00000
0.00000
0.00000
0.00000
0.00000
0.00000
0.00000
0.00000
0.00799
0.16154
0.34183
0.52435
0.68434
0.80006
0.85580
0.84398
0.76622
0.63307
0.46262
0.27801
0.10431
0.00000
0.00000
0.00000
0.00000
0.00000
0.00000
0.00000
0.00000
0.00000
0.00000
0.00000
0.00809
0.16354
0.34605
0.53083
0.69279
0.80994
0.86636
0.85440
0.77568
0.64089
0.46833
0.28144
0.10560
0.00000
0.00000
0.00000
0.00000
0.00000
0.00000
0.00000
0.00000
0.00000
0.00000
0.00000
0.00791
0.15988
0.33831
0.51896
0.67729
0.79182
0.84699
0.83529
0.75833
0.62656
0.45786
0.27515
0.10324
0.00000
0.00000
0.00000
0.00000
0.00000
0.00000
0.00000
0.00000
0.00000
0.00000
0.00000
0.00729
0.14745
0.31201
0.47861
0.62464
0.73027
0.78114
0.77036
0.69938
0.57785
0.42227
0.25376
0.09521
0.00000
0.00000
0.00000
0.00000
0.00000
0.00000
0.00000
0.00000
0.00000
0.00000
0.00000
0.00585
0.11821
0.25013
0.38369
0.50076
0.58544
0.62623
0.61758
0.56068
0.46325
0.33852
0.20343
0.07633
0.00000
0.00000
0.00000
0.00000
0.00000
0.00000
0.00000
0.00000
0.00000
0.00000
0.00000
0.00499
0.10081
0.21332
0.32722
0.42706
0.49927
0.53406
0.52668
0.47816
0.39507
0.28870
0.17349
0.06510
0.00000
0.00000
0.00000
0.00000
0.00000
0.00000
0.00000
0.00000
0.00000
0.00000
0.00000
0.00755
0.15266
0.32304
0.49553
0.64672
0.75608
0.80875
0.79759
0.72410
0.59827
0.43719
0.26273
0.09858
0.00000
0.00000
0.00000
0.00000
0.00000
0.00000
0.00000
0.00000
0.00000
0.00000
0.00000
0.00723
0.14614
0.30923
0.47436
0.61909
0.72377
0.77419
0.76351
0.69316
0.57271
0.41851
0.25150
0.09437
0.00000
0.00000
0.00000
0.00000
0.00000
0.00000
0.00000
0.00000
0.00000
0.00000
0.00000
0.00693
0.14009
0.29643
0.45471
0.59345
0.69380
0.74214
0.73189
0.66446
0.54900
0.40118
0.24109
0.09046
0.00000
0.00000
0.00000
0.00000
0.00000
0.00000
0.00000
0.00000
0.00000
0.00000
0.00000
0.00644
0.13015
0.27539
0.42244
0.55133
0.64456
0.68946
0.67994
0.61730
0.51003
0.37271
0.22398
0.08404
0.00000
0.00000
0.00000
0.00000
0.00000
0.00000
0.00000
0.00000
0.00000
0.00000
0.00000
0.00783
0.15836
0.33510
0.51403
0.67087
0.78431
0.83895
0.82736
0.75113
0.62061
0.45351
0.27254
0.10226
0.00000
0.00000
0.00000
0.00000
0.00000
0.00000
0.00000
0.00000
0.00000
0.00000
0.00000
0.00686
0.13867
0.29343
0.45011
0.58745
0.68678
0.73463
0.72449
0.65774
0.54344
0.39712
0.23865
0.08954
0.00000
0.00000
0.00000
0.00000
0.00000
0.00000
0.00000
0.00000
0.00000
0.00000
0.00000
0.00704
0.14229
0.30108
0.46186
0.60277
0.70470
0.75379
0.74339
0.67489
0.55762
0.40748
0.24487
0.09188
0.00000
0.00000
0.00000
0.00000
0.00000
0.00000
0.00000
0.00000
0.00000
0.00000
0.00000
0.00640
0.12944
0.27390
0.42015
0.54834
0.64106
0.68573
0.67626
0.61395
0.50726
0.37069
0.22276
0.08358
0.00000
0.00000
0.00000
0.00000
0.00000
0.00000
0.00000
0.00000
0.00000
0.00000
0.00000
0.00644
0.13018
0.27545
0.42254
0.55146
0.64471
0.68963
0.68011
0.61745
0.51015
0.37280
0.22403
0.08406
0.00000
0.00000
0.00000
0.00000
0.00000
0.00000
0.00000
0.00000
0.00000
0.00000
0.00000
0.00684
0.13825
0.29253
0.44873
0.58564
0.68467
0.73237
0.72226
0.65572
0.54177
0.39590
0.23792
0.08927
0.00000
0.00000
0.00000
0.00000
0.00000
0.00000
0.00000
0.00000
0.00000
0.00000
0.00000
0.00538
0.10869
0.22998
0.35278
0.46042
0.53828
0.57578
0.56783
0.51551
0.42593
0.31125
0.18705
0.07018
0.00000
0.00000
0.00000
0.00000
0.00000
0.00000
0.00000
0.00000
0.00000
0.00000
0.00000
0.00657
0.13275
0.28090
0.43090
0.56237
0.65746
0.70326
0.69355
0.62965
0.52024
0.38017
0.22846
0.08572
0.00000
0.00000
0.00000
0.00000
0.00000
0.00000
0.00000
0.00000
0.00000
0.00000
0.00000
0.00674
0.13618
0.28815
0.44202
0.57688
0.67443
0.72141
0.71145
0.64590
0.53366
0.38998
0.23436
0.08793
0.00000
0.00000
0.00000
0.00000
0.00000
0.00000
0.00000
0.00000
0.00000
0.00000
0.00000
0.00768
0.15522
0.32843
0.50381
0.65753
0.76871
0.82227
0.81091
0.73620
0.60827
0.44450
0.26712
0.10022
0.00000
0.00000
0.00000
0.00000
0.00000
0.00000
0.00000
0.00000
0.00000
0.00000
0.00000
0.00605
0.12241
0.25902
0.39732
0.51855
0.60624
0.64847
0.63952
0.58060
0.47971
0.35055
0.21066
0.07904
0.00000
0.00000
0.00000
0.00000
0.00000
0.00000
0.00000
0.00000
0.00000
0.00000
0.00000
0.00729
0.14747
0.31204
0.47867
0.62471
0.73035
0.78123
0.77044
0.69946
0.57791
0.42231
0.25379
0.09522
0.00000
0.00000
0.00000
0.00000
0.00000
0.00000
0.00000
0.00000
0.00000
0.00000
0.00000
0.00738
0.14916
0.31562
0.48416
0.63188
0.73873
0.79019
0.77928
0.70748
0.58454
0.42716
0.25670
0.09632
0.00000
0.00000
0.00000
0.00000
0.00000
0.00000
0.00000
0.00000
0.00000
0.00000
0.00000
0.00751
0.15188
0.32139
0.49300
0.64342
0.75221
0.80462
0.79351
0.72040
0.59522
0.43496
0.26139
0.09807
0.00000
0.00000
0.00000
0.00000
0.00000
0.00000
0.00000
0.00000
0.00000
0.00000
0.00000
0.00783
0.15825
0.33486
0.51366
0.67039
0.78374
0.83834
0.82677
0.75060
0.62016
0.45319
0.27234
0.10218
0.00000
0.00000
0.00000
0.00000
0.00000
0.00000
0.00000
0.00000
0.00000
0.00000
0.00402
0.03843
0.11766
0.22786
0.34980
0.46216
0.54533
0.58477
0.57361
0.51378
0.41574
0.29661
0.17721
0.07837
0.00000
0.00000
0.00000
0.00000
0.00000
0.00000
0.00000
0.00000
0.00000
0.00000
0.00484
0.04632
0.14182
0.27466
0.42163
0.55707
0.65732
0.70487
0.69141
0.61929
0.50112
0.35753
0.21360
0.09447
0.00000
0.00000
0.00000
0.00000
0.00000
0.00000
0.00000
0.00000
0.00000
0.00000
0.00561
0.05369
0.16437
0.31832
0.48865
0.64562
0.76180
0.81690
0.80131
0.71773
0.58077
0.41436
0.24755
0.10949
0.00000
0.00000
0.00000
0.00000
0.00000
0.00000
0.00000
0.00000
0.00000
0.00000
0.00620
0.05931
0.18158
0.35166
0.53984
0.71325
0.84161
0.90248
0.88525
0.79292
0.64161
0.45776
0.27348
0.12096
0.00000
0.00000
0.00000
0.00000
0.00000
0.00000
0.00000
0.00000
0.00000
0.00000
0.00569
0.05444
0.16666
0.32275
0.49546
0.65462
0.77242
0.82829
0.81247
0.72773
0.58887
0.42013
0.25100
0.11101
0.00000
0.00000
0.00000
0.00000
0.00000
0.00000
0.00000
0.00000
0.00000
0.00000
0.00610
0.05835
0.17864
0.34596
0.53108
0.70168
0.82795
0.88784
0.87089
0.78005
0.63120
0.45034
0.26905
0.11899
0.00000
0.00000
0.00000
0.00000
0.00000
0.00000
0.00000
0.00000
0.00000
0.00000
0.00582
0.05566
0.17041
0.33002
0.50662
0.66935
0.78981
0.84694
0.83076
0.74411
0.60212
0.42959
0.25665
0.11351
0.00000
0.00000
0.00000
0.00000
0.00000
0.00000
0.00000
0.00000
0.00000
0.00000
0.00572
0.05470
0.16746
0.32430
0.49784
0.65776
0.77613
0.83227
0.81638
0.73123
0.59170
0.42215
0.25221
0.11155
0.00000
0.00000
0.00000
0.00000
0.00000
0.00000
0.00000
0.00000
0.00000
0.00000
0.00529
0.05059
0.15488
0.29996
0.46047
0.60838
0.71786
0.76978
0.75508
0.67633
0.54727
0.39046
0.23327
0.10317
0.00000
0.00000
0.00000
0.00000
0.00000
0.00000
0.00000
0.00000
0.00000
0.00000
0.00352
0.03366
0.10306
0.19959
0.30639
0.40481
0.47765
0.51220
0.50242
0.45002
0.36415
0.25980
0.15522
0.06865
0.00000
0.00000
0.00000
0.00000
0.00000
0.00000
0.00000
0.00000
0.00000
0.00000
0.00564
0.05396
0.16519
0.31992
0.49112
0.64887
0.76564
0.82102
0.80534
0.72135
0.58370
0.41644
0.24880
0.11004
0.00000
0.00000
0.00000
0.00000
0.00000
0.00000
0.00000
0.00000
0.00000
0.00000
0.00587
0.05611
0.17179
0.33270
0.51073
0.67479
0.79622
0.85382
0.83751
0.75016
0.60701
0.43308
0.25874
0.11443
0.00000
0.00000
0.00000
0.00000
0.00000
0.00000
0.00000
0.00000
0.00000
0.00000
0.00606
0.05800
0.17757
0.34390
0.52792
0.69750
0.82302
0.88255
0.86570
0.77541
0.62745
0.44766
0.26744
0.11829
0.00000
0.00000
0.00000
0.00000
0.00000
0.00000
0.00000
0.00000
0.00000
0.00000
0.00527
0.05038
0.15423
0.29869
0.45852
0.60581
0.71483
0.76654
0.75190
0.67348
0.54496
0.38881
0.23229
0.10274
0.00000
0.00000
0.00000
0.00000
0.00000
0.00000
0.00000
0.00000
0.00000
0.00000
0.00390
0.03727
0.11411
0.22099
0.33924
0.44822
0.52888
0.56713
0.55630
0.49828
0.40320
0.28766
0.17186
0.07601
0.00000
0.00000
0.00000
0.00000
0.00000
0.00000
0.00000
0.00000
0.00000
0.00000
0.00592
0.05659
0.17326
0.33555
0.51510
0.68057
0.80304
0.86112
0.84468
0.75658
0.61221
0.43678
0.26095
0.11541
0.00000
0.00000
0.00000
0.00000
0.00000
0.00000
0.00000
0.00000
0.00000
0.00000
0.00445
0.04258
0.13037
0.25247
0.38758
0.51207
0.60422
0.64793
0.63556
0.56927
0.46064
0.32865
0.19634
0.08684
0.00000
0.00000
0.00000
0.00000
0.00000
0.00000
0.00000
0.00000
0.00000
0.00000
0.00593
0.05668
0.17353
0.33607
0.51591
0.68163
0.80429
0.86247
0.84600
0.75776
0.61317
0.43747
0.26136
0.11559
0.00000
0.00000
0.00000
0.00000
0.00000
0.00000
0.00000
0.00000
0.00000
0.00000
0.00601
0.05749
0.17602
0.34089
0.52330
0.69140
0.81582
0.87483
0.85812
0.76862
0.62195
0.44374
0.26510
0.11725
0.00000
0.00000
0.00000
0.00000
0.00000
0.00000
0.00000
0.00000
0.00000
0.00000
0.00545
0.05213
0.15960
0.30908
0.47447
0.62688
0.73969
0.79319
0.77805
0.69690
0.56391
0.40233
0.24036
0.10631
0.00000
0.00000
0.00000
0.00000
0.00000
0.00000
0.00000
0.00000
0.00000
0.00000
0.00581
0.05557
0.17012
0.32946
0.50576
0.66822
0.78846
0.84550
0.82935
0.74285
0.60110
0.42886
0.25621
0.11332
0.00000
0.00000
0.00000
0.00000
0.00000
0.00000
0.00000
0.00000
0.00000
0.00000
0.00582
0.05564
0.17034
0.32989
0.50642
0.66910
0.78950
0.84661
0.83044
0.74383
0.60189
0.42942
0.25655
0.11347
0.00000
0.00000
0.00000
0.00000
0.00000
0.00000
0.00000
0.00000
0.00000
0.00000
0.00459
0.04389
0.13439
0.26026
0.39952
0.52786
0.62285
0.66790
0.65515
0.58681
0.47484
0.33878
0.20240
0.08952
0.00000
0.00000
0.00000
0.00000
0.00000
0.00000
0.00000
0.00000
0.00000
0.00000
0.00584
0.05586
0.17102
0.33121
0.50844
0.67176
0.79265
0.84998
0.83375
0.74679
0.60429
0.43113
0.25757
0.11392
0.00000
0.00000
0.00000
0.00000
0.00000
0.00000
0.00000
0.00000
0.00000
0.00000
0.00598
0.05725
0.17527
0.33943
0.52106
0.68844
0.81233
0.87109
0.85446
0.76533
0.61929
0.44184
0.26397
0.11675
0.00000
0.00000
0.00000
0.00000
0.00000
0.00000
0.00000
0.00000
0.00000
0.00000
0.00484
0.04633
0.14185
0.27472
0.42172
0.55719
0.65746
0.70502
0.69155
0.61942
0.50123
0.35760
0.21364
0.09449
0.00000
0.00000
0.00000
0.00000
0.00000
0.00000
0.00000
0.00000
0.00000
0.00000
0.00535
0.05116
0.15662
0.30331
0.46562
0.61519
0.72589
0.77840
0.76354
0.68390
0.55340
0.39483
0.23588
0.10433
0.00000
0.00000
0.00000
0.00000
0.00000
0.00000
0.00000
0.00000
0.00000
0.00000
0.00438
0.04185
0.12814
0.24816
0.38095
0.50332
0.59389
0.63685
0.62469
0.55953
0.45276
0.32303
0.19299
0.08535
0.00000
0.00000
0.00000
0.00000
0.00000
0.00000
0.00000
0.00000
0.00000
0.00000
0.00497
0.04754
0.14556
0.28189
0.43273
0.57173
0.67462
0.72342
0.70960
0.63559
0.51431
0.36694
0.21922
0.09696
0.00000
0.00000
0.00000
0.00000
0.00000
0.00000
0.00000
0.00000
0.00000
0.00000
0.00518
0.04956
0.15174
0.29387
0.45113
0.59604
0.70330
0.75417
0.73977
0.66261
0.53617
0.38254
0.22854
0.10108
0.00000
0.00000
0.00000
0.00000
0.00000
0.00000
0.00000
0.00000
0.00000
0.00000
0.00259
0.02477
0.07583
0.14686
0.22545
0.29787
0.35147
0.37690
0.36970
0.33114
0.26795
0.19117
0.11421
0.05051
0.00000
0.00000
0.00000
0.00000
0.00000
0.00000
0.00000
0.00000
0.00000
0.00000
0.00000
0.03701
0.11798
0.22756
0.34734
0.45721
0.53871
0.57815
0.56891
0.51254
0.41851
0.30261
0.18431
0.00000
0.00000
0.00000
0.00000
0.00000
0.00000
0.00000
0.00000
0.00000
0.00000
0.00000
0.00000
0.02675
0.08528
0.16448
0.25106
0.33047
0.38937
0.41788
0.41121
0.37046
0.30250
0.21873
0.13322
0.00000
0.00000
0.00000
0.00000
0.00000
0.00000
0.00000
0.00000
0.00000
0.00000
0.00000
0.00000
0.01777
0.05666
0.10928
0.16681
0.21957
0.25871
0.27765
0.27321
0.24614
0.20098
0.14533
0.08851
0.00000
0.00000
0.00000
0.00000
0.00000
0.00000
0.00000
0.00000
0.00000
0.00000
0.00000
0.00000
0.03402
0.10845
0.20919
0.31930
0.42029
0.49521
0.53147
0.52297
0.47116
0.38472
0.27818
0.16943
0.00000
0.00000
0.00000
0.00000
0.00000
0.00000
0.00000
0.00000
0.00000
0.00000
0.00000
0.00000
0.04940
0.15748
0.30375
0.46363
0.61028
0.71907
0.77171
0.75938
0.68414
0.55863
0.40393
0.24602
0.00000
0.00000
0.00000
0.00000
0.00000
0.00000
0.00000
0.00000
0.00000
0.00000
0.00000
0.00000
0.03992
0.12728
0.24550
0.37472
0.49325
0.58117
0.62372
0.61375
0.55294
0.45150
0.32647
0.19884
0.00000
0.00000
0.00000
0.00000
0.00000
0.00000
0.00000
0.00000
0.00000
0.00000
0.00000
0.00000
0.03475
0.11080
0.21371
0.32620
0.42938
0.50592
0.54296
0.53428
0.48134
0.39304
0.28419
0.17309
0.00000
0.00000
0.00000
0.00000
0.00000
0.00000
0.00000
0.00000
0.00000
0.00000
0.00000
0.00000
0.02917
0.09298
0.17934
0.27374
0.36033
0.42456
0.45564
0.44836
0.40394
0.32983
0.23849
0.14526
0.00000
0.00000
0.00000
0.00000
0.00000
0.00000
0.00000
0.00000
0.00000
0.00000
0.00000
0.00000
0.04332
0.13810
0.26636
0.40656
0.53516
0.63055
0.67672
0.66591
0.59993
0.48987
0.35421
0.21574
0.00000
0.00000
0.00000
0.00000
0.00000
0.00000
0.00000
0.00000
0.00000
0.00000
0.00000
0.00000
0.05326
0.16980
0.32750
0.49989
0.65801
0.77529
0.83206
0.81876
0.73764
0.60231
0.43551
0.26526
0.00000
0.00000
0.00000
0.00000
0.00000
0.00000
0.00000
0.00000
0.00000
0.00000
0.00000
0.00000
0.02430
0.07746
0.14941
0.22805
0.30019
0.35370
0.37959
0.37353
0.33652
0.27478
0.19868
0.12101
0.00000
0.00000
0.00000
0.00000
0.00000
0.00000
0.00000
0.00000
0.00000
0.00000
0.00000
0.00000
0.04845
0.15446
0.29793
0.45475
0.59859
0.70528
0.75692
0.74483
0.67103
0.54792
0.39619
0.24130
0.00000
0.00000
0.00000
0.00000
0.00000
0.00000
0.00000
0.00000
0.00000
0.00000
0.00000
0.00000
0.03258
0.10387
0.20035
0.30580
0.40253
0.47428
0.50901
0.50087
0.45125
0.36846
0.26642
0.16227
0.00000
0.00000
0.00000
0.00000
0.00000
0.00000
0.00000
0.00000
0.00000
0.00000
0.00000
0.00000
0.04798
0.15298
0.29507
0.45039
0.59284
0.69852
0.74966
0.73768
0.66459
0.54267
0.39239
0.23899
0.00000
0.00000
0.00000
0.00000
0.00000
0.00000
0.00000
0.00000
0.00000
0.00000
0.00000
0.00000
0.04132
0.13174
0.25410
0.38785
0.51053
0.60154
0.64558
0.63526
0.57232
0.46732
0.33791
0.20581
0.00000
0.00000
0.00000
0.00000
0.00000
0.00000
0.00000
0.00000
0.00000
0.00000
0.00000
0.00000
0.05316
0.16947
0.32688
0.49894
0.65676
0.77383
0.83048
0.81721
0.73624
0.60117
0.43469
0.26475
0.00000
0.00000
0.00000
0.00000
0.00000
0.00000
0.00000
0.00000
0.00000
0.00000
0.00000
0.00000
0.03652
0.11642
0.22454
0.34274
0.45114
0.53156
0.57048
0.56136
0.50574
0.41296
0.29860
0.18187
0.00000
0.00000
0.00000
0.00000
0.00000
0.00000
0.00000
0.00000
0.00000
0.00000
0.00000
0.00000
0.04077
0.12998
0.25070
0.38267
0.50371
0.59349
0.63694
0.62677
0.56467
0.46107
0.33339
0.20305
0.00000
0.00000
0.00000
0.00000
0.00000
0.00000
0.00000
0.00000
0.00000
0.00000
0.00000
0.00000
0.03416
0.10890
0.21004
0.32060
0.42201
0.49723
0.53364
0.52511
0.47308
0.38629
0.27932
0.17012
0.00000
0.00000
0.00000
0.00000
0.00000
0.00000
0.00000
0.00000
0.00000
0.00000
0.00000
0.00000
0.03802
0.12122
0.23380
0.35687
0.46975
0.55348
0.59400
0.58451
0.52660
0.42999
0.31091
0.18937
0.00000
0.00000
0.00000
0.00000
0.00000
0.00000
0.00000
0.00000
0.00000
0.00000
0.00000
0.00000
0.03001
0.09567
0.18452
0.28165
0.37073
0.43682
0.46880
0.46131
0.41560
0.33936
0.24538
0.14945
0.00000
0.00000
0.00000
0.00000
0.00000
0.00000
0.00000
0.00000
0.00000
0.00000
0.00000
0.00000
0.03736
0.11910
0.22972
0.35064
0.46155
0.54382
0.58363
0.57431
0.51740
0.42248
0.30548
0.18606
0.00000
0.00000
0.00000
0.00000
0.00000
0.00000
0.00000
0.00000
0.00000
0.00000
0.00000
0.00000
0.02223
0.07087
0.13670
0.20865
0.27465
0.32361
0.34730
0.34175
0.30789
0.25140
0.18178
0.11072
0.00000
0.00000
0.00000
0.00000
0.00000
0.00000
0.00000
0.00000
0.00000
0.00000
0.00000
0.00000
0.04423
0.14100
0.27196
0.41511
0.54641
0.64380
0.69094
0.67990
0.61253
0.50016
0.36165
0.22027
0.00000
0.00000
0.00000
0.00000
0.00000
0.00000
0.00000
0.00000
0.00000
0.00000
0.00000
0.00000
0.05116
0.16311
0.31461
0.48021
0.63210
0.74478
0.79931
0.78653
0.70860
0.57860
0.41837
0.25481
0.00000
0.00000
0.00000
0.00000
0.00000
0.00000
0.00000
0.00000
0.00000
0.00000
0.00000
0.00000
0.04580
0.14601
0.28162
0.42986
0.56582
0.66668
0.71549
0.70406
0.63430
0.51793
0.37450
0.22810
0.00000
0.00000
0.00000
0.00000
0.00000
0.00000
0.00000
0.00000
0.00000
0.00000
0.00000
0.00000
0.04677
0.14909
0.28757
0.43894
0.57778
0.68077
0.73061
0.71893
0.64770
0.52887
0.38241
0.23291
0.00000
0.00000
0.00000
0.00000
0.00000
0.00000
0.00000
0.00000
0.00000
0.00000
0.00000
0.00000
0.03589
0.11444
0.22073
0.33691
0.44348
0.52252
0.56078
0.55182
0.49715
0.40594
0.29352
0.17877
0.00000
0.00000
0.00000
0.00000
0.00000
0.00000
0.00000
0.00000
0.00000
0.00000
0.00000
0.00000
0.03725
0.11876
0.22907
0.34965
0.46024
0.54228
0.58199
0.57269
0.51594
0.42129
0.30462
0.18553
0.00000
0.00000
0.00000
0.00000
0.00000
0.00000
0.00000
0.00000
0.00000
0.00000
0.00000
0.00000
0.04257
0.13572
0.26178
0.39958
0.52596
0.61972
0.66509
0.65446
0.58962
0.48145
0.34812
0.21203
0.00000
0.00000
0.00000
0.00000
0.00000
0.00000
0.00000
0.00000
0.00000
0.00000
0.00000
0.00228
0.05145
0.13564
0.24198
0.35421
0.45518
0.52943
0.56562
0.55822
0.50836
0.42365
0.31706
0.20488
0.00000
0.00000
0.00000
0.00000
0.00000
0.00000
0.00000
0.00000
0.00000
0.00000
0.00000
0.00234
0.05281
0.13924
0.24840
0.36361
0.46725
0.54347
0.58063
0.57303
0.52184
0.43489
0.32547
0.21031
0.00000
0.00000
0.00000
0.00000
0.00000
0.00000
0.00000
0.00000
0.00000
0.00000
0.00000
0.00234
0.05288
0.13942
0.24873
0.36409
0.46787
0.54420
0.58140
0.57379
0.52253
0.43547
0.32590
0.21059
0.00000
0.00000
0.00000
0.00000
0.00000
0.00000
0.00000
0.00000
0.00000
0.00000
0.00000
0.00174
0.03933
0.10369
0.18499
0.27079
0.34797
0.40473
0.43240
0.42674
0.38862
0.32387
0.24238
0.15662
0.00000
0.00000
0.00000
0.00000
0.00000
0.00000
0.00000
0.00000
0.00000
0.00000
0.00000
0.00236
0.05321
0.14030
0.25030
0.36639
0.47082
0.54763
0.58507
0.57741
0.52583
0.43821
0.32795
0.21192
0.00000
0.00000
0.00000
0.00000
0.00000
0.00000
0.00000
0.00000
0.00000
0.00000
0.00000
0.00246
0.05550
0.14633
0.26105
0.38213
0.49105
0.57116
0.61020
0.60221
0.54842
0.45704
0.34204
0.22102
0.00000
0.00000
0.00000
0.00000
0.00000
0.00000
0.00000
0.00000
0.00000
0.00000
0.00000
0.00259
0.05861
0.15452
0.27566
0.40352
0.51853
0.60312
0.64435
0.63592
0.57911
0.48262
0.36119
0.23339
0.00000
0.00000
0.00000
0.00000
0.00000
0.00000
0.00000
0.00000
0.00000
0.00000
0.00000
0.00288
0.06508
0.17158
0.30609
0.44806
0.57577
0.66970
0.71549
0.70612
0.64304
0.53590
0.40106
0.25916
0.00000
0.00000
0.00000
0.00000
0.00000
0.00000
0.00000
0.00000
0.00000
0.00000
0.00000
0.00171
0.03864
0.10188
0.18175
0.26605
0.34188
0.39765
0.42483
0.41927
0.38182
0.31820
0.23814
0.15388
0.00000
0.00000
0.00000
0.00000
0.00000
0.00000
0.00000
0.00000
0.00000
0.00000
0.00000
0.00221
0.04990
0.13155
0.23469
0.34354
0.44146
0.51348
0.54858
0.54140
0.49304
0.41088
0.30750
0.19870
0.00000
0.00000
0.00000
0.00000
0.00000
0.00000
0.00000
0.00000
0.00000
0.00000
0.00000
0.00195
0.04416
0.11642
0.20769
0.30401
0.39067
0.45440
0.48546
0.47911
0.43631
0.36361
0.27212
0.17584
0.00000
0.00000
0.00000
0.00000
0.00000
0.00000
0.00000
0.00000
0.00000
0.00000
0.00000
0.00265
0.05992
0.15798
0.28185
0.41257
0.53017
0.61666
0.65881
0.65019
0.59211
0.49345
0.36929
0.23863
0.00000
0.00000
0.00000
0.00000
0.00000
0.00000
0.00000
0.00000
0.00000
0.00000
0.00000
0.00276
0.06236
0.16442
0.29332
0.42937
0.55175
0.64176
0.68563
0.67666
0.61621
0.51353
0.38433
0.24834
0.00000
0.00000
0.00000
0.00000
0.00000
0.00000
0.00000
0.00000
0.00000
0.00000
0.00000
0.00256
0.05777
0.15231
0.27173
0.39776
0.51114
0.59452
0.63516
0.62685
0.57085
0.47573
0.35604
0.23006
0.00000
0.00000
0.00000
0.00000
0.00000
0.00000
0.00000
0.00000
0.00000
0.00000
0.00000
0.00151
0.03421
0.09020
0.16091
0.23554
0.30268
0.35206
0.37613
0.37120
0.33804
0.28172
0.21083
0.13624
0.00000
0.00000
0.00000
0.00000
0.00000
0.00000
0.00000
0.00000
0.00000
0.00000
0.00000
0.00253
0.05715
0.15067
0.26880
0.39347
0.50562
0.58811
0.62831
0.62009
0.56469
0.47060
0.35220
0.22758
0.00000
0.00000
0.00000
0.00000
0.00000
0.00000
0.00000
0.00000
0.00000
0.00000
0.00000
0.00232
0.05244
0.13825
0.24664
0.36104
0.46395
0.53963
0.57652
0.56898
0.51815
0.43181
0.32317
0.20882
0.00000
0.00000
0.00000
0.00000
0.00000
0.00000
0.00000
0.00000
0.00000
0.00000
0.00000
0.00214
0.04844
0.12772
0.22785
0.33352
0.42859
0.49851
0.53259
0.52561
0.47866
0.39890
0.29854
0.19291
0.00000
0.00000
0.00000
0.00000
0.00000
0.00000
0.00000
0.00000
0.00000
0.00000
0.00000
0.00163
0.03679
0.09700
0.17306
0.25332
0.32553
0.37863
0.40451
0.39922
0.36356
0.30298
0.22675
0.14652
0.00000
0.00000
0.00000
0.00000
0.00000
0.00000
0.00000
0.00000
0.00000
0.00000
0.00000
0.00317
0.07158
0.18873
0.33670
0.49287
0.63335
0.73667
0.78703
0.77673
0.70734
0.58948
0.44116
0.28507
0.00000
0.00000
0.00000
0.00000
0.00000
0.00000
0.00000
0.00000
0.00000
0.00000
0.00000
0.00246
0.05564
0.14671
0.26173
0.38312
0.49232
0.57263
0.61178
0.60377
0.54984
0.45822
0.34293
0.22159
0.00000
0.00000
0.00000
0.00000
0.00000
0.00000
0.00000
0.00000
0.00000
0.00000
0.00000
0.00280
0.06335
0.16703
0.29799
0.43620
0.56053
0.65197
0.69654
0.68742
0.62601
0.52170
0.39044
0.25229
0.00000
0.00000
0.00000
0.00000
0.00000
0.00000
0.00000
0.00000
0.00000
0.00000
0.00000
0.00238
0.05371
0.14160
0.25261
0.36977
0.47517
0.55269
0.59047
0.58274
0.53069
0.44226
0.33098
0.21387
0.00000
0.00000
0.00000
0.00000
0.00000
0.00000
0.00000
0.00000
0.00000
0.00000
0.00000
0.00235
0.05313
0.14007
0.24988
0.36578
0.47004
0.54671
0.58409
0.57645
0.52495
0.43748
0.32741
0.21156
0.00000
0.00000
0.00000
0.00000
0.00000
0.00000
0.00000
0.00000
0.00000
0.00000
0.00000
0.00265
0.05975
0.15753
0.28104
0.41139
0.52864
0.61488
0.65692
0.64832
0.59041
0.49203
0.36823
0.23794
0.00000
0.00000
0.00000
0.00000
0.00000
0.00000
0.00000
0.00000
0.00000
0.00000
0.00000
0.00305
0.06891
0.18168
0.32413
0.47446
0.60970
0.70916
0.75764
0.74772
0.68093
0.56747
0.42469
0.27442
0.00000
0.00000
0.00000
0.00000
0.00000
0.00000
0.00000
0.00000
0.00000
0.00000
0.00000
0.00212
0.04793
0.12636
0.22544
0.33000
0.42406
0.49323
0.52695
0.52006
0.47360
0.39468
0.29538
0.19087
0.00000
0.00000
0.00000
0.00000
0.00000
0.00000
0.00000
0.00000
0.00000
0.00000
0.00000
0.00244
0.05515
0.14542
0.25943
0.37975
0.48799
0.56760
0.60640
0.59846
0.54500
0.45419
0.33991
0.21964
0.00000
0.00000
0.00000
0.00000
0.00000
0.00000
0.00000
0.00000
0.00000
0.00000
0.00000
0.00270
0.06108
0.16105
0.28732
0.42058
0.54045
0.62862
0.67160
0.66281
0.60360
0.50302
0.37646
0.24326
0.00000
0.00000
0.00000
0.00000
0.00000
0.00000
0.00000
0.00000
0.00000
0.00000
0.00000
0.00220
0.04977
0.13122
0.23410
0.34268
0.44035
0.51219
0.54720
0.54004
0.49180
0.40985
0.30673
0.19820
0.00000
0.00000
0.00000
0.00000
0.00000
0.00000
0.00000
0.00000
0.00000
0.00000
0.00000
0.00241
0.05436
0.14332
0.25569
0.37428
0.48096
0.55943
0.59767
0.58985
0.53716
0.44765
0.33502
0.21648
0.00000
0.00000
0.00000
0.00000
0.00000
0.00000
0.00000
0.00000
0.00000
0.00000
0.00000
0.01101
0.06802
0.15810
0.26827
0.38272
0.48498
0.56036
0.59802
0.59255
0.54474
0.46145
0.35466
0.23972
0.00000
0.00000
0.00000
0.00000
0.00000
0.00000
0.00000
0.00000
0.00000
0.00000
0.00000
0.01019
0.06300
0.14641
0.24844
0.35443
0.44913
0.51894
0.55382
0.54875
0.50447
0.42734
0.32845
0.22200
0.00000
0.00000
0.00000
0.00000
0.00000
0.00000
0.00000
0.00000
0.00000
0.00000
0.00000
0.01086
0.06713
0.15601
0.26473
0.37766
0.47857
0.55296
0.59012
0.58473
0.53754
0.45535
0.34998
0.23656
0.00000
0.00000
0.00000
0.00000
0.00000
0.00000
0.00000
0.00000
0.00000
0.00000
0.00000
0.00822
0.05081
0.11808
0.20037
0.28584
0.36222
0.41852
0.44665
0.44256
0.40685
0.34465
0.26489
0.17904
0.00000
0.00000
0.00000
0.00000
0.00000
0.00000
0.00000
0.00000
0.00000
0.00000
0.00000
0.00474
0.02927
0.06804
0.11545
0.16470
0.20871
0.24115
0.25736
0.25501
0.23443
0.19859
0.15263
0.10317
0.00000
0.00000
0.00000
0.00000
0.00000
0.00000
0.00000
0.00000
0.00000
0.00000
0.00000
0.01109
0.06852
0.15924
0.27022
0.38549
0.48849
0.56442
0.60236
0.59685
0.54868
0.46479
0.35723
0.24146
0.00000
0.00000
0.00000
0.00000
0.00000
0.00000
0.00000
0.00000
0.00000
0.00000
0.00000
0.01199
0.07410
0.17223
0.29226
0.41693
0.52834
0.61046
0.65149
0.64553
0.59344
0.50270
0.38637
0.26116
0.00000
0.00000
0.00000
0.00000
0.00000
0.00000
0.00000
0.00000
0.00000
0.00000
0.00000
0.01038
0.06416
0.14910
0.25302
0.36095
0.45740
0.52849
0.56401
0.55885
0.51376
0.43521
0.33449
0.22609
0.00000
0.00000
0.00000
0.00000
0.00000
0.00000
0.00000
0.00000
0.00000
0.00000
0.00000
0.01346
0.08317
0.19330
0.32802
0.46795
0.59299
0.68516
0.73121
0.72452
0.66605
0.56422
0.43365
0.29311
0.00000
0.00000
0.00000
0.00000
0.00000
0.00000
0.00000
0.00000
0.00000
0.00000
0.00000
0.00889
0.05495
0.12771
0.21671
0.30916
0.39177
0.45266
0.48309
0.47867
0.44004
0.37276
0.28650
0.19365
0.00000
0.00000
0.00000
0.00000
0.00000
0.00000
0.00000
0.00000
0.00000
0.00000
0.00000
0.01362
0.08419
0.19566
0.33202
0.47366
0.60022
0.69351
0.74012
0.73335
0.67418
0.57110
0.43894
0.29669
0.00000
0.00000
0.00000
0.00000
0.00000
0.00000
0.00000
0.00000
0.00000
0.00000
0.00000
0.00976
0.06031
0.14017
0.23785
0.33932
0.42999
0.49682
0.53021
0.52536
0.48297
0.40913
0.31445
0.21254
0.00000
0.00000
0.00000
0.00000
0.00000
0.00000
0.00000
0.00000
0.00000
0.00000
0.00000
0.01032
0.06381
0.14831
0.25167
0.35903
0.45496
0.52568
0.56101
0.55588
0.51102
0.43289
0.33271
0.22489
0.00000
0.00000
0.00000
0.00000
0.00000
0.00000
0.00000
0.00000
0.00000
0.00000
0.00000
0.00792
0.04893
0.11373
0.19298
0.27531
0.34887
0.40310
0.43019
0.42626
0.39186
0.33195
0.25513
0.17245
0.00000
0.00000
0.00000
0.00000
0.00000
0.00000
0.00000
0.00000
0.00000
0.00000
0.00000
0.00782
0.04835
0.11236
0.19067
0.27201
0.34469
0.39826
0.42503
0.42114
0.38716
0.32796
0.25207
0.17038
0.00000
0.00000
0.00000
0.00000
0.00000
0.00000
0.00000
0.00000
0.00000
0.00000
0.00000
0.01101
0.06802
0.15810
0.26828
0.38273
0.48499
0.56037
0.59804
0.59257
0.54475
0.46146
0.35467
0.23973
0.00000
0.00000
0.00000
0.00000
0.00000
0.00000
0.00000
0.00000
0.00000
0.00000
0.00000
0.00673
0.04160
0.09668
0.16406
0.23404
0.29658
0.34268
0.36571
0.36236
0.33312
0.28219
0.21688
0.14660
0.00000
0.00000
0.00000
0.00000
0.00000
0.00000
0.00000
0.00000
0.00000
0.00000
0.00000
0.01154
0.07131
0.16574
0.28124
0.40122
0.50842
0.58744
0.62693
0.62119
0.57107
0.48375
0.37180
0.25131
0.00000
0.00000
0.00000
0.00000
0.00000
0.00000
0.00000
0.00000
0.00000
0.00000
0.00000
0.01149
0.07099
0.16499
0.27998
0.39942
0.50614
0.58481
0.62411
0.61841
0.56850
0.48158
0.37013
0.25018
0.00000
0.00000
0.00000
0.00000
0.00000
0.00000
0.00000
0.00000
0.00000
0.00000
0.00000
0.00978
0.06043
0.14044
0.23831
0.33997
0.43081
0.49777
0.53123
0.52637
0.48389
0.40991
0.31505
0.21295
0.00000
0.00000
0.00000
0.00000
0.00000
0.00000
0.00000
0.00000
0.00000
0.00000
0.00000
0.01183
0.07310
0.16989
0.28829
0.41128
0.52117
0.60218
0.64265
0.63677
0.58539
0.49589
0.38113
0.25761
0.00000
0.00000
0.00000
0.00000
0.00000
0.00000
0.00000
0.00000
0.00000
0.00000
0.00000
0.01162
0.07179
0.16685
0.28313
0.40392
0.51184
0.59140
0.63115
0.62538
0.57491
0.48701
0.37431
0.25300
0.00000
0.00000
0.00000
0.00000
0.00000
0.00000
0.00000
0.00000
0.00000
0.00000
0.00000
0.01008
0.06229
0.14476
0.24565
0.35045
0.44409
0.51311
0.54760
0.54259
0.49880
0.42254
0.32476
0.21951
0.00000
0.00000
0.00000
0.00000
0.00000
0.00000
0.00000
0.00000
0.00000
0.00000
0.00000
0.01076
0.06650
0.15455
0.26226
0.37414
0.47412
0.54781
0.58463
0.57928
0.53253
0.45111
0.34672
0.23435
0.00000
0.00000
0.00000
0.00000
0.00000
0.00000
0.00000
0.00000
0.00000
0.00000
0.00000
0.01336
0.08258
0.19191
0.32566
0.46459
0.58873
0.68023
0.72595
0.71931
0.66127
0.56016
0.43053
0.29101
0.00000
0.00000
0.00000
0.00000
0.00000
0.00000
0.00000
0.00000
0.00000
0.00000
0.00000
0.01079
0.06671
0.15503
0.26307
0.37530
0.47558
0.54950
0.58643
0.58107
0.53418
0.45251
0.34779
0.23508
0.00000
0.00000
0.00000
0.00000
0.00000
0.00000
0.00000
0.00000
0.00000
0.00000
0.00000
0.00927
0.05729
0.13315
0.22594
0.32233
0.40846
0.47194
0.50366
0.49905
0.45878
0.38864
0.29870
0.20190
0.00000
0.00000
0.00000
0.00000
0.00000
0.00000
0.00000
0.00000
0.00000
0.00000
0.00000
0.01091
0.06745
0.15675
0.26599
0.37947
0.48086
0.55560
0.59294
0.58752
0.54011
0.45753
0.35165
0.23769
0.00000
0.00000
0.00000
0.00000
0.00000
0.00000
0.00000
0.00000
0.00000
0.00000
0.00000
0.01257
0.07770
0.18059
0.30645
0.43719
0.55400
0.64011
0.68313
0.67688
0.62226
0.52712
0.40514
0.27384
0.00000
0.00000
0.00000
0.00000
0.00000
0.00000
0.00000
0.00000
0.00000
0.00000
0.00000
0.00715
0.04421
0.10275
0.17436
0.24874
0.31520
0.36420
0.38867
0.38512
0.35404
0.29991
0.23051
0.15580
0.00000
0.00000
0.00000
0.00000
0.00000
0.00000
0.00000
0.00000
0.00000
0.00000
0.00000
0.02741
0.08135
0.17279
0.28825
0.41073
0.52218
0.60618
0.65035
0.64820
0.60002
0.51293
0.39976
0.27717
0.16322
0.00000
0.00000
0.00000
0.00000
0.00000
0.00000
0.00000
0.00000
0.00000
0.00000
0.02436
0.07231
0.15360
0.25624
0.36511
0.46418
0.53885
0.57812
0.57620
0.53338
0.45596
0.35536
0.24638
0.14510
0.00000
0.00000
0.00000
0.00000
0.00000
0.00000
0.00000
0.00000
0.00000
0.00000
0.02010
0.05965
0.12669
0.21135
0.30115
0.38286
0.44445
0.47684
0.47526
0.43994
0.37608
0.29310
0.20322
0.11968
0.00000
0.00000
0.00000
0.00000
0.00000
0.00000
0.00000
0.00000
0.00000
0.00000
0.03212
0.09532
0.20246
0.33775
0.48126
0.61185
0.71027
0.76203
0.75951
0.70306
0.60102
0.46840
0.32476
0.19125
0.00000
0.00000
0.00000
0.00000
0.00000
0.00000
0.00000
0.00000
0.00000
0.00000
0.01877
0.05571
0.11833
0.19741
0.28128
0.35761
0.41513
0.44539
0.44391
0.41092
0.35128
0.27377
0.18981
0.11178
0.00000
0.00000
0.00000
0.00000
0.00000
0.00000
0.00000
0.00000
0.00000
0.00000
0.03116
0.09248
0.19643
0.32769
0.46692
0.59362
0.68911
0.73933
0.73688
0.68211
0.58311
0.45445
0.31509
0.18556
0.00000
0.00000
0.00000
0.00000
0.00000
0.00000
0.00000
0.00000
0.00000
0.00000
0.03278
0.09729
0.20664
0.34473
0.49120
0.62449
0.72494
0.77777
0.77519
0.71758
0.61343
0.47808
0.33147
0.19520
0.00000
0.00000
0.00000
0.00000
0.00000
0.00000
0.00000
0.00000
0.00000
0.00000
0.02023
0.06003
0.12750
0.21270
0.30308
0.38532
0.44730
0.47990
0.47831
0.44276
0.37850
0.29498
0.20452
0.12044
0.00000
0.00000
0.00000
0.00000
0.00000
0.00000
0.00000
0.00000
0.00000
0.00000
0.02524
0.07491
0.15911
0.26543
0.37821
0.48084
0.55819
0.59887
0.59688
0.55252
0.47233
0.36811
0.25522
0.15030
0.00000
0.00000
0.00000
0.00000
0.00000
0.00000
0.00000
0.00000
0.00000
0.00000
0.01994
0.05918
0.12570
0.20970
0.29880
0.37987
0.44098
0.47312
0.47155
0.43650
0.37315
0.29081
0.20163
0.11874
0.00000
0.00000
0.00000
0.00000
0.00000
0.00000
0.00000
0.00000
0.00000
0.00000
0.03308
0.09818
0.20853
0.34787
0.49568
0.63018
0.73156
0.78487
0.78226
0.72413
0.61903
0.48244
0.33449
0.19699
0.00000
0.00000
0.00000
0.00000
0.00000
0.00000
0.00000
0.00000
0.00000
0.00000
0.02277
0.06760
0.14357
0.23951
0.34128
0.43389
0.50368
0.54039
0.53860
0.49857
0.42621
0.33217
0.23030
0.13563
0.00000
0.00000
0.00000
0.00000
0.00000
0.00000
0.00000
0.00000
0.00000
0.00000
0.03011
0.08938
0.18983
0.31669
0.45125
0.57369
0.66598
0.71451
0.71214
0.65922
0.56354
0.43919
0.30451
0.17933
0.00000
0.00000
0.00000
0.00000
0.00000
0.00000
0.00000
0.00000
0.00000
0.00000
0.03513
0.10426
0.22145
0.36943
0.52641
0.66924
0.77690
0.83352
0.83075
0.76901
0.65739
0.51234
0.35523
0.20919
0.00000
0.00000
0.00000
0.00000
0.00000
0.00000
0.00000
0.00000
0.00000
0.00000
0.02991
0.08877
0.18855
0.31455
0.44820
0.56981
0.66147
0.70968
0.70732
0.65476
0.55972
0.43622
0.30245
0.17811
0.00000
0.00000
0.00000
0.00000
0.00000
0.00000
0.00000
0.00000
0.00000
0.00000
0.01932
0.05736
0.12182
0.20323
0.28958
0.36816
0.42738
0.45852
0.45700
0.42304
0.36164
0.28184
0.19541
0.11508
0.00000
0.00000
0.00000
0.00000
0.00000
0.00000
0.00000
0.00000
0.00000
0.00000
0.02927
0.08687
0.18452
0.30783
0.43862
0.55764
0.64734
0.69452
0.69221
0.64077
0.54777
0.42690
0.29599
0.17431
0.00000
0.00000
0.00000
0.00000
0.00000
0.00000
0.00000
0.00000
0.00000
0.00000
0.03327
0.09874
0.20972
0.34987
0.49852
0.63379
0.73575
0.78937
0.78675
0.72828
0.62257
0.48521
0.33641
0.19811
0.00000
0.00000
0.00000
0.00000
0.00000
0.00000
0.00000
0.00000
0.00000
0.00000
0.02697
0.08005
0.17002
0.28364
0.40415
0.51382
0.59647
0.63994
0.63782
0.59042
0.50472
0.39336
0.27273
0.16061
0.00000
0.00000
0.00000
0.00000
0.00000
0.00000
0.00000
0.00000
0.00000
0.00000
0.01462
0.04339
0.09217
0.15376
0.21909
0.27853
0.32334
0.34690
0.34575
0.32006
0.27360
0.21323
0.14784
0.08707
0.00000
0.00000
0.00000
0.00000
0.00000
0.00000
0.00000
0.00000
0.00000
0.00000
0.02686
0.07971
0.16930
0.28243
0.40243
0.51163
0.59393
0.63721
0.63510
0.58790
0.50257
0.39168
0.27157
0.15993
0.00000
0.00000
0.00000
0.00000
0.00000
0.00000
0.00000
0.00000
0.00000
0.00000
0.02578
0.07650
0.16249
0.27108
0.38626
0.49107
0.57006
0.61161
0.60958
0.56428
0.48238
0.37594
0.26065
0.15350
0.00000
0.00000
0.00000
0.00000
0.00000
0.00000
0.00000
0.00000
0.00000
0.00000
0.03393
0.10071
0.21390
0.35684
0.50846
0.64643
0.75042
0.80511
0.80243
0.74280
0.63499
0.49488
0.34312
0.20206
0.00000
0.00000
0.00000
0.00000
0.00000
0.00000
0.00000
0.00000
0.00000
0.00000
0.02065
0.06130
0.13020
0.21721
0.30950
0.39348
0.45678
0.49007
0.48844
0.45214
0.38651
0.30123
0.20886
0.12300
0.00000
0.00000
0.00000
0.00000
0.00000
0.00000
0.00000
0.00000
0.00000
0.00000
0.02204
0.06541
0.13892
0.23176
0.33023
0.41983
0.48737
0.52289
0.52115
0.48242
0.41240
0.32141
0.22284
0.13123
0.00000
0.00000
0.00000
0.00000
0.00000
0.00000
0.00000
0.00000
0.00000
0.00000
0.01511
0.04486
0.09528
0.15895
0.22649
0.28795
0.33427
0.35863
0.35744
0.33088
0.28285
0.22044
0.15284
0.09001
0.00000
0.00000
0.00000
0.00000
0.00000
0.00000
0.00000
0.00000
0.00000
0.00000
0.02340
0.06944
0.14750
0.24606
0.35061
0.44575
0.51745
0.55516
0.55332
0.51220
0.43786
0.34124
0.23660
0.13933
0.00000
0.00000
0.00000
0.00000
0.00000
0.00000
0.00000
0.00000
0.00000
0.00000
0.02572
0.07632
0.16211
0.27044
0.38536
0.48992
0.56873
0.61018
0.60815
0.56296
0.48125
0.37506
0.26004
0.15314
0.00000
0.00000
0.00000
0.00000
0.00000
0.00000
0.00000
0.00000
0.00000
0.00000
0.02329
0.06913
0.14683
0.24494
0.34902
0.44372
0.51510
0.55264
0.55081
0.50987
0.43587
0.33970
0.23552
0.13870
0.00000
0.00000
0.00000
0.00000
0.00000
0.00000
0.00000
0.00000
0.00000
0.00000
0.02377
0.07055
0.14985
0.24998
0.35619
0.45284
0.52569
0.56400
0.56213
0.52035
0.44483
0.34668
0.24037
0.14155
0.00000
0.00000
0.00000
0.00000
0.00000
0.00000
0.00000
0.00000
0.00000
0.00000
0.02581
0.07660
0.16270
0.27143
0.38676
0.49170
0.57080
0.61240
0.61036
0.56500
0.48300
0.37643
0.26099
0.15370
0.00000
0.00000
0.00000
0.00000
0.00000
0.00000
0.00000
0.00000
0.00000
0.00000
0.01440
0.06880
0.16097
0.27724
0.40039
0.51215
0.59595
0.63936
0.63595
0.58623
0.49757
0.38311
0.25982
0.00000
0.00000
0.00000
0.00000
0.00000
0.00000
0.00000
0.00000
0.00000
0.00000
0.00000
0.01162
0.05552
0.12990
0.22374
0.32312
0.41330
0.48093
0.51597
0.51322
0.47309
0.40154
0.30917
0.20967
0.00000
0.00000
0.00000
0.00000
0.00000
0.00000
0.00000
0.00000
0.00000
0.00000
0.00000
0.01551
0.07409
0.17334
0.29856
0.43117
0.55152
0.64176
0.68851
0.68484
0.63130
0.53582
0.41256
0.27979
0.00000
0.00000
0.00000
0.00000
0.00000
0.00000
0.00000
0.00000
0.00000
0.00000
0.00000
0.01648
0.07873
0.18421
0.31727
0.45820
0.58609
0.68199
0.73167
0.72778
0.67088
0.56941
0.43842
0.29733
0.00000
0.00000
0.00000
0.00000
0.00000
0.00000
0.00000
0.00000
0.00000
0.00000
0.00000
0.01181
0.05640
0.13196
0.22728
0.32824
0.41985
0.48855
0.52414
0.52135
0.48059
0.40790
0.31407
0.21300
0.00000
0.00000
0.00000
0.00000
0.00000
0.00000
0.00000
0.00000
0.00000
0.00000
0.00000
0.01829
0.08739
0.20446
0.35216
0.50858
0.65053
0.75697
0.81212
0.80779
0.74463
0.63201
0.48662
0.33002
0.00000
0.00000
0.00000
0.00000
0.00000
0.00000
0.00000
0.00000
0.00000
0.00000
0.00000
0.00829
0.03958
0.09262
0.15952
0.23037
0.29468
0.34289
0.36787
0.36591
0.33730
0.28629
0.22043
0.14949
0.00000
0.00000
0.00000
0.00000
0.00000
0.00000
0.00000
0.00000
0.00000
0.00000
0.00000
0.01572
0.07510
0.17572
0.30266
0.43710
0.55910
0.65058
0.69798
0.69426
0.63998
0.54319
0.41823
0.28364
0.00000
0.00000
0.00000
0.00000
0.00000
0.00000
0.00000
0.00000
0.00000
0.00000
0.00000
0.01521
0.07266
0.17001
0.29283
0.42289
0.54093
0.62944
0.67529
0.67170
0.61918
0.52553
0.40464
0.27442
0.00000
0.00000
0.00000
0.00000
0.00000
0.00000
0.00000
0.00000
0.00000
0.00000
0.00000
0.00993
0.04745
0.11102
0.19122
0.27615
0.35323
0.41102
0.44097
0.43862
0.40433
0.34317
0.26423
0.17920
0.00000
0.00000
0.00000
0.00000
0.00000
0.00000
0.00000
0.00000
0.00000
0.00000
0.00000
0.01478
0.07060
0.16518
0.28450
0.41087
0.52555
0.61154
0.65609
0.65259
0.60157
0.51059
0.39313
0.26661
0.00000
0.00000
0.00000
0.00000
0.00000
0.00000
0.00000
0.00000
0.00000
0.00000
0.00000
0.01484
0.07088
0.16585
0.28565
0.41253
0.52768
0.61402
0.65875
0.65524
0.60401
0.51266
0.39472
0.26770
0.00000
0.00000
0.00000
0.00000
0.00000
0.00000
0.00000
0.00000
0.00000
0.00000
0.00000
0.01157
0.05529
0.12935
0.22279
0.32175
0.41156
0.47890
0.51379
0.51105
0.47110
0.39984
0.30786
0.20879
0.00000
0.00000
0.00000
0.00000
0.00000
0.00000
0.00000
0.00000
0.00000
0.00000
0.00000
0.01550
0.07404
0.17323
0.29837
0.43090
0.55117
0.64135
0.68807
0.68441
0.63090
0.53548
0.41229
0.27961
0.00000
0.00000
0.00000
0.00000
0.00000
0.00000
0.00000
0.00000
0.00000
0.00000
0.00000
0.01635
0.07808
0.18269
0.31466
0.45443
0.58127
0.67637
0.72565
0.72178
0.66535
0.56472
0.43481
0.29488
0.00000
0.00000
0.00000
0.00000
0.00000
0.00000
0.00000
0.00000
0.00000
0.00000
0.00000
0.01247
0.05955
0.13932
0.23996
0.34655
0.44328
0.51581
0.55338
0.55044
0.50740
0.43066
0.33159
0.22488
0.00000
0.00000
0.00000
0.00000
0.00000
0.00000
0.00000
0.00000
0.00000
0.00000
0.00000
0.00799
0.03817
0.08931
0.15382
0.22215
0.28416
0.33065
0.35474
0.35285
0.32526
0.27607
0.21256
0.14416
0.00000
0.00000
0.00000
0.00000
0.00000
0.00000
0.00000
0.00000
0.00000
0.00000
0.00000
0.01409
0.06728
0.15742
0.27114
0.39158
0.50087
0.58283
0.62528
0.62195
0.57333
0.48661
0.37467
0.25410
0.00000
0.00000
0.00000
0.00000
0.00000
0.00000
0.00000
0.00000
0.00000
0.00000
0.00000
0.01254
0.05991
0.14017
0.24142
0.34866
0.44598
0.51895
0.55675
0.55378
0.51049
0.43328
0.33361
0.22625
0.00000
0.00000
0.00000
0.00000
0.00000
0.00000
0.00000
0.00000
0.00000
0.00000
0.00000
0.01456
0.06956
0.16275
0.28032
0.40484
0.51784
0.60256
0.64646
0.64302
0.59274
0.50309
0.38736
0.26270
0.00000
0.00000
0.00000
0.00000
0.00000
0.00000
0.00000
0.00000
0.00000
0.00000
0.00000
0.00391
0.01869
0.04373
0.07533
0.10878
0.13915
0.16192
0.17371
0.17279
0.15928
0.13519
0.10409
0.07059
0.00000
0.00000
0.00000
0.00000
0.00000
0.00000
0.00000
0.00000
0.00000
0.00000
0.00000
0.01605
0.07665
0.17934
0.30889
0.44609
0.57060
0.66396
0.71233
0.70854
0.65314
0.55436
0.42683
0.28947
0.00000
0.00000
0.00000
0.00000
0.00000
0.00000
0.00000
0.00000
0.00000
0.00000
0.00000
0.01653
0.07894
0.18470
0.31812
0.45943
0.58766
0.68382
0.73363
0.72972
0.67267
0.57093
0.43959
0.29813
0.00000
0.00000
0.00000
0.00000
0.00000
0.00000
0.00000
0.00000
0.00000
0.00000
0.00000
0.01446
0.06905
0.16156
0.27827
0.40187
0.51404
0.59815
0.64173
0.63831
0.58840
0.49941
0.38452
0.26078
0.00000
0.00000
0.00000
0.00000
0.00000
0.00000
0.00000
0.00000
0.00000
0.00000
0.00000
0.01180
0.05636
0.13188
0.22714
0.32803
0.41960
0.48825
0.52382
0.52103
0.48029
0.40765
0.31387
0.21286
0.00000
0.00000
0.00000
0.00000
0.00000
0.00000
0.00000
0.00000
0.00000
0.00000
0.00000
0.01180
0.05637
0.13190
0.22718
0.32809
0.41966
0.48833
0.52390
0.52111
0.48037
0.40772
0.31392
0.21290
0.00000
0.00000
0.00000
0.00000
0.00000
0.00000
0.00000
0.00000
0.00000
0.00000
0.00000
0.01089
0.05201
0.12170
0.20961
0.30272
0.38721
0.45057
0.48339
0.48081
0.44322
0.37619
0.28965
0.19643
0.00000
0.00000
0.00000
0.00000
0.00000
0.00000
0.00000
0.00000
0.00000
0.00000
0.00000
0.01606
0.07669
0.17944
0.30907
0.44635
0.57093
0.66435
0.71275
0.70895
0.65352
0.55468
0.42708
0.28964
0.00000
0.00000
0.00000
0.00000
0.00000
0.00000
0.00000
0.00000
0.00000
0.00000
0.00000
0.01710
0.08170
0.19115
0.32924
0.47548
0.60820
0.70771
0.75926
0.75522
0.69617
0.59088
0.45495
0.30854
0.00000
0.00000
0.00000
0.00000
0.00000
0.00000
0.00000
0.00000
0.00000
0.00000
0.00000
0.01490
0.07119
0.16657
0.28690
0.41434
0.52999
0.61670
0.66163
0.65810
0.60665
0.51490
0.39645
0.26887
0.00000
0.00000
0.00000
0.00000
0.00000
0.00000
0.00000
0.00000
0.00000
0.00000
0.00000
0.00894
0.04272
0.09995
0.17214
0.24861
0.31800
0.37003
0.39698
0.39487
0.36400
0.30894
0.23787
0.16132
0.00000
0.00000
0.00000
0.00000
0.00000
0.00000
0.00000
0.00000
0.00000
0.00000
0.00000
0.01252
0.07612
0.18113
0.31166
0.44792
0.56930
0.65740
0.69890
0.68750
0.62494
0.52068
0.39051
0.25415
0.00000
0.00000
0.00000
0.00000
0.00000
0.00000
0.00000
0.00000
0.00000
0.00000
0.00000
0.01217
0.07400
0.17609
0.30298
0.43546
0.55346
0.63911
0.67945
0.66837
0.60755
0.50619
0.37964
0.24707
0.00000
0.00000
0.00000
0.00000
0.00000
0.00000
0.00000
0.00000
0.00000
0.00000
0.00000
0.01141
0.06939
0.16513
0.28411
0.40834
0.51899
0.59931
0.63714
0.62675
0.56971
0.47466
0.35600
0.23169
0.00000
0.00000
0.00000
0.00000
0.00000
0.00000
0.00000
0.00000
0.00000
0.00000
0.00000
0.01661
0.10099
0.24032
0.41349
0.59429
0.75533
0.87222
0.92728
0.91216
0.82914
0.69082
0.51811
0.33719
0.00000
0.00000
0.00000
0.00000
0.00000
0.00000
0.00000
0.00000
0.00000
0.00000
0.00000
0.01359
0.08263
0.19661
0.33829
0.48620
0.61795
0.71359
0.75863
0.74626
0.67834
0.56517
0.42388
0.27586
0.00000
0.00000
0.00000
0.00000
0.00000
0.00000
0.00000
0.00000
0.00000
0.00000
0.00000
0.01278
0.07769
0.18488
0.31810
0.45718
0.58107
0.67100
0.71335
0.70172
0.63786
0.53144
0.39858
0.25940
0.00000
0.00000
0.00000
0.00000
0.00000
0.00000
0.00000
0.00000
0.00000
0.00000
0.00000
0.01095
0.06659
0.15847
0.27265
0.39186
0.49805
0.57513
0.61143
0.60146
0.54673
0.45551
0.34164
0.22234
0.00000
0.00000
0.00000
0.00000
0.00000
0.00000
0.00000
0.00000
0.00000
0.00000
0.00000
0.01359
0.08263
0.19661
0.33829
0.48620
0.61795
0.71359
0.75863
0.74626
0.67835
0.56518
0.42388
0.27587
0.00000
0.00000
0.00000
0.00000
0.00000
0.00000
0.00000
0.00000
0.00000
0.00000
0.00000
0.01295
0.07873
0.18734
0.32234
0.46328
0.58881
0.67994
0.72286
0.71107
0.64636
0.53853
0.40390
0.26286
0.00000
0.00000
0.00000
0.00000
0.00000
0.00000
0.00000
0.00000
0.00000
0.00000
0.00000
0.01502
0.09132
0.21730
0.37388
0.53735
0.68296
0.78866
0.83844
0.82477
0.74971
0.62463
0.46848
0.30489
0.00000
0.00000
0.00000
0.00000
0.00000
0.00000
0.00000
0.00000
0.00000
0.00000
0.00000
0.00932
0.05665
0.13481
0.23196
0.33338
0.42372
0.48929
0.52018
0.51169
0.46513
0.38753
0.29065
0.18915
0.00000
0.00000
0.00000
0.00000
0.00000
0.00000
0.00000
0.00000
0.00000
0.00000
0.00000
0.01084
0.06591
0.15684
0.26986
0.38785
0.49295
0.56924
0.60517
0.59531
0.54113
0.45085
0.33814
0.22006
0.00000
0.00000
0.00000
0.00000
0.00000
0.00000
0.00000
0.00000
0.00000
0.00000
0.00000
0.01208
0.07343
0.17473
0.30064
0.43209
0.54917
0.63417
0.67420
0.66320
0.60285
0.50227
0.37671
0.24516
0.00000
0.00000
0.00000
0.00000
0.00000
0.00000
0.00000
0.00000
0.00000
0.00000
0.00000
0.01360
0.08270
0.19680
0.33861
0.48666
0.61854
0.71426
0.75935
0.74696
0.67899
0.56571
0.42428
0.27613
0.00000
0.00000
0.00000
0.00000
0.00000
0.00000
0.00000
0.00000
0.00000
0.00000
0.00000
0.01418
0.08621
0.20515
0.35297
0.50730
0.64477
0.74455
0.79155
0.77864
0.70778
0.58970
0.44228
0.28784
0.00000
0.00000
0.00000
0.00000
0.00000
0.00000
0.00000
0.00000
0.00000
0.00000
0.00000
0.01110
0.06753
0.16068
0.27647
0.39734
0.50502
0.58317
0.61998
0.60987
0.55437
0.46188
0.34641
0.22545
0.00000
0.00000
0.00000
0.00000
0.00000
0.00000
0.00000
0.00000
0.00000
0.00000
0.00000
0.01299
0.07896
0.18790
0.32330
0.46465
0.59057
0.68196
0.72501
0.71319
0.64828
0.54013
0.40510
0.26364
0.00000
0.00000
0.00000
0.00000
0.00000
0.00000
0.00000
0.00000
0.00000
0.00000
0.00000
0.00963
0.05854
0.13931
0.23970
0.34450
0.43785
0.50561
0.53753
0.52876
0.48064
0.40045
0.30034
0.19546
0.00000
0.00000
0.00000
0.00000
0.00000
0.00000
0.00000
0.00000
0.00000
0.00000
0.00000
0.01264
0.07686
0.18289
0.31468
0.45226
0.57482
0.66378
0.70568
0.69417
0.63100
0.52572
0.39429
0.25661
0.00000
0.00000
0.00000
0.00000
0.00000
0.00000
0.00000
0.00000
0.00000
0.00000
0.00000
0.01111
0.06754
0.16072
0.27654
0.39745
0.50515
0.58332
0.62014
0.61003
0.55451
0.46200
0.34650
0.22551
0.00000
0.00000
0.00000
0.00000
0.00000
0.00000
0.00000
0.00000
0.00000
0.00000
0.00000
0.01051
0.06393
0.15211
0.26173
0.37616
0.47809
0.55208
0.58693
0.57736
0.52482
0.43726
0.32795
0.21343
0.00000
0.00000
0.00000
0.00000
0.00000
0.00000
0.00000
0.00000
0.00000
0.00000
0.00000
0.01237
0.07523
0.17901
0.30800
0.44267
0.56262
0.64970
0.69071
0.67944
0.61761
0.51457
0.38593
0.25117
0.00000
0.00000
0.00000
0.00000
0.00000
0.00000
0.00000
0.00000
0.00000
0.00000
0.00000
0.00923
0.05610
0.13349
0.22969
0.33011
0.41957
0.48450
0.51508
0.50668
0.46057
0.38373
0.28780
0.18730
0.00000
0.00000
0.00000
0.00000
0.00000
0.00000
0.00000
0.00000
0.00000
0.00000
0.00000
0.01246
0.07575
0.18026
0.31015
0.44576
0.56654
0.65423
0.69552
0.68418
0.62191
0.51816
0.38862
0.25292
0.00000
0.00000
0.00000
0.00000
0.00000
0.00000
0.00000
0.00000
0.00000
0.00000
0.00000
0.01332
0.08100
0.19274
0.33163
0.47662
0.60578
0.69953
0.74368
0.73156
0.66498
0.55404
0.41553
0.27043
0.00000
0.00000
0.00000
0.00000
0.00000
0.00000
0.00000
0.00000
0.00000
0.00000
0.00000
0.01477
0.08983
0.21375
0.36777
0.52858
0.67181
0.77578
0.82475
0.81130
0.73747
0.61443
0.46083
0.29991
0.00000
0.00000
0.00000
0.00000
0.00000
0.00000
0.00000
0.00000
0.00000
0.00000
0.00000
0.01094
0.06651
0.15826
0.27231
0.39137
0.49742
0.57440
0.61066
0.60070
0.54603
0.45493
0.34120
0.22206
0.00000
0.00000
0.00000
0.00000
0.00000
0.00000
0.00000
0.00000
0.00000
0.00000
0.00000
0.00771
0.04687
0.11153
0.19190
0.27580
0.35053
0.40479
0.43034
0.42332
0.38479
0.32060
0.24045
0.15649
0.00000
0.00000
0.00000
0.00000
0.00000
0.00000
0.00000
0.00000
0.00000
0.00000
0.00000
0.01159
0.07046
0.16767
0.28849
0.41463
0.52699
0.60854
0.64696
0.63641
0.57849
0.48198
0.36149
0.23526
0.00000
0.00000
0.00000
0.00000
0.00000
0.00000
0.00000
0.00000
0.00000
0.00000
0.00000
0.01270
0.07723
0.18377
0.31618
0.45443
0.57757
0.66696
0.70906
0.69749
0.63402
0.52824
0.39618
0.25784
0.00000
0.00000
0.00000
0.00000
0.00000
0.00000
0.00000
0.00000
0.00000
0.00000
0.00000
0.00833
0.05803
0.14051
0.24250
0.34755
0.43874
0.50135
0.52531
0.50674
0.44865
0.36040
0.25620
0.15286
0.00000
0.00000
0.00000
0.00000
0.00000
0.00000
0.00000
0.00000
0.00000
0.00000
0.00000
0.00532
0.03703
0.08968
0.15477
0.22182
0.28001
0.31998
0.33527
0.32342
0.28634
0.23002
0.16351
0.09756
0.00000
0.00000
0.00000
0.00000
0.00000
0.00000
0.00000
0.00000
0.00000
0.00000
0.00000
0.01057
0.07358
0.17819
0.30752
0.44074
0.55637
0.63577
0.66615
0.64261
0.56894
0.45702
0.32489
0.19384
0.00000
0.00000
0.00000
0.00000
0.00000
0.00000
0.00000
0.00000
0.00000
0.00000
0.00000
0.01080
0.07519
0.18207
0.31423
0.45035
0.56850
0.64963
0.68068
0.65662
0.58135
0.46699
0.33197
0.19807
0.00000
0.00000
0.00000
0.00000
0.00000
0.00000
0.00000
0.00000
0.00000
0.00000
0.00000
0.00864
0.06017
0.14572
0.25148
0.36042
0.45498
0.51991
0.54476
0.52551
0.46526
0.37374
0.26569
0.15852
0.00000
0.00000
0.00000
0.00000
0.00000
0.00000
0.00000
0.00000
0.00000
0.00000
0.00000
0.00976
0.06797
0.16459
0.28406
0.40711
0.51392
0.58726
0.61532
0.59358
0.52553
0.42215
0.30010
0.17905
0.00000
0.00000
0.00000
0.00000
0.00000
0.00000
0.00000
0.00000
0.00000
0.00000
0.00000
0.00527
0.03667
0.08881
0.15327
0.21967
0.27730
0.31687
0.33201
0.32028
0.28356
0.22778
0.16193
0.09661
0.00000
0.00000
0.00000
0.00000
0.00000
0.00000
0.00000
0.00000
0.00000
0.00000
0.00000
0.00852
0.05935
0.14371
0.24802
0.35547
0.44873
0.51277
0.53727
0.51828
0.45887
0.36860
0.26203
0.15634
0.00000
0.00000
0.00000
0.00000
0.00000
0.00000
0.00000
0.00000
0.00000
0.00000
0.00000
0.00809
0.05632
0.13638
0.23537
0.33733
0.42583
0.48661
0.50986
0.49184
0.43546
0.34980
0.24867
0.14836
0.00000
0.00000
0.00000
0.00000
0.00000
0.00000
0.00000
0.00000
0.00000
0.00000
0.00000
0.00914
0.06363
0.15407
0.26591
0.38110
0.48108
0.54974
0.57601
0.55565
0.49195
0.39518
0.28093
0.16761
0.00000
0.00000
0.00000
0.00000
0.00000
0.00000
0.00000
0.00000
0.00000
0.00000
0.00000
0.01247
0.08683
0.21027
0.36289
0.52009
0.65654
0.75024
0.78608
0.75831
0.67138
0.53931
0.38338
0.22874
0.00000
0.00000
0.00000
0.00000
0.00000
0.00000
0.00000
0.00000
0.00000
0.00000
0.00000
0.01055
0.07349
0.17796
0.30712
0.44017
0.55565
0.63495
0.66529
0.64178
0.56820
0.45643
0.32447
0.19359
0.00000
0.00000
0.00000
0.00000
0.00000
0.00000
0.00000
0.00000
0.00000
0.00000
0.00000
0.00745
0.05190
0.12569
0.21692
0.31089
0.39245
0.44846
0.46989
0.45328
0.40132
0.32237
0.22917
0.13673
0.00000
0.00000
0.00000
0.00000
0.00000
0.00000
0.00000
0.00000
0.00000
0.00000
0.00000
0.01137
0.07919
0.19177
0.33096
0.47434
0.59878
0.68424
0.71693
0.69160
0.61231
0.49186
0.34966
0.20862
0.00000
0.00000
0.00000
0.00000
0.00000
0.00000
0.00000
0.00000
0.00000
0.00000
0.00000
0.01073
0.07468
0.18085
0.31211
0.44731
0.56467
0.64526
0.67609
0.65220
0.57743
0.46384
0.32974
0.19673
0.00000
0.00000
0.00000
0.00000
0.00000
0.00000
0.00000
0.00000
0.00000
0.00000
0.00000
0.00980
0.06826
0.16531
0.28529
0.40888
0.51615
0.58981
0.61799
0.59615
0.52781
0.42398
0.30140
0.17983
0.00000
0.00000
0.00000
0.00000
0.00000
0.00000
0.00000
0.00000
0.00000
0.00000
0.00000
0.00870
0.06061
0.14677
0.25330
0.36303
0.45827
0.52368
0.54870
0.52931
0.46863
0.37644
0.26761
0.15966
0.00000
0.00000
0.00000
0.00000
0.00000
0.00000
0.00000
0.00000
0.00000
0.00000
0.00000
0.00848
0.05906
0.14301
0.24681
0.35372
0.44653
0.51025
0.53463
0.51574
0.45662
0.36679
0.26075
0.15557
0.00000
0.00000
0.00000
0.00000
0.00000
0.00000
0.00000
0.00000
0.00000
0.00000
0.00000
0.01219
0.08487
0.20551
0.35468
0.50832
0.64168
0.73326
0.76830
0.74115
0.65618
0.52710
0.37471
0.22356
0.00000
0.00000
0.00000
0.00000
0.00000
0.00000
0.00000
0.00000
0.00000
0.00000
0.00000
0.01034
0.07198
0.17430
0.30081
0.43112
0.54422
0.62189
0.65161
0.62858
0.55652
0.44705
0.31780
0.18961
0.00000
0.00000
0.00000
0.00000
0.00000
0.00000
0.00000
0.00000
0.00000
0.00000
0.00000
0.00954
0.06643
0.16086
0.27762
0.39789
0.50227
0.57396
0.60138
0.58013
0.51363
0.41259
0.29330
0.17500
0.00000
0.00000
0.00000
0.00000
0.00000
0.00000
0.00000
0.00000
0.00000
0.00000
0.00000
0.01096
0.07633
0.18484
0.31901
0.45720
0.57715
0.65952
0.69103
0.66661
0.59019
0.47409
0.33702
0.20108
0.00000
0.00000
0.00000
0.00000
0.00000
0.00000
0.00000
0.00000
0.00000
0.00000
0.00000
0.00445
0.03099
0.07506
0.12954
0.18565
0.23436
0.26780
0.28060
0.27068
0.23965
0.19251
0.13685
0.08165
0.00000
0.00000
0.00000
0.00000
0.00000
0.00000
0.00000
0.00000
0.00000
0.00000
0.00000
0.01212
0.08435
0.20427
0.35253
0.50524
0.63779
0.72882
0.76364
0.73666
0.65221
0.52391
0.37244
0.22221
0.00000
0.00000
0.00000
0.00000
0.00000
0.00000
0.00000
0.00000
0.00000
0.00000
0.00000
0.00883
0.06147
0.14884
0.25688
0.36816
0.46475
0.53108
0.55645
0.53679
0.47525
0.38176
0.27139
0.16192
0.00000
0.00000
0.00000
0.00000
0.00000
0.00000
0.00000
0.00000
0.00000
0.00000
0.00000
0.01250
0.08701
0.21070
0.36363
0.52115
0.65787
0.75176
0.78768
0.75985
0.67274
0.54040
0.38416
0.22921
0.00000
0.00000
0.00000
0.00000
0.00000
0.00000
0.00000
0.00000
0.00000
0.00000
0.00000
0.01171
0.08155
0.19748
0.34082
0.48846
0.61661
0.70461
0.73828
0.71219
0.63055
0.50651
0.36007
0.21483
0.00000
0.00000
0.00000
0.00000
0.00000
0.00000
0.00000
0.00000
0.00000
0.00000
0.00000
0.01105
0.07697
0.18639
0.32168
0.46102
0.58198
0.66503
0.69681
0.67219
0.59513
0.47806
0.33984
0.20276
0.00000
0.00000
0.00000
0.00000
0.00000
0.00000
0.00000
0.00000
0.00000
0.00000
0.00000
0.01273
0.08863
0.21464
0.37042
0.53089
0.67017
0.76582
0.80241
0.77406
0.68532
0.55051
0.39135
0.23349
0.00000
0.00000
0.00000
0.00000
0.00000
0.00000
0.00000
0.00000
0.00000
0.00000
0.00000
0.01150
0.08005
0.19385
0.33456
0.47949
0.60528
0.69167
0.72472
0.69910
0.61896
0.49720
0.35345
0.21088
0.00000
0.00000
0.00000
0.00000
0.00000
0.00000
0.00000
0.00000
0.00000
0.00000
0.00000
0.01290
0.08979
0.21744
0.37527
0.53784
0.67894
0.77584
0.81291
0.78418
0.69428
0.55771
0.39647
0.23655
0.00000
0.00000
0.00000
0.00000
0.00000
0.00000
0.00000
0.00000
0.00000
0.00000
0.00000
0.00000
0.04700
0.15610
0.29149
0.43100
0.55174
0.63393
0.66409
0.63729
0.55790
0.43895
0.29994
0.16365
0.00000
0.00000
0.00000
0.00000
0.00000
0.00000
0.00000
0.00000
0.00000
0.00000
0.00000
0.00000
0.04669
0.15506
0.28955
0.42812
0.54805
0.62970
0.65966
0.63303
0.55417
0.43602
0.29794
0.16256
0.00000
0.00000
0.00000
0.00000
0.00000
0.00000
0.00000
0.00000
0.00000
0.00000
0.00000
0.00000
0.03298
0.10952
0.20451
0.30238
0.38710
0.44476
0.46592
0.44711
0.39142
0.30797
0.21044
0.11482
0.00000
0.00000
0.00000
0.00000
0.00000
0.00000
0.00000
0.00000
0.00000
0.00000
0.00000
0.00000
0.02275
0.07555
0.14107
0.20859
0.26702
0.30680
0.32140
0.30843
0.27001
0.21244
0.14516
0.07920
0.00000
0.00000
0.00000
0.00000
0.00000
0.00000
0.00000
0.00000
0.00000
0.00000
0.00000
0.00000
0.03819
0.12681
0.23680
0.35013
0.44822
0.51499
0.53950
0.51772
0.45323
0.35660
0.24367
0.13295
0.00000
0.00000
0.00000
0.00000
0.00000
0.00000
0.00000
0.00000
0.00000
0.00000
0.00000
0.00000
0.04947
0.16430
0.30682
0.45365
0.58074
0.66725
0.69900
0.67078
0.58722
0.46203
0.31571
0.17225
0.00000
0.00000
0.00000
0.00000
0.00000
0.00000
0.00000
0.00000
0.00000
0.00000
0.00000
0.00000
0.03522
0.11696
0.21841
0.32294
0.41341
0.47499
0.49760
0.47751
0.41803
0.32890
0.22474
0.12262
0.00000
0.00000
0.00000
0.00000
0.00000
0.00000
0.00000
0.00000
0.00000
0.00000
0.00000
0.00000
0.02110
0.07007
0.13084
0.19346
0.24766
0.28455
0.29809
0.28606
0.25043
0.19703
0.13463
0.07346
0.00000
0.00000
0.00000
0.00000
0.00000
0.00000
0.00000
0.00000
0.00000
0.00000
0.00000
0.00000
0.04497
0.14934
0.27888
0.41235
0.52787
0.60650
0.63536
0.60971
0.53376
0.41996
0.28696
0.15657
0.00000
0.00000
0.00000
0.00000
0.00000
0.00000
0.00000
0.00000
0.00000
0.00000
0.00000
0.00000
0.04035
0.13401
0.25024
0.37000
0.47366
0.54421
0.57011
0.54709
0.47894
0.37683
0.25749
0.14049
0.00000
0.00000
0.00000
0.00000
0.00000
0.00000
0.00000
0.00000
0.00000
0.00000
0.00000
0.00000
0.03813
0.12664
0.23649
0.34967
0.44763
0.51431
0.53878
0.51703
0.45263
0.35612
0.24334
0.13277
0.00000
0.00000
0.00000
0.00000
0.00000
0.00000
0.00000
0.00000
0.00000
0.00000
0.00000
0.00000
0.03500
0.11623
0.21704
0.32091
0.41081
0.47201
0.49446
0.47450
0.41540
0.32683
0.22333
0.12185
0.00000
0.00000
0.00000
0.00000
0.00000
0.00000
0.00000
0.00000
0.00000
0.00000
0.00000
0.00000
0.05771
0.19164
0.35787
0.52914
0.67738
0.77828
0.81532
0.78240
0.68494
0.53891
0.36824
0.20092
0.00000
0.00000
0.00000
0.00000
0.00000
0.00000
0.00000
0.00000
0.00000
0.00000
0.00000
0.00000
0.04313
0.14324
0.26747
0.39548
0.50628
0.58169
0.60937
0.58477
0.51193
0.40278
0.27522
0.15017
0.00000
0.00000
0.00000
0.00000
0.00000
0.00000
0.00000
0.00000
0.00000
0.00000
0.00000
0.00000
0.04731
0.15713
0.29342
0.43384
0.55538
0.63811
0.66848
0.64149
0.56158
0.44185
0.30192
0.16473
0.00000
0.00000
0.00000
0.00000
0.00000
0.00000
0.00000
0.00000
0.00000
0.00000
0.00000
0.00000
0.01297
0.04306
0.08041
0.11889
0.15219
0.17486
0.18319
0.17579
0.15389
0.12108
0.08274
0.04514
0.00000
0.00000
0.00000
0.00000
0.00000
0.00000
0.00000
0.00000
0.00000
0.00000
0.00000
0.00000
0.04217
0.14004
0.26151
0.38666
0.49499
0.56872
0.59578
0.57173
0.50051
0.39380
0.26909
0.14682
0.00000
0.00000
0.00000
0.00000
0.00000
0.00000
0.00000
0.00000
0.00000
0.00000
0.00000
0.00000
0.03835
0.12736
0.23783
0.35165
0.45017
0.51723
0.54184
0.51996
0.45519
0.35814
0.24472
0.13352
0.00000
0.00000
0.00000
0.00000
0.00000
0.00000
0.00000
0.00000
0.00000
0.00000
0.00000
0.00000
0.04844
0.16087
0.30040
0.44417
0.56860
0.65331
0.68439
0.65676
0.57495
0.45237
0.30911
0.16865
0.00000
0.00000
0.00000
0.00000
0.00000
0.00000
0.00000
0.00000
0.00000
0.00000
0.00000
0.00000
0.05419
0.17994
0.33602
0.49684
0.63603
0.73077
0.76554
0.73464
0.64313
0.50601
0.34576
0.18865
0.00000
0.00000
0.00000
0.00000
0.00000
0.00000
0.00000
0.00000
0.00000
0.00000
0.00000
0.00000
0.04589
0.15241
0.28460
0.42081
0.53870
0.61894
0.64839
0.62222
0.54471
0.42858
0.29285
0.15978
0.00000
0.00000
0.00000
0.00000
0.00000
0.00000
0.00000
0.00000
0.00000
0.00000
0.00000
0.00000
0.04407
0.14635
0.27330
0.40409
0.51730
0.59435
0.62263
0.59750
0.52307
0.41155
0.28122
0.15344
0.00000
0.00000
0.00000
0.00000
0.00000
0.00000
0.00000
0.00000
0.00000
0.00000
0.00000
0.00000
0.05051
0.16774
0.31323
0.46313
0.59288
0.68120
0.71361
0.68480
0.59950
0.47168
0.32231
0.17585
0.00000
0.00000
0.00000
0.00000
0.00000
0.00000
0.00000
0.00000
0.00000
0.00000
0.00000
0.00000
0.03928
0.13043
0.24356
0.36013
0.46101
0.52969
0.55489
0.53249
0.46616
0.36677
0.25062
0.13674
0.00000
0.00000
0.00000
0.00000
0.00000
0.00000
0.00000
0.00000
0.00000
0.00000
0.00000
0.00000
0.02350
0.07805
0.14575
0.21550
0.27587
0.31696
0.33204
0.31864
0.27895
0.21947
0.14997
0.08182
0.00000
0.00000
0.00000
0.00000
0.00000
0.00000
0.00000
0.00000
0.00000
0.00000
0.00000
0.00000
0.03825
0.12703
0.23722
0.35075
0.44901
0.51589
0.54044
0.51862
0.45402
0.35722
0.24409
0.13318
0.00000
0.00000
0.00000
0.00000
0.00000
0.00000
0.00000
0.00000
0.00000
0.00000
0.00000
0.00000
0.03021
0.10031
0.18732
0.27697
0.35456
0.40738
0.42676
0.40953
0.35852
0.28208
0.19275
0.10517
0.00000
0.00000
0.00000
0.00000
0.00000
0.00000
0.00000
0.00000
0.00000
0.00000
0.00000
0.00000
0.03950
0.13118
0.24496
0.36220
0.46367
0.53274
0.55808
0.53556
0.46884
0.36888
0.25206
0.13753
0.00000
0.00000
0.00000
0.00000
0.00000
0.00000
0.00000
0.00000
0.00000
0.00000
0.00000
0.00000
0.04344
0.14425
0.26938
0.39830
0.50988
0.58583
0.61371
0.58893
0.51557
0.40565
0.27718
0.15124
0.00000
0.00000
0.00000
0.00000
0.00000
0.00000
0.00000
0.00000
0.00000
0.00000
0.00000
0.00000
0.05046
0.16759
0.31295
0.46272
0.59234
0.68058
0.71296
0.68418
0.59896
0.47126
0.32201
0.17570
0.00000
0.00000
0.00000
0.00000
0.00000
0.00000
0.00000
0.00000
0.00000
0.00000
0.00000
0.00000
0.03521
0.12959
0.25117
0.37950
0.49299
0.57253
0.60474
0.58420
0.51438
0.40701
0.28016
0.15518
0.00000
0.00000
0.00000
0.00000
0.00000
0.00000
0.00000
0.00000
0.00000
0.00000
0.00000
0.00000
0.03418
0.12581
0.24384
0.36843
0.47860
0.55582
0.58709
0.56716
0.49937
0.39513
0.27199
0.15066
0.00000
0.00000
0.00000
0.00000
0.00000
0.00000
0.00000
0.00000
0.00000
0.00000
0.00000
0.00000
0.04318
0.15891
0.30800
0.46537
0.60453
0.70207
0.74157
0.71639
0.63076
0.49909
0.34355
0.19030
0.00000
0.00000
0.00000
0.00000
0.00000
0.00000
0.00000
0.00000
0.00000
0.00000
0.00000
0.00000
0.04081
0.15021
0.29114
0.43989
0.57143
0.66363
0.70096
0.67716
0.59622
0.47177
0.32474
0.17988
0.00000
0.00000
0.00000
0.00000
0.00000
0.00000
0.00000
0.00000
0.00000
0.00000
0.00000
0.00000
0.03228
0.11881
0.23029
0.34795
0.45199
0.52492
0.55446
0.53563
0.47161
0.37316
0.25686
0.14228
0.00000
0.00000
0.00000
0.00000
0.00000
0.00000
0.00000
0.00000
0.00000
0.00000
0.00000
0.00000
0.02747
0.10108
0.19592
0.29602
0.38454
0.44658
0.47171
0.45569
0.40122
0.31747
0.21853
0.12105
0.00000
0.00000
0.00000
0.00000
0.00000
0.00000
0.00000
0.00000
0.00000
0.00000
0.00000
0.00000
0.03175
0.11686
0.22649
0.34222
0.44455
0.51628
0.54532
0.52681
0.46384
0.36702
0.25263
0.13994
0.00000
0.00000
0.00000
0.00000
0.00000
0.00000
0.00000
0.00000
0.00000
0.00000
0.00000
0.00000
0.02744
0.10101
0.19577
0.29580
0.38425
0.44625
0.47136
0.45535
0.40093
0.31724
0.21837
0.12096
0.00000
0.00000
0.00000
0.00000
0.00000
0.00000
0.00000
0.00000
0.00000
0.00000
0.00000
0.00000
0.03768
0.13866
0.26876
0.40607
0.52750
0.61261
0.64708
0.62510
0.55039
0.43550
0.29977
0.16605
0.00000
0.00000
0.00000
0.00000
0.00000
0.00000
0.00000
0.00000
0.00000
0.00000
0.00000
0.00000
0.04381
0.16122
0.31248
0.47213
0.61332
0.71227
0.75235
0.72680
0.63993
0.50635
0.34854
0.19306
0.00000
0.00000
0.00000
0.00000
0.00000
0.00000
0.00000
0.00000
0.00000
0.00000
0.00000
0.00000
0.03262
0.12006
0.23271
0.35161
0.45675
0.53045
0.56029
0.54127
0.47657
0.37709
0.25957
0.14378
0.00000
0.00000
0.00000
0.00000
0.00000
0.00000
0.00000
0.00000
0.00000
0.00000
0.00000
0.00000
0.03033
0.11162
0.21634
0.32687
0.42462
0.49313
0.52088
0.50319
0.44304
0.35056
0.24131
0.13366
0.00000
0.00000
0.00000
0.00000
0.00000
0.00000
0.00000
0.00000
0.00000
0.00000
0.00000
0.00000
0.03675
0.13524
0.26213
0.39607
0.51450
0.59752
0.63113
0.60970
0.53683
0.42477
0.29239
0.16196
0.00000
0.00000
0.00000
0.00000
0.00000
0.00000
0.00000
0.00000
0.00000
0.00000
0.00000
0.00000
0.02580
0.09496
0.18406
0.27811
0.36127
0.41956
0.44316
0.42811
0.37694
0.29826
0.20531
0.11372
0.00000
0.00000
0.00000
0.00000
0.00000
0.00000
0.00000
0.00000
0.00000
0.00000
0.00000
0.00000
0.04023
0.14805
0.28695
0.43356
0.56321
0.65408
0.69088
0.66742
0.58765
0.46498
0.32007
0.17729
0.00000
0.00000
0.00000
0.00000
0.00000
0.00000
0.00000
0.00000
0.00000
0.00000
0.00000
0.00000
0.03722
0.13697
0.26548
0.40112
0.52107
0.60515
0.63919
0.61749
0.54368
0.43019
0.29612
0.16403
0.00000
0.00000
0.00000
0.00000
0.00000
0.00000
0.00000
0.00000
0.00000
0.00000
0.00000
0.00000
0.02458
0.09045
0.17532
0.26489
0.34410
0.39962
0.42210
0.40777
0.35903
0.28409
0.19555
0.10832
0.00000
0.00000
0.00000
0.00000
0.00000
0.00000
0.00000
0.00000
0.00000
0.00000
0.00000
0.00000
0.04621
0.17006
0.32962
0.49804
0.64697
0.75135
0.79363
0.76668
0.67504
0.53413
0.36767
0.20365
0.00000
0.00000
0.00000
0.00000
0.00000
0.00000
0.00000
0.00000
0.00000
0.00000
0.00000
0.00000
0.04167
0.15335
0.29723
0.44909
0.58339
0.67751
0.71563
0.69133
0.60870
0.48164
0.33153
0.18364
0.00000
0.00000
0.00000
0.00000
0.00000
0.00000
0.00000
0.00000
0.00000
0.00000
0.00000
0.00000
0.02984
0.10982
0.21287
0.32162
0.41780
0.48521
0.51251
0.49511
0.43593
0.34493
0.23743
0.13152
0.00000
0.00000
0.00000
0.00000
0.00000
0.00000
0.00000
0.00000
0.00000
0.00000
0.00000
0.00000
0.03452
0.12705
0.24625
0.37206
0.48332
0.56130
0.59288
0.57275
0.50429
0.39902
0.27467
0.15214
0.00000
0.00000
0.00000
0.00000
0.00000
0.00000
0.00000
0.00000
0.00000
0.00000
0.00000
0.00000
0.02835
0.10432
0.20221
0.30552
0.39688
0.46091
0.48685
0.47031
0.41410
0.32766
0.22554
0.12493
0.00000
0.00000
0.00000
0.00000
0.00000
0.00000
0.00000
0.00000
0.00000
0.00000
0.00000
0.00000
0.02785
0.10249
0.19864
0.30014
0.38989
0.45279
0.47827
0.46203
0.40680
0.32189
0.22157
0.12273
0.00000
0.00000
0.00000
0.00000
0.00000
0.00000
0.00000
0.00000
0.00000
0.00000
0.00000
0.00000
0.02981
0.10970
0.21262
0.32126
0.41732
0.48466
0.51192
0.49454
0.43543
0.34454
0.23716
0.13137
0.00000
0.00000
0.00000
0.00000
0.00000
0.00000
0.00000
0.00000
0.00000
0.00000
0.00000
0.00000
0.03865
0.14226
0.27573
0.41661
0.54120
0.62851
0.66388
0.64133
0.56468
0.44681
0.30756
0.17036
0.00000
0.00000
0.00000
0.00000
0.00000
0.00000
0.00000
0.00000
0.00000
0.00000
0.00000
0.00000
0.03480
0.12806
0.24822
0.37504
0.48719
0.56580
0.59763
0.57734
0.50833
0.40222
0.27687
0.15336
0.00000
0.00000
0.00000
0.00000
0.00000
0.00000
0.00000
0.00000
0.00000
0.00000
0.00000
0.00000
0.03812
0.14029
0.27191
0.41084
0.53370
0.61981
0.65468
0.63245
0.55685
0.44062
0.30330
0.16800
0.00000
0.00000
0.00000
0.00000
0.00000
0.00000
0.00000
0.00000
0.00000
0.00000
0.00000
0.00000
0.03752
0.13810
0.26766
0.40442
0.52535
0.61011
0.64444
0.62256
0.54815
0.43373
0.29855
0.16537
0.00000
0.00000
0.00000
0.00000
0.00000
0.00000
0.00000
0.00000
0.00000
0.00000
0.00000
0.00000
0.02011
0.07402
0.14346
0.21676
0.28158
0.32701
0.34541
0.33368
0.29380
0.23247
0.16002
0.08864
0.00000
0.00000
0.00000
0.00000
0.00000
0.00000
0.00000
0.00000
0.00000
0.00000
0.00000
0.00000
0.03099
0.11405
0.22106
0.33401
0.43389
0.50390
0.53225
0.51418
0.45272
0.35822
0.24658
0.13658
0.00000
0.00000
0.00000
0.00000
0.00000
0.00000
0.00000
0.00000
0.00000
0.00000
0.00000
0.00000
0.03751
0.13805
0.26757
0.40428
0.52518
0.60991
0.64423
0.62235
0.54796
0.43358
0.29845
0.16532
0.00000
0.00000
0.00000
0.00000
0.00000
