0.00000
0.00000
0.00000
0.00000
0.00000
0.00000
0.00000
0.04051
0.14035
0.28102
0.43776
0.58301
0.69120
0.74331
0.73016
0.65407
0.52843
0.37533
0.22172
0.00000
0.00000
0.00000
0.00000
0.00000
0.00000
0.00000
0.00000
0.00000
0.00000
0.00000
0.00000
0.03697
0.12810
0.25648
0.39953
0.53209
0.63084
0.67839
0.66639
0.59695
0.48228
0.34255
0.20236
0.00000
0.00000
0.00000
0.00000
0.00000
0.00000
0.00000
0.00000
0.00000
0.00000
0.00000
0.00000
0.04245
0.14708
0.29450
0.45876
0.61097
0.72435
0.77896
0.76518
0.68544
0.55377
0.39334
0.23236
0.00000
0.00000
0.00000
0.00000
0.00000
0.00000
0.00000
0.00000
0.00000
0.00000
0.00000
0.00000
0.04174
0.14462
0.28956
0.45107
0.60073
0.71221
0.76590
0.75235
0.67395
0.54449
0.38674
0.22846
0.00000
0.00000
0.00000
0.00000
0.00000
0.00000
0.00000
0.00000
0.00000
0.00000
0.00000
0.00000
0.04051
0.14035
0.28101
0.43776
0.58300
0.69119
0.74329
0.73014
0.65406
0.52842
0.37533
0.22172
0.00000
0.00000
0.00000
0.00000
0.00000
0.00000
0.00000
0.00000
0.00000
0.00000
0.00000
0.00000
0.03309
0.11464
0.22953
0.35755
0.47618
0.56455
0.60711
0.59637
0.53422
0.43160
0.30656
0.18110
0.00000
0.00000
0.00000
0.00000
0.00000
0.00000
0.00000
0.00000
0.00000
0.00000
0.00000
0.00000
0.01801
0.06239
0.12492
0.19460
0.25916
0.30726
0.33042
0.32457
0.29075
0.23490
0.16685
0.09856
0.00000
0.00000
0.00000
0.00000
0.00000
0.00000
0.00000
0.00000
0.00000
0.00000
0.00000
0.00000
0.04061
0.14069
0.28170
0.43883
0.58443
0.69288
0.74511
0.73193
0.65566
0.52971
0.37625
0.22226
0.00000
0.00000
0.00000
0.00000
0.00000
0.00000
0.00000
0.00000
0.00000
0.00000
0.00000
0.00000
0.04188
0.14509
0.29051
0.45255
0.60270
0.71455
0.76841
0.75482
0.67616
0.54627
0.38801
0.22921
0.00000
0.00000
0.00000
0.00000
0.00000
0.00000
0.00000
0.00000
0.00000
0.00000
0.00000
0.00000
0.04286
0.14850
0.29733
0.46318
0.61685
0.73133
0.78646
0.77254
0.69204
0.55910
0.39712
0.23460
0.00000
0.00000
0.00000
0.00000
0.00000
0.00000
0.00000
0.00000
0.00000
0.00000
0.00000
0.00000
0.03461
0.11993
0.24013
0.37407
0.49818
0.59063
0.63515
0.62391
0.55890
0.45154
0.32072
0.18946
0.00000
0.00000
0.00000
0.00000
0.00000
0.00000
0.00000
0.00000
0.00000
0.00000
0.00000
0.00000
0.03504
0.12140
0.24307
0.37865
0.50428
0.59786
0.64293
0.63156
0.56574
0.45707
0.32465
0.19178
0.00000
0.00000
0.00000
0.00000
0.00000
0.00000
0.00000
0.00000
0.00000
0.00000
0.00000
0.00000
0.04434
0.15363
0.30760
0.47917
0.63815
0.75658
0.81361
0.79922
0.71594
0.57841
0.41084
0.24270
0.00000
0.00000
0.00000
0.00000
0.00000
0.00000
0.00000
0.00000
0.00000
0.00000
0.00000
0.00000
0.01838
0.06369
0.12752
0.19865
0.26456
0.31366
0.33730
0.33134
0.29681
0.23979
0.17032
0.10062
0.00000
0.00000
0.00000
0.00000
0.00000
0.00000
0.00000
0.00000
0.00000
0.00000
0.00000
0.00000
0.02996
0.10379
0.20782
0.32373
0.43114
0.51115
0.54968
0.53995
0.48369
0.39077
0.27756
0.16397
0.00000
0.00000
0.00000
0.00000
0.00000
0.00000
0.00000
0.00000
0.00000
0.00000
0.00000
0.00000
0.03802
0.13173
0.26376
0.41087
0.54720
0.64874
0.69765
0.68531
0.61389
0.49597
0.35228
0.20810
0.00000
0.00000
0.00000
0.00000
0.00000
0.00000
0.00000
0.00000
0.00000
0.00000
0.00000
0.00000
0.03924
0.13596
0.27223
0.42406
0.56476
0.66957
0.72004
0.70731
0.63360
0.51189
0.36359
0.21479
0.00000
0.00000
0.00000
0.00000
0.00000
0.00000
0.00000
0.00000
0.00000
0.00000
0.00000
0.00000
0.04807
0.16657
0.33351
0.51953
0.69191
0.82031
0.88215
0.86654
0.77624
0.62713
0.44544
0.26314
0.00000
0.00000
0.00000
0.00000
0.00000
0.00000
0.00000
0.00000
0.00000
0.00000
0.00000
0.00000
0.03551
0.12303
0.24634
0.38373
0.51105
0.60589
0.65156
0.64004
0.57334
0.46321
0.32901
0.19436
0.00000
0.00000
0.00000
0.00000
0.00000
0.00000
0.00000
0.00000
0.00000
0.00000
0.00000
0.00000
0.04238
0.14683
0.29399
0.45797
0.60992
0.72311
0.77762
0.76386
0.68426
0.55282
0.39266
0.23196
0.00000
0.00000
0.00000
0.00000
0.00000
0.00000
0.00000
0.00000
0.00000
0.00000
0.00000
0.00000
0.04023
0.13938
0.27907
0.43472
0.57895
0.68639
0.73814
0.72508
0.64952
0.52475
0.37272
0.22018
0.00000
0.00000
0.00000
0.00000
0.00000
0.00000
0.00000
0.00000
0.00000
0.00000
0.00000
0.00000
0.04292
0.14872
0.29777
0.46385
0.61775
0.73239
0.78760
0.77367
0.69304
0.55991
0.39770
0.23494
0.00000
0.00000
0.00000
0.00000
0.00000
0.00000
0.00000
0.00000
0.00000
0.00000
0.00000
0.00000
0.03454
0.11966
0.23960
0.37324
0.49707
0.58932
0.63374
0.62253
0.55766
0.45053
0.32001
0.18904
0.00000
0.00000
0.00000
0.00000
0.00000
0.00000
0.00000
0.00000
0.00000
0.00000
0.00000
0.00000
0.03298
0.11428
0.22882
0.35645
0.47471
0.56281
0.60523
0.59453
0.53257
0.43027
0.30561
0.18054
0.00000
0.00000
0.00000
0.00000
0.00000
0.00000
0.00000
0.00000
0.00000
0.00000
0.00000
0.00000
0.03331
0.11540
0.23107
0.35995
0.47938
0.56834
0.61118
0.60037
0.53781
0.43450
0.30862
0.18231
0.00000
0.00000
0.00000
0.00000
0.00000
0.00000
0.00000
0.00000
0.00000
0.00000
0.00000
0.00000
0.04064
0.14080
0.28192
0.43916
0.58487
0.69341
0.74568
0.73249
0.65616
0.53011
0.37653
0.22243
0.00000
0.00000
0.00000
0.00000
0.00000
0.00000
0.00000
0.00000
0.00000
0.00000
0.00000
0.00000
0.02837
0.09830
0.19683
0.30661
0.40834
0.48412
0.52061
0.51140
0.45811
0.37011
0.26288
0.15530
0.00000
0.00000
0.00000
0.00000
0.00000
0.00000
0.00000
0.00000
0.00000
0.00000
0.00000
0.00000
0.04559
0.15797
0.31629
0.49271
0.65618
0.77795
0.83660
0.82180
0.73616
0.59475
0.42244
0.24955
0.00000
0.00000
0.00000
0.00000
0.00000
0.00000
0.00000
0.00000
0.00000
0.00000
0.00000
0.00000
0.03662
0.12688
0.25405
0.39576
0.52706
0.62487
0.67198
0.66009
0.59131
0.47772
0.33932
0.20045
0.00000
0.00000
0.00000
0.00000
0.00000
0.00000
0.00000
0.00000
0.00000
0.00000
0.00000
0.00000
0.03653
0.12656
0.25340
0.39474
0.52571
0.62327
0.67026
0.65840
0.58979
0.47649
0.33845
0.19993
0.00000
0.00000
0.00000
0.00000
0.00000
0.00000
0.00000
0.00000
0.00000
0.00000
0.00000
0.00000
0.04197
0.14541
0.29115
0.45354
0.60402
0.71611
0.77010
0.75647
0.67764
0.54747
0.38886
0.22972
0.00000
0.00000
0.00000
0.00000
0.00000
0.00000
0.00000
0.00000
0.00000
0.00000
0.00000
0.00000
0.00592
0.11969
0.25325
0.38848
0.50701
0.59275
0.63404
0.62529
0.56768
0.46903
0.34275
0.20597
0.07728
0.00000
0.00000
0.00000
0.00000
0.00000
0.00000
0.00000
0.00000
0.00000
0.00000
0.00000
0.00696
0.14069
0.29769
0.45666
0.59599
0.69676
0.74530
0.73502
0.66730
0.55134
0.40289
0.24212
0.09084
0.00000
0.00000
0.00000
0.00000
0.00000
0.00000
0.00000
0.00000
0.00000
0.00000
0.00000
0.00708
0.14309
0.30277
0.46444
0.60614
0.70864
0.75801
0.74755
0.67867
0.56074
0.40976
0.24624
0.09239
0.00000
0.00000
0.00000
0.00000
0.00000
0.00000
0.00000
0.00000
0.00000
0.00000
0.00000
0.00774
0.15639
0.33093
0.50764
0.66252
0.77455
0.82851
0.81708
0.74180
0.61289
0.44787
0.26915
0.10099
0.00000
0.00000
0.00000
0.00000
0.00000
0.00000
0.00000
0.00000
0.00000
0.00000
0.00000
0.00783
0.15839
0.33515
0.51411
0.67097
0.78443
0.83908
0.82750
0.75126
0.62071
0.45359
0.27258
0.10227
0.00000
0.00000
0.00000
0.00000
0.00000
0.00000
0.00000
0.00000
0.00000
0.00000
0.00000
0.00765
0.15473
0.32741
0.50224
0.65548
0.76632
0.81970
0.80839
0.73391
0.60637
0.44311
0.26629
0.09991
0.00000
0.00000
0.00000
0.00000
0.00000
0.00000
0.00000
0.00000
0.00000
0.00000
0.00000
0.00704
0.14230
0.30111
0.46190
0.60283
0.70476
0.75386
0.74345
0.67495
0.55767
0.40752
0.24490
0.09189
0.00000
0.00000
0.00000
0.00000
0.00000
0.00000
0.00000
0.00000
0.00000
0.00000
0.00000
0.00559
0.11306
0.23923
0.36698
0.47895
0.55994
0.59894
0.59068
0.53625
0.44307
0.32377
0.19457
0.07300
0.00000
0.00000
0.00000
0.00000
0.00000
0.00000
0.00000
0.00000
0.00000
0.00000
0.00000
0.00473
0.09566
0.20242
0.31051
0.40524
0.47377
0.50677
0.49978
0.45373
0.37489
0.27395
0.16463
0.06177
0.00000
0.00000
0.00000
0.00000
0.00000
0.00000
0.00000
0.00000
0.00000
0.00000
0.00000
0.00730
0.14751
0.31214
0.47881
0.62490
0.73057
0.78147
0.77068
0.69967
0.57809
0.42244
0.25387
0.09525
0.00000
0.00000
0.00000
0.00000
0.00000
0.00000
0.00000
0.00000
0.00000
0.00000
0.00000
0.00697
0.14099
0.29834
0.45764
0.59727
0.69827
0.74691
0.73660
0.66874
0.55253
0.40376
0.24264
0.09104
0.00000
0.00000
0.00000
0.00000
0.00000
0.00000
0.00000
0.00000
0.00000
0.00000
0.00000
0.00667
0.13494
0.28553
0.43800
0.57164
0.66830
0.71485
0.70499
0.64003
0.52881
0.38643
0.23223
0.08713
0.00000
0.00000
0.00000
0.00000
0.00000
0.00000
0.00000
0.00000
0.00000
0.00000
0.00000
0.00618
0.12500
0.26449
0.40572
0.52951
0.61905
0.66218
0.65304
0.59287
0.48985
0.35796
0.21511
0.08071
0.00000
0.00000
0.00000
0.00000
0.00000
0.00000
0.00000
0.00000
0.00000
0.00000
0.00000
0.00758
0.15321
0.32420
0.49731
0.64905
0.75880
0.81166
0.80046
0.72671
0.60043
0.43876
0.26367
0.09893
0.00000
0.00000
0.00000
0.00000
0.00000
0.00000
0.00000
0.00000
0.00000
0.00000
0.00000
0.00660
0.13352
0.28253
0.43340
0.56563
0.66128
0.70735
0.69758
0.63331
0.52326
0.38237
0.22979
0.08622
0.00000
0.00000
0.00000
0.00000
0.00000
0.00000
0.00000
0.00000
0.00000
0.00000
0.00000
0.00678
0.13714
0.29019
0.44514
0.58096
0.67919
0.72651
0.71648
0.65047
0.53744
0.39273
0.23601
0.08855
0.00000
0.00000
0.00000
0.00000
0.00000
0.00000
0.00000
0.00000
0.00000
0.00000
0.00000
0.00615
0.12429
0.26300
0.40343
0.52653
0.61556
0.65844
0.64935
0.58953
0.48708
0.35594
0.21390
0.08026
0.00000
0.00000
0.00000
0.00000
0.00000
0.00000
0.00000
0.00000
0.00000
0.00000
0.00000
0.00618
0.12503
0.26456
0.40583
0.52965
0.61921
0.66235
0.65320
0.59302
0.48997
0.35805
0.21517
0.08073
0.00000
0.00000
0.00000
0.00000
0.00000
0.00000
0.00000
0.00000
0.00000
0.00000
0.00000
0.00658
0.13310
0.28163
0.43201
0.56383
0.65917
0.70509
0.69536
0.63129
0.52159
0.38115
0.22905
0.08594
0.00000
0.00000
0.00000
0.00000
0.00000
0.00000
0.00000
0.00000
0.00000
0.00000
0.00000
0.00512
0.10354
0.21908
0.33607
0.43861
0.51277
0.54850
0.54092
0.49109
0.40575
0.29650
0.17818
0.06686
0.00000
0.00000
0.00000
0.00000
0.00000
0.00000
0.00000
0.00000
0.00000
0.00000
0.00000
0.00631
0.12760
0.27000
0.41418
0.54055
0.63196
0.67598
0.66665
0.60523
0.50006
0.36542
0.21960
0.08239
0.00000
0.00000
0.00000
0.00000
0.00000
0.00000
0.00000
0.00000
0.00000
0.00000
0.00000
0.00648
0.13103
0.27725
0.42530
0.55506
0.64892
0.69413
0.68455
0.62148
0.51348
0.37523
0.22549
0.08461
0.00000
0.00000
0.00000
0.00000
0.00000
0.00000
0.00000
0.00000
0.00000
0.00000
0.00000
0.00742
0.15007
0.31754
0.48709
0.63571
0.74321
0.79498
0.78401
0.71177
0.58809
0.42975
0.25826
0.09690
0.00000
0.00000
0.00000
0.00000
0.00000
0.00000
0.00000
0.00000
0.00000
0.00000
0.00000
0.00580
0.11726
0.24812
0.38061
0.49674
0.58073
0.62119
0.61261
0.55617
0.45952
0.33580
0.20180
0.07572
0.00000
0.00000
0.00000
0.00000
0.00000
0.00000
0.00000
0.00000
0.00000
0.00000
0.00000
0.00704
0.14232
0.30115
0.46195
0.60290
0.70484
0.75395
0.74354
0.67503
0.55773
0.40756
0.24492
0.09190
0.00000
0.00000
0.00000
0.00000
0.00000
0.00000
0.00000
0.00000
0.00000
0.00000
0.00000
0.00712
0.14401
0.30472
0.46744
0.61006
0.71322
0.76291
0.75238
0.68306
0.56436
0.41241
0.24784
0.09299
0.00000
0.00000
0.00000
0.00000
0.00000
0.00000
0.00000
0.00000
0.00000
0.00000
0.00000
0.00726
0.14673
0.31049
0.47628
0.62160
0.72671
0.77734
0.76661
0.69597
0.57503
0.42021
0.25252
0.09475
0.00000
0.00000
0.00000
0.00000
0.00000
0.00000
0.00000
0.00000
0.00000
0.00000
0.00000
0.00757
0.15310
0.32396
0.49695
0.64857
0.75824
0.81106
0.79987
0.72617
0.59998
0.43844
0.26348
0.09886
0.00000
0.00000
0.00000
0.00000
0.00000
0.00000
0.00000
0.00000
0.00000
0.00000
0.00384
0.03673
0.11245
0.21778
0.33432
0.44171
0.52120
0.55890
0.54823
0.49105
0.39734
0.28349
0.16936
0.07491
0.00000
0.00000
0.00000
0.00000
0.00000
0.00000
0.00000
0.00000
0.00000
0.00000
0.00467
0.04462
0.13662
0.26458
0.40616
0.53662
0.63319
0.67899
0.66603
0.59656
0.48272
0.34440
0.20576
0.09100
0.00000
0.00000
0.00000
0.00000
0.00000
0.00000
0.00000
0.00000
0.00000
0.00000
0.00543
0.05199
0.15916
0.30824
0.47318
0.62517
0.73767
0.79103
0.77593
0.69500
0.56238
0.40123
0.23971
0.10602
0.00000
0.00000
0.00000
0.00000
0.00000
0.00000
0.00000
0.00000
0.00000
0.00000
0.00602
0.05761
0.17638
0.34158
0.52437
0.69280
0.81748
0.87661
0.85987
0.77018
0.62322
0.44464
0.26564
0.11749
0.00000
0.00000
0.00000
0.00000
0.00000
0.00000
0.00000
0.00000
0.00000
0.00000
0.00551
0.05273
0.16145
0.31267
0.47999
0.63417
0.74829
0.80242
0.78709
0.70500
0.57047
0.40701
0.24316
0.10754
0.00000
0.00000
0.00000
0.00000
0.00000
0.00000
0.00000
0.00000
0.00000
0.00000
0.00592
0.05665
0.17343
0.33588
0.51561
0.68123
0.80382
0.86196
0.84551
0.75732
0.61281
0.43721
0.26120
0.11553
0.00000
0.00000
0.00000
0.00000
0.00000
0.00000
0.00000
0.00000
0.00000
0.00000
0.00564
0.05396
0.16520
0.31994
0.49114
0.64890
0.76568
0.82106
0.80538
0.72138
0.58373
0.41646
0.24881
0.11004
0.00000
0.00000
0.00000
0.00000
0.00000
0.00000
0.00000
0.00000
0.00000
0.00000
0.00554
0.05300
0.16225
0.31422
0.48237
0.63731
0.75200
0.80640
0.79100
0.70850
0.57330
0.40903
0.24436
0.10808
0.00000
0.00000
0.00000
0.00000
0.00000
0.00000
0.00000
0.00000
0.00000
0.00000
0.00511
0.04889
0.14968
0.28987
0.44499
0.58793
0.69373
0.74391
0.72970
0.65360
0.52888
0.37733
0.22543
0.09970
0.00000
0.00000
0.00000
0.00000
0.00000
0.00000
0.00000
0.00000
0.00000
0.00000
0.00334
0.03196
0.09785
0.18951
0.29091
0.38436
0.45353
0.48633
0.47704
0.42729
0.34575
0.24668
0.14737
0.06518
0.00000
0.00000
0.00000
0.00000
0.00000
0.00000
0.00000
0.00000
0.00000
0.00000
0.00546
0.05226
0.15999
0.30984
0.47564
0.62842
0.74151
0.79515
0.77996
0.69861
0.56530
0.40332
0.24096
0.10657
0.00000
0.00000
0.00000
0.00000
0.00000
0.00000
0.00000
0.00000
0.00000
0.00000
0.00569
0.05441
0.16659
0.32262
0.49526
0.65434
0.77209
0.82794
0.81213
0.72743
0.58862
0.41996
0.25089
0.11097
0.00000
0.00000
0.00000
0.00000
0.00000
0.00000
0.00000
0.00000
0.00000
0.00000
0.00589
0.05630
0.17237
0.33382
0.51245
0.67706
0.79889
0.85668
0.84032
0.75268
0.60905
0.43453
0.25960
0.11482
0.00000
0.00000
0.00000
0.00000
0.00000
0.00000
0.00000
0.00000
0.00000
0.00000
0.00509
0.04868
0.14903
0.28861
0.44305
0.58536
0.69070
0.74066
0.72652
0.65074
0.52657
0.37568
0.22445
0.09927
0.00000
0.00000
0.00000
0.00000
0.00000
0.00000
0.00000
0.00000
0.00000
0.00000
0.00372
0.03557
0.10890
0.21091
0.32377
0.42777
0.50475
0.54126
0.53092
0.47555
0.38480
0.27454
0.16402
0.07254
0.00000
0.00000
0.00000
0.00000
0.00000
0.00000
0.00000
0.00000
0.00000
0.00000
0.00574
0.05489
0.16806
0.32547
0.49963
0.66012
0.77891
0.83525
0.81930
0.73384
0.59381
0.42366
0.25311
0.11194
0.00000
0.00000
0.00000
0.00000
0.00000
0.00000
0.00000
0.00000
0.00000
0.00000
0.00427
0.04088
0.12516
0.24239
0.37210
0.49163
0.58010
0.62206
0.61018
0.54654
0.44225
0.31552
0.18850
0.08337
0.00000
0.00000
0.00000
0.00000
0.00000
0.00000
0.00000
0.00000
0.00000
0.00000
0.00575
0.05498
0.16833
0.32599
0.50043
0.66118
0.78016
0.83660
0.82062
0.73503
0.59477
0.42434
0.25352
0.11213
0.00000
0.00000
0.00000
0.00000
0.00000
0.00000
0.00000
0.00000
0.00000
0.00000
0.00583
0.05579
0.17081
0.33081
0.50782
0.67095
0.79169
0.84895
0.83274
0.74589
0.60356
0.43061
0.25726
0.11378
0.00000
0.00000
0.00000
0.00000
0.00000
0.00000
0.00000
0.00000
0.00000
0.00000
0.00527
0.05043
0.15439
0.29900
0.45899
0.60643
0.71556
0.76732
0.75267
0.67416
0.54552
0.38921
0.23252
0.10284
0.00000
0.00000
0.00000
0.00000
0.00000
0.00000
0.00000
0.00000
0.00000
0.00000
0.00563
0.05387
0.16491
0.31938
0.49028
0.64777
0.76434
0.81962
0.80397
0.72012
0.58270
0.41573
0.24837
0.10985
0.00000
0.00000
0.00000
0.00000
0.00000
0.00000
0.00000
0.00000
0.00000
0.00000
0.00564
0.05394
0.16514
0.31981
0.49094
0.64865
0.76537
0.82074
0.80506
0.72109
0.58350
0.41630
0.24871
0.11000
0.00000
0.00000
0.00000
0.00000
0.00000
0.00000
0.00000
0.00000
0.00000
0.00000
0.00441
0.04219
0.12918
0.25017
0.38404
0.50741
0.59872
0.64203
0.62977
0.56408
0.45644
0.32565
0.19456
0.08605
0.00000
0.00000
0.00000
0.00000
0.00000
0.00000
0.00000
0.00000
0.00000
0.00000
0.00566
0.05416
0.16582
0.32112
0.49296
0.65131
0.76852
0.82411
0.80837
0.72406
0.58589
0.41801
0.24973
0.11045
0.00000
0.00000
0.00000
0.00000
0.00000
0.00000
0.00000
0.00000
0.00000
0.00000
0.00581
0.05555
0.17006
0.32935
0.50559
0.66799
0.78820
0.84521
0.82907
0.74260
0.60090
0.42872
0.25613
0.11328
0.00000
0.00000
0.00000
0.00000
0.00000
0.00000
0.00000
0.00000
0.00000
0.00000
0.00467
0.04463
0.13665
0.26464
0.40625
0.53674
0.63333
0.67914
0.66617
0.59669
0.48283
0.34448
0.20580
0.09102
0.00000
0.00000
0.00000
0.00000
0.00000
0.00000
0.00000
0.00000
0.00000
0.00000
0.00517
0.04946
0.15141
0.29323
0.45014
0.59474
0.70176
0.75253
0.73816
0.66117
0.53500
0.38170
0.22804
0.10086
0.00000
0.00000
0.00000
0.00000
0.00000
0.00000
0.00000
0.00000
0.00000
0.00000
0.00420
0.04015
0.12293
0.23807
0.36547
0.48287
0.56976
0.61097
0.59931
0.53680
0.43437
0.30990
0.18515
0.08189
0.00000
0.00000
0.00000
0.00000
0.00000
0.00000
0.00000
0.00000
0.00000
0.00000
0.00479
0.04584
0.14035
0.27181
0.41725
0.55129
0.65049
0.69754
0.68422
0.61286
0.49591
0.35381
0.21138
0.09349
0.00000
0.00000
0.00000
0.00000
0.00000
0.00000
0.00000
0.00000
0.00000
0.00000
0.00500
0.04786
0.14654
0.28379
0.43565
0.57559
0.67917
0.72829
0.71439
0.63988
0.51778
0.36941
0.22070
0.09761
0.00000
0.00000
0.00000
0.00000
0.00000
0.00000
0.00000
0.00000
0.00000
0.00000
0.00241
0.02307
0.07063
0.13678
0.20997
0.27742
0.32735
0.35102
0.34432
0.30841
0.24956
0.17805
0.10637
0.04705
0.00000
0.00000
0.00000
0.00000
0.00000
0.00000
0.00000
0.00000
0.00000
0.00000
0.00000
0.03569
0.11377
0.21944
0.33495
0.44090
0.51949
0.55753
0.54862
0.49426
0.40358
0.29182
0.17774
0.00000
0.00000
0.00000
0.00000
0.00000
0.00000
0.00000
0.00000
0.00000
0.00000
0.00000
0.00000
0.02543
0.08107
0.15636
0.23867
0.31416
0.37016
0.39726
0.39091
0.35218
0.28757
0.20793
0.12664
0.00000
0.00000
0.00000
0.00000
0.00000
0.00000
0.00000
0.00000
0.00000
0.00000
0.00000
0.00000
0.01645
0.05245
0.10116
0.15441
0.20326
0.23949
0.25702
0.25291
0.22786
0.18605
0.13453
0.08194
0.00000
0.00000
0.00000
0.00000
0.00000
0.00000
0.00000
0.00000
0.00000
0.00000
0.00000
0.00000
0.03270
0.10425
0.20107
0.30691
0.40398
0.47599
0.51084
0.50268
0.45287
0.36979
0.26738
0.16285
0.00000
0.00000
0.00000
0.00000
0.00000
0.00000
0.00000
0.00000
0.00000
0.00000
0.00000
0.00000
0.04808
0.15327
0.29563
0.45124
0.59397
0.69985
0.75109
0.73909
0.66586
0.54370
0.39313
0.23944
0.00000
0.00000
0.00000
0.00000
0.00000
0.00000
0.00000
0.00000
0.00000
0.00000
0.00000
0.00000
0.03860
0.12307
0.23738
0.36233
0.47694
0.56195
0.60309
0.59346
0.53466
0.43657
0.31567
0.19226
0.00000
0.00000
0.00000
0.00000
0.00000
0.00000
0.00000
0.00000
0.00000
0.00000
0.00000
0.00000
0.03343
0.10659
0.20559
0.31381
0.41307
0.48670
0.52233
0.51399
0.46306
0.37811
0.27340
0.16652
0.00000
0.00000
0.00000
0.00000
0.00000
0.00000
0.00000
0.00000
0.00000
0.00000
0.00000
0.00000
0.02784
0.08877
0.17122
0.26135
0.34402
0.40534
0.43502
0.42807
0.38565
0.31490
0.22770
0.13868
0.00000
0.00000
0.00000
0.00000
0.00000
0.00000
0.00000
0.00000
0.00000
0.00000
0.00000
0.00000
0.04200
0.13389
0.25824
0.39417
0.51885
0.61134
0.65609
0.64561
0.58164
0.47494
0.34341
0.20916
0.00000
0.00000
0.00000
0.00000
0.00000
0.00000
0.00000
0.00000
0.00000
0.00000
0.00000
0.00000
0.05194
0.16559
0.31938
0.48750
0.64169
0.75608
0.81143
0.79847
0.71935
0.58738
0.42472
0.25868
0.00000
0.00000
0.00000
0.00000
0.00000
0.00000
0.00000
0.00000
0.00000
0.00000
0.00000
0.00000
0.02298
0.07325
0.14129
0.21566
0.28388
0.33448
0.35897
0.35323
0.31823
0.25985
0.18789
0.11444
0.00000
0.00000
0.00000
0.00000
0.00000
0.00000
0.00000
0.00000
0.00000
0.00000
0.00000
0.00000
0.04713
0.15025
0.28981
0.44236
0.58228
0.68607
0.73630
0.72453
0.65274
0.53299
0.38539
0.23473
0.00000
0.00000
0.00000
0.00000
0.00000
0.00000
0.00000
0.00000
0.00000
0.00000
0.00000
0.00000
0.03126
0.09966
0.19223
0.29341
0.38622
0.45507
0.48838
0.48058
0.43296
0.35353
0.25563
0.15569
0.00000
0.00000
0.00000
0.00000
0.00000
0.00000
0.00000
0.00000
0.00000
0.00000
0.00000
0.00000
0.04666
0.14877
0.28695
0.43799
0.57653
0.67930
0.72904
0.71739
0.64631
0.52774
0.38159
0.23241
0.00000
0.00000
0.00000
0.00000
0.00000
0.00000
0.00000
0.00000
0.00000
0.00000
0.00000
0.00000
0.04000
0.12753
0.24598
0.37546
0.49422
0.58232
0.62495
0.61497
0.55404
0.45239
0.32711
0.19923
0.00000
0.00000
0.00000
0.00000
0.00000
0.00000
0.00000
0.00000
0.00000
0.00000
0.00000
0.00000
0.05184
0.16526
0.31876
0.48655
0.64045
0.75461
0.80986
0.79691
0.71796
0.58624
0.42389
0.25818
0.00000
0.00000
0.00000
0.00000
0.00000
0.00000
0.00000
0.00000
0.00000
0.00000
0.00000
0.00000
0.03520
0.11221
0.21642
0.33034
0.43483
0.51234
0.54985
0.54107
0.48746
0.39803
0.28780
0.17529
0.00000
0.00000
0.00000
0.00000
0.00000
0.00000
0.00000
0.00000
0.00000
0.00000
0.00000
0.00000
0.03945
0.12577
0.24259
0.37028
0.48740
0.57427
0.61632
0.60647
0.54638
0.44614
0.32259
0.19648
0.00000
0.00000
0.00000
0.00000
0.00000
0.00000
0.00000
0.00000
0.00000
0.00000
0.00000
0.00000
0.03284
0.10469
0.20192
0.30821
0.40570
0.47802
0.51301
0.50482
0.45480
0.37136
0.26852
0.16355
0.00000
0.00000
0.00000
0.00000
0.00000
0.00000
0.00000
0.00000
0.00000
0.00000
0.00000
0.00000
0.03670
0.11701
0.22568
0.34448
0.45344
0.53426
0.57338
0.56422
0.50831
0.41506
0.30012
0.18279
0.00000
0.00000
0.00000
0.00000
0.00000
0.00000
0.00000
0.00000
0.00000
0.00000
0.00000
0.00000
0.02869
0.09146
0.17640
0.26926
0.35442
0.41760
0.44817
0.44101
0.39732
0.32443
0.23458
0.14288
0.00000
0.00000
0.00000
0.00000
0.00000
0.00000
0.00000
0.00000
0.00000
0.00000
0.00000
0.00000
0.03604
0.11489
0.22160
0.33825
0.44524
0.52460
0.56301
0.55401
0.49912
0.40755
0.29469
0.17948
0.00000
0.00000
0.00000
0.00000
0.00000
0.00000
0.00000
0.00000
0.00000
0.00000
0.00000
0.00000
0.02091
0.06666
0.12858
0.19626
0.25834
0.30439
0.32667
0.32145
0.28960
0.23647
0.17099
0.10414
0.00000
0.00000
0.00000
0.00000
0.00000
0.00000
0.00000
0.00000
0.00000
0.00000
0.00000
0.00000
0.04291
0.13679
0.26384
0.40272
0.53010
0.62459
0.67032
0.65960
0.59425
0.48523
0.35086
0.21369
0.00000
0.00000
0.00000
0.00000
0.00000
0.00000
0.00000
0.00000
0.00000
0.00000
0.00000
0.00000
0.04984
0.15890
0.30649
0.46782
0.61579
0.72556
0.77868
0.76624
0.69032
0.56367
0.40758
0.24824
0.00000
0.00000
0.00000
0.00000
0.00000
0.00000
0.00000
0.00000
0.00000
0.00000
0.00000
0.00000
0.04448
0.14180
0.27350
0.41747
0.54951
0.64746
0.69487
0.68376
0.61601
0.50300
0.36371
0.22152
0.00000
0.00000
0.00000
0.00000
0.00000
0.00000
0.00000
0.00000
0.00000
0.00000
0.00000
0.00000
0.04545
0.14488
0.27945
0.42655
0.56147
0.66155
0.70998
0.69864
0.62942
0.51395
0.37162
0.22634
0.00000
0.00000
0.00000
0.00000
0.00000
0.00000
0.00000
0.00000
0.00000
0.00000
0.00000
0.00000
0.03457
0.11023
0.21261
0.32452
0.42716
0.50331
0.54016
0.53152
0.47886
0.39101
0.28273
0.17220
0.00000
0.00000
0.00000
0.00000
0.00000
0.00000
0.00000
0.00000
0.00000
0.00000
0.00000
0.00000
0.03593
0.11456
0.22095
0.33726
0.44393
0.52307
0.56136
0.55239
0.49766
0.40636
0.29383
0.17896
0.00000
0.00000
0.00000
0.00000
0.00000
0.00000
0.00000
0.00000
0.00000
0.00000
0.00000
0.00000
0.04125
0.13151
0.25366
0.38719
0.50965
0.60050
0.64447
0.63417
0.57133
0.46652
0.33732
0.20545
0.00000
0.00000
0.00000
0.00000
0.00000
0.00000
0.00000
0.00000
0.00000
0.00000
0.00000
0.00219
0.04947
0.13043
0.23269
0.34061
0.43769
0.50910
0.54390
0.53678
0.48883
0.40738
0.30488
0.19701
0.00000
0.00000
0.00000
0.00000
0.00000
0.00000
0.00000
0.00000
0.00000
0.00000
0.00000
0.00225
0.05083
0.13403
0.23910
0.35000
0.44977
0.52314
0.55890
0.55159
0.50231
0.41861
0.31329
0.20244
0.00000
0.00000
0.00000
0.00000
0.00000
0.00000
0.00000
0.00000
0.00000
0.00000
0.00000
0.00225
0.05091
0.13421
0.23944
0.35049
0.45039
0.52386
0.55968
0.55235
0.50301
0.41920
0.31372
0.20272
0.00000
0.00000
0.00000
0.00000
0.00000
0.00000
0.00000
0.00000
0.00000
0.00000
0.00000
0.00165
0.03735
0.09848
0.17569
0.25718
0.33049
0.38440
0.41068
0.40531
0.36910
0.30760
0.23020
0.14875
0.00000
0.00000
0.00000
0.00000
0.00000
0.00000
0.00000
0.00000
0.00000
0.00000
0.00000
0.00227
0.05124
0.13509
0.24100
0.35278
0.45334
0.52729
0.56334
0.55597
0.50630
0.42194
0.31578
0.20405
0.00000
0.00000
0.00000
0.00000
0.00000
0.00000
0.00000
0.00000
0.00000
0.00000
0.00000
0.00237
0.05352
0.14112
0.25176
0.36853
0.47357
0.55082
0.58848
0.58078
0.52889
0.44077
0.32987
0.21315
0.00000
0.00000
0.00000
0.00000
0.00000
0.00000
0.00000
0.00000
0.00000
0.00000
0.00000
0.00251
0.05663
0.14931
0.26637
0.38991
0.50105
0.58279
0.62263
0.61448
0.55959
0.46635
0.34901
0.22552
0.00000
0.00000
0.00000
0.00000
0.00000
0.00000
0.00000
0.00000
0.00000
0.00000
0.00000
0.00279
0.06310
0.16637
0.29680
0.43446
0.55829
0.64937
0.69376
0.68468
0.62352
0.51962
0.38888
0.25129
0.00000
0.00000
0.00000
0.00000
0.00000
0.00000
0.00000
0.00000
0.00000
0.00000
0.00000
0.00162
0.03666
0.09667
0.17246
0.25244
0.32440
0.37732
0.40311
0.39783
0.36230
0.30193
0.22596
0.14601
0.00000
0.00000
0.00000
0.00000
0.00000
0.00000
0.00000
0.00000
0.00000
0.00000
0.00000
0.00212
0.04792
0.12634
0.22539
0.32994
0.42398
0.49314
0.52685
0.51996
0.47351
0.39461
0.29533
0.19083
0.00000
0.00000
0.00000
0.00000
0.00000
0.00000
0.00000
0.00000
0.00000
0.00000
0.00000
0.00187
0.04218
0.11121
0.19839
0.29041
0.37319
0.43407
0.46374
0.45767
0.41679
0.34734
0.25995
0.16797
0.00000
0.00000
0.00000
0.00000
0.00000
0.00000
0.00000
0.00000
0.00000
0.00000
0.00000
0.00257
0.05795
0.15278
0.27255
0.39897
0.51269
0.59632
0.63709
0.62875
0.57258
0.47718
0.35712
0.23076
0.00000
0.00000
0.00000
0.00000
0.00000
0.00000
0.00000
0.00000
0.00000
0.00000
0.00000
0.00267
0.06039
0.15921
0.28403
0.41576
0.53427
0.62143
0.66391
0.65522
0.59669
0.49726
0.37215
0.24047
0.00000
0.00000
0.00000
0.00000
0.00000
0.00000
0.00000
0.00000
0.00000
0.00000
0.00000
0.00247
0.05580
0.14710
0.26244
0.38416
0.49365
0.57419
0.61344
0.60541
0.55133
0.45946
0.34386
0.22219
0.00000
0.00000
0.00000
0.00000
0.00000
0.00000
0.00000
0.00000
0.00000
0.00000
0.00000
0.00143
0.03223
0.08499
0.15162
0.22194
0.28520
0.33172
0.35440
0.34976
0.31852
0.26544
0.19866
0.12837
0.00000
0.00000
0.00000
0.00000
0.00000
0.00000
0.00000
0.00000
0.00000
0.00000
0.00000
0.00244
0.05517
0.14546
0.25951
0.37987
0.48814
0.56777
0.60659
0.59865
0.54517
0.45433
0.34002
0.21971
0.00000
0.00000
0.00000
0.00000
0.00000
0.00000
0.00000
0.00000
0.00000
0.00000
0.00000
0.00223
0.05046
0.13304
0.23735
0.34744
0.44647
0.51930
0.55480
0.54754
0.49863
0.41554
0.31099
0.20095
0.00000
0.00000
0.00000
0.00000
0.00000
0.00000
0.00000
0.00000
0.00000
0.00000
0.00000
0.00206
0.04647
0.12251
0.21855
0.31992
0.41111
0.47817
0.51086
0.50418
0.45914
0.38263
0.28636
0.18504
0.00000
0.00000
0.00000
0.00000
0.00000
0.00000
0.00000
0.00000
0.00000
0.00000
0.00000
0.00154
0.03482
0.09179
0.16376
0.23972
0.30804
0.35830
0.38279
0.37778
0.34403
0.28671
0.21457
0.13865
0.00000
0.00000
0.00000
0.00000
0.00000
0.00000
0.00000
0.00000
0.00000
0.00000
0.00000
0.00308
0.06961
0.18352
0.32741
0.47926
0.61587
0.71634
0.76531
0.75529
0.68782
0.57321
0.42899
0.27720
0.00000
0.00000
0.00000
0.00000
0.00000
0.00000
0.00000
0.00000
0.00000
0.00000
0.00000
0.00238
0.05367
0.14150
0.25243
0.36952
0.47484
0.55230
0.59006
0.58234
0.53031
0.44195
0.33075
0.21373
0.00000
0.00000
0.00000
0.00000
0.00000
0.00000
0.00000
0.00000
0.00000
0.00000
0.00000
0.00272
0.06138
0.16182
0.28869
0.42259
0.54304
0.63163
0.67481
0.66598
0.60649
0.50543
0.37826
0.24442
0.00000
0.00000
0.00000
0.00000
0.00000
0.00000
0.00000
0.00000
0.00000
0.00000
0.00000
0.00229
0.05173
0.13639
0.24332
0.35617
0.45769
0.53235
0.56875
0.56130
0.51116
0.42599
0.31881
0.20601
0.00000
0.00000
0.00000
0.00000
0.00000
0.00000
0.00000
0.00000
0.00000
0.00000
0.00000
0.00226
0.05115
0.13486
0.24059
0.35217
0.45255
0.52638
0.56237
0.55501
0.50543
0.42121
0.31523
0.20369
0.00000
0.00000
0.00000
0.00000
0.00000
0.00000
0.00000
0.00000
0.00000
0.00000
0.00000
0.00256
0.05777
0.15232
0.27174
0.39778
0.51116
0.59455
0.63519
0.62688
0.57088
0.47576
0.35605
0.23007
0.00000
0.00000
0.00000
0.00000
0.00000
0.00000
0.00000
0.00000
0.00000
0.00000
0.00000
0.00296
0.06693
0.17647
0.31483
0.46086
0.59221
0.68882
0.73591
0.72628
0.66140
0.55120
0.41251
0.26656
0.00000
0.00000
0.00000
0.00000
0.00000
0.00000
0.00000
0.00000
0.00000
0.00000
0.00000
0.00203
0.04595
0.12116
0.21614
0.31639
0.40657
0.47290
0.50523
0.49862
0.45407
0.37841
0.28320
0.18300
0.00000
0.00000
0.00000
0.00000
0.00000
0.00000
0.00000
0.00000
0.00000
0.00000
0.00000
0.00235
0.05318
0.14021
0.25013
0.36615
0.47051
0.54726
0.58468
0.57702
0.52548
0.43792
0.32774
0.21178
0.00000
0.00000
0.00000
0.00000
0.00000
0.00000
0.00000
0.00000
0.00000
0.00000
0.00000
0.00262
0.05911
0.15584
0.27802
0.40697
0.52297
0.60829
0.64987
0.64137
0.58407
0.48675
0.36428
0.23539
0.00000
0.00000
0.00000
0.00000
0.00000
0.00000
0.00000
0.00000
0.00000
0.00000
0.00000
0.00212
0.04779
0.12601
0.22481
0.32907
0.42287
0.49186
0.52548
0.51860
0.47228
0.39358
0.29455
0.19033
0.00000
0.00000
0.00000
0.00000
0.00000
0.00000
0.00000
0.00000
0.00000
0.00000
0.00000
0.00232
0.05238
0.13811
0.24640
0.36068
0.46348
0.53909
0.57595
0.56841
0.51763
0.43138
0.32284
0.20861
0.00000
0.00000
0.00000
0.00000
0.00000
0.00000
0.00000
0.00000
0.00000
0.00000
0.00000
0.01060
0.06550
0.15222
0.25831
0.36851
0.46697
0.53955
0.57582
0.57055
0.52451
0.44432
0.34149
0.23082
0.00000
0.00000
0.00000
0.00000
0.00000
0.00000
0.00000
0.00000
0.00000
0.00000
0.00000
0.00978
0.06047
0.14054
0.23848
0.34022
0.43112
0.49813
0.53161
0.52675
0.48424
0.41021
0.31528
0.21310
0.00000
0.00000
0.00000
0.00000
0.00000
0.00000
0.00000
0.00000
0.00000
0.00000
0.00000
0.01045
0.06460
0.15014
0.25477
0.36345
0.46056
0.53215
0.56792
0.56272
0.51731
0.43822
0.33681
0.22765
0.00000
0.00000
0.00000
0.00000
0.00000
0.00000
0.00000
0.00000
0.00000
0.00000
0.00000
0.00781
0.04828
0.11221
0.19040
0.27163
0.34421
0.39771
0.42444
0.42056
0.38662
0.32751
0.25172
0.17014
0.00000
0.00000
0.00000
0.00000
0.00000
0.00000
0.00000
0.00000
0.00000
0.00000
0.00000
0.00433
0.02675
0.06217
0.10549
0.15049
0.19070
0.22034
0.23515
0.23300
0.21420
0.18145
0.13946
0.09426
0.00000
0.00000
0.00000
0.00000
0.00000
0.00000
0.00000
0.00000
0.00000
0.00000
0.00000
0.01068
0.06599
0.15337
0.26025
0.37128
0.47048
0.54361
0.58015
0.57484
0.52846
0.44766
0.34406
0.23256
0.00000
0.00000
0.00000
0.00000
0.00000
0.00000
0.00000
0.00000
0.00000
0.00000
0.00000
0.01158
0.07158
0.16636
0.28229
0.40272
0.51033
0.58965
0.62928
0.62352
0.57321
0.48557
0.37320
0.25225
0.00000
0.00000
0.00000
0.00000
0.00000
0.00000
0.00000
0.00000
0.00000
0.00000
0.00000
0.00997
0.06163
0.14323
0.24305
0.34674
0.43939
0.50768
0.54181
0.53685
0.49353
0.41807
0.32132
0.21719
0.00000
0.00000
0.00000
0.00000
0.00000
0.00000
0.00000
0.00000
0.00000
0.00000
0.00000
0.01305
0.08065
0.18743
0.31806
0.45374
0.57498
0.66435
0.70900
0.70252
0.64583
0.54708
0.42048
0.28421
0.00000
0.00000
0.00000
0.00000
0.00000
0.00000
0.00000
0.00000
0.00000
0.00000
0.00000
0.00848
0.05242
0.12184
0.20675
0.29495
0.37376
0.43185
0.46088
0.45666
0.41981
0.35562
0.27333
0.18475
0.00000
0.00000
0.00000
0.00000
0.00000
0.00000
0.00000
0.00000
0.00000
0.00000
0.00000
0.01321
0.08166
0.18979
0.32206
0.45945
0.58221
0.67270
0.71792
0.71135
0.65395
0.55396
0.42576
0.28778
0.00000
0.00000
0.00000
0.00000
0.00000
0.00000
0.00000
0.00000
0.00000
0.00000
0.00000
0.00935
0.05778
0.13430
0.22789
0.32511
0.41198
0.47601
0.50801
0.50336
0.46274
0.39199
0.30128
0.20364
0.00000
0.00000
0.00000
0.00000
0.00000
0.00000
0.00000
0.00000
0.00000
0.00000
0.00000
0.00992
0.06129
0.14244
0.24170
0.34482
0.43695
0.50487
0.53880
0.53387
0.49079
0.41575
0.31954
0.21598
0.00000
0.00000
0.00000
0.00000
0.00000
0.00000
0.00000
0.00000
0.00000
0.00000
0.00000
0.00751
0.04641
0.10786
0.18302
0.26110
0.33086
0.38229
0.40798
0.40425
0.37163
0.31481
0.24196
0.16354
0.00000
0.00000
0.00000
0.00000
0.00000
0.00000
0.00000
0.00000
0.00000
0.00000
0.00000
0.00741
0.04582
0.10649
0.18070
0.25779
0.32668
0.37745
0.40282
0.39914
0.36693
0.31083
0.23890
0.16147
0.00000
0.00000
0.00000
0.00000
0.00000
0.00000
0.00000
0.00000
0.00000
0.00000
0.00000
0.01060
0.06550
0.15223
0.25832
0.36851
0.46698
0.53956
0.57583
0.57056
0.52452
0.44432
0.34150
0.23083
0.00000
0.00000
0.00000
0.00000
0.00000
0.00000
0.00000
0.00000
0.00000
0.00000
0.00000
0.00632
0.03907
0.09081
0.15409
0.21983
0.27857
0.32187
0.34350
0.34036
0.31289
0.26505
0.20371
0.13770
0.00000
0.00000
0.00000
0.00000
0.00000
0.00000
0.00000
0.00000
0.00000
0.00000
0.00000
0.01113
0.06879
0.15986
0.27128
0.38700
0.49041
0.56664
0.60472
0.59919
0.55084
0.46662
0.35863
0.24241
0.00000
0.00000
0.00000
0.00000
0.00000
0.00000
0.00000
0.00000
0.00000
0.00000
0.00000
0.01108
0.06847
0.15912
0.27001
0.38520
0.48813
0.56400
0.60191
0.59640
0.54828
0.46445
0.35696
0.24128
0.00000
0.00000
0.00000
0.00000
0.00000
0.00000
0.00000
0.00000
0.00000
0.00000
0.00000
0.00937
0.05790
0.13457
0.22834
0.32576
0.41280
0.47696
0.50902
0.50436
0.46366
0.39277
0.30188
0.20405
0.00000
0.00000
0.00000
0.00000
0.00000
0.00000
0.00000
0.00000
0.00000
0.00000
0.00000
0.01142
0.07057
0.16402
0.27833
0.39707
0.50316
0.58137
0.62045
0.61477
0.56516
0.47875
0.36796
0.24871
0.00000
0.00000
0.00000
0.00000
0.00000
0.00000
0.00000
0.00000
0.00000
0.00000
0.00000
0.01121
0.06927
0.16098
0.27317
0.38971
0.49384
0.57059
0.60894
0.60337
0.55468
0.46987
0.36114
0.24410
0.00000
0.00000
0.00000
0.00000
0.00000
0.00000
0.00000
0.00000
0.00000
0.00000
0.00000
0.00967
0.05976
0.13889
0.23569
0.33623
0.42608
0.49230
0.52539
0.52058
0.47858
0.40540
0.31159
0.21061
0.00000
0.00000
0.00000
0.00000
0.00000
0.00000
0.00000
0.00000
0.00000
0.00000
0.00000
0.01035
0.06397
0.14868
0.25230
0.35993
0.45611
0.52700
0.56242
0.55727
0.51231
0.43398
0.33355
0.22545
0.00000
0.00000
0.00000
0.00000
0.00000
0.00000
0.00000
0.00000
0.00000
0.00000
0.00000
0.01295
0.08005
0.18604
0.31570
0.45038
0.57072
0.65943
0.70375
0.69731
0.64104
0.54303
0.41736
0.28210
0.00000
0.00000
0.00000
0.00000
0.00000
0.00000
0.00000
0.00000
0.00000
0.00000
0.00000
0.01038
0.06418
0.14916
0.25311
0.36109
0.45757
0.52869
0.56422
0.55906
0.51395
0.43537
0.33462
0.22617
0.00000
0.00000
0.00000
0.00000
0.00000
0.00000
0.00000
0.00000
0.00000
0.00000
0.00000
0.00886
0.05476
0.12728
0.21598
0.30812
0.39045
0.45113
0.48145
0.47705
0.43856
0.37150
0.28553
0.19300
0.00000
0.00000
0.00000
0.00000
0.00000
0.00000
0.00000
0.00000
0.00000
0.00000
0.00000
0.01050
0.06492
0.15088
0.25603
0.36525
0.46285
0.53479
0.57073
0.56551
0.51988
0.44039
0.33848
0.22878
0.00000
0.00000
0.00000
0.00000
0.00000
0.00000
0.00000
0.00000
0.00000
0.00000
0.00000
0.01216
0.07518
0.17472
0.29649
0.42297
0.53599
0.61930
0.66093
0.65488
0.60204
0.50999
0.39197
0.26494
0.00000
0.00000
0.00000
0.00000
0.00000
0.00000
0.00000
0.00000
0.00000
0.00000
0.00000
0.00674
0.04168
0.09688
0.16440
0.23453
0.29720
0.34339
0.36647
0.36312
0.33381
0.28278
0.21734
0.14690
0.00000
0.00000
0.00000
0.00000
0.00000
0.00000
0.00000
0.00000
0.00000
0.00000
0.00000
0.02650
0.07867
0.16709
0.27874
0.39718
0.50495
0.58618
0.62889
0.62681
0.58022
0.49601
0.38657
0.26802
0.15784
0.00000
0.00000
0.00000
0.00000
0.00000
0.00000
0.00000
0.00000
0.00000
0.00000
0.02346
0.06963
0.14790
0.24673
0.35156
0.44695
0.51885
0.55666
0.55481
0.51358
0.43904
0.34217
0.23724
0.13971
0.00000
0.00000
0.00000
0.00000
0.00000
0.00000
0.00000
0.00000
0.00000
0.00000
0.01919
0.05696
0.12099
0.20184
0.28760
0.36563
0.42445
0.45538
0.45387
0.42014
0.35916
0.27991
0.19407
0.11429
0.00000
0.00000
0.00000
0.00000
0.00000
0.00000
0.00000
0.00000
0.00000
0.00000
0.03121
0.09264
0.19676
0.32824
0.46771
0.59462
0.69027
0.74057
0.73812
0.68326
0.58409
0.45521
0.31562
0.18587
0.00000
0.00000
0.00000
0.00000
0.00000
0.00000
0.00000
0.00000
0.00000
0.00000
0.01787
0.05303
0.11263
0.18789
0.26773
0.34038
0.39513
0.42393
0.42252
0.39112
0.33435
0.26058
0.18067
0.10640
0.00000
0.00000
0.00000
0.00000
0.00000
0.00000
0.00000
0.00000
0.00000
0.00000
0.03025
0.08980
0.19073
0.31818
0.45337
0.57639
0.66911
0.71787
0.71549
0.66232
0.56618
0.44126
0.30594
0.18017
0.00000
0.00000
0.00000
0.00000
0.00000
0.00000
0.00000
0.00000
0.00000
0.00000
0.03187
0.09460
0.20094
0.33522
0.47765
0.60726
0.70494
0.75631
0.75380
0.69778
0.59650
0.46489
0.32233
0.18982
0.00000
0.00000
0.00000
0.00000
0.00000
0.00000
0.00000
0.00000
0.00000
0.00000
0.01932
0.05734
0.12180
0.20319
0.28953
0.36809
0.42730
0.45844
0.45692
0.42296
0.36157
0.28179
0.19538
0.11506
0.00000
0.00000
0.00000
0.00000
0.00000
0.00000
0.00000
0.00000
0.00000
0.00000
0.02433
0.07223
0.15341
0.25592
0.36466
0.46361
0.53819
0.57741
0.57549
0.53272
0.45540
0.35492
0.24608
0.14492
0.00000
0.00000
0.00000
0.00000
0.00000
0.00000
0.00000
0.00000
0.00000
0.00000
0.01903
0.05650
0.12000
0.20018
0.28524
0.36264
0.42098
0.45166
0.45016
0.41670
0.35622
0.27762
0.19249
0.11336
0.00000
0.00000
0.00000
0.00000
0.00000
0.00000
0.00000
0.00000
0.00000
0.00000
0.03217
0.09549
0.20283
0.33836
0.48213
0.61295
0.71155
0.76341
0.76088
0.70433
0.60210
0.46925
0.32535
0.19160
0.00000
0.00000
0.00000
0.00000
0.00000
0.00000
0.00000
0.00000
0.00000
0.00000
0.02187
0.06491
0.13787
0.23000
0.32773
0.41666
0.48368
0.51893
0.51721
0.47877
0.40928
0.31897
0.22116
0.13024
0.00000
0.00000
0.00000
0.00000
0.00000
0.00000
0.00000
0.00000
0.00000
0.00000
0.02921
0.08669
0.18413
0.30718
0.43770
0.55646
0.64598
0.69305
0.69075
0.63942
0.54661
0.42600
0.29537
0.17394
0.00000
0.00000
0.00000
0.00000
0.00000
0.00000
0.00000
0.00000
0.00000
0.00000
0.03422
0.10158
0.21575
0.35992
0.51285
0.65201
0.75690
0.81206
0.80936
0.74921
0.64047
0.49915
0.34608
0.20381
0.00000
0.00000
0.00000
0.00000
0.00000
0.00000
0.00000
0.00000
0.00000
0.00000
0.02900
0.08609
0.18285
0.30503
0.43464
0.55258
0.64147
0.68822
0.68594
0.63496
0.54280
0.42303
0.29330
0.17273
0.00000
0.00000
0.00000
0.00000
0.00000
0.00000
0.00000
0.00000
0.00000
0.00000
0.01842
0.05467
0.11612
0.19372
0.27603
0.35093
0.40738
0.43707
0.43562
0.40324
0.34471
0.26865
0.18627
0.10969
0.00000
0.00000
0.00000
0.00000
0.00000
0.00000
0.00000
0.00000
0.00000
0.00000
0.02837
0.08419
0.17882
0.29832
0.42507
0.54041
0.62734
0.67306
0.67083
0.62097
0.53084
0.41371
0.28684
0.16892
0.00000
0.00000
0.00000
0.00000
0.00000
0.00000
0.00000
0.00000
0.00000
0.00000
0.03236
0.09605
0.20402
0.34035
0.48497
0.61656
0.71575
0.76791
0.76536
0.70848
0.60565
0.47202
0.32727
0.19273
0.00000
0.00000
0.00000
0.00000
0.00000
0.00000
0.00000
0.00000
0.00000
0.00000
0.02607
0.07736
0.16432
0.27413
0.39060
0.49659
0.57647
0.61848
0.61643
0.57062
0.48780
0.38017
0.26358
0.15523
0.00000
0.00000
0.00000
0.00000
0.00000
0.00000
0.00000
0.00000
0.00000
0.00000
0.01372
0.04071
0.08647
0.14424
0.20553
0.26130
0.30334
0.32544
0.32436
0.30026
0.25668
0.20004
0.13870
0.08168
0.00000
0.00000
0.00000
0.00000
0.00000
0.00000
0.00000
0.00000
0.00000
0.00000
0.02595
0.07702
0.16360
0.27292
0.38888
0.49440
0.57393
0.61575
0.61371
0.56810
0.48564
0.37849
0.26242
0.15454
0.00000
0.00000
0.00000
0.00000
0.00000
0.00000
0.00000
0.00000
0.00000
0.00000
0.02487
0.07382
0.15679
0.26157
0.37271
0.47384
0.55006
0.59015
0.58819
0.54448
0.46545
0.36275
0.25151
0.14811
0.00000
0.00000
0.00000
0.00000
0.00000
0.00000
0.00000
0.00000
0.00000
0.00000
0.03303
0.09802
0.20820
0.34733
0.49491
0.62920
0.73042
0.78365
0.78105
0.72300
0.61806
0.48169
0.33397
0.19668
0.00000
0.00000
0.00000
0.00000
0.00000
0.00000
0.00000
0.00000
0.00000
0.00000
0.01975
0.05862
0.12450
0.20770
0.29595
0.37625
0.43678
0.46861
0.46705
0.43234
0.36959
0.28804
0.19971
0.11761
0.00000
0.00000
0.00000
0.00000
0.00000
0.00000
0.00000
0.00000
0.00000
0.00000
0.02113
0.06272
0.13322
0.22224
0.31668
0.40260
0.46737
0.50143
0.49976
0.46262
0.39548
0.30822
0.21370
0.12585
0.00000
0.00000
0.00000
0.00000
0.00000
0.00000
0.00000
0.00000
0.00000
0.00000
0.01421
0.04218
0.08958
0.14944
0.21294
0.27072
0.31427
0.33717
0.33605
0.31108
0.26593
0.20725
0.14369
0.08462
0.00000
0.00000
0.00000
0.00000
0.00000
0.00000
0.00000
0.00000
0.00000
0.00000
0.02249
0.06676
0.14180
0.23655
0.33706
0.42852
0.49745
0.53370
0.53193
0.49240
0.42093
0.32805
0.22745
0.13395
0.00000
0.00000
0.00000
0.00000
0.00000
0.00000
0.00000
0.00000
0.00000
0.00000
0.02481
0.07364
0.15641
0.26093
0.37180
0.47269
0.54873
0.58872
0.58676
0.54316
0.46432
0.36187
0.25090
0.14776
0.00000
0.00000
0.00000
0.00000
0.00000
0.00000
0.00000
0.00000
0.00000
0.00000
0.02239
0.06644
0.14113
0.23543
0.33547
0.42649
0.49510
0.53118
0.52942
0.49008
0.41894
0.32651
0.22638
0.13332
0.00000
0.00000
0.00000
0.00000
0.00000
0.00000
0.00000
0.00000
0.00000
0.00000
0.02287
0.06786
0.14414
0.24047
0.34264
0.43561
0.50569
0.54254
0.54074
0.50055
0.42790
0.33349
0.23122
0.13617
0.00000
0.00000
0.00000
0.00000
0.00000
0.00000
0.00000
0.00000
0.00000
0.00000
0.02490
0.07392
0.15700
0.26192
0.37321
0.47447
0.55080
0.59094
0.58898
0.54521
0.46607
0.36324
0.25184
0.14831
0.00000
0.00000
0.00000
0.00000
0.00000
0.00000
0.00000
0.00000
0.00000
0.00000
0.01388
0.06628
0.15508
0.26710
0.38574
0.49341
0.57414
0.61597
0.61269
0.56479
0.47936
0.36909
0.25031
0.00000
0.00000
0.00000
0.00000
0.00000
0.00000
0.00000
0.00000
0.00000
0.00000
0.00000
0.01110
0.05300
0.12401
0.21359
0.30847
0.39457
0.45913
0.49257
0.48995
0.45164
0.38333
0.29515
0.20017
0.00000
0.00000
0.00000
0.00000
0.00000
0.00000
0.00000
0.00000
0.00000
0.00000
0.00000
0.01498
0.07157
0.16745
0.28841
0.41652
0.53278
0.61996
0.66512
0.66158
0.60985
0.51761
0.39854
0.27028
0.00000
0.00000
0.00000
0.00000
0.00000
0.00000
0.00000
0.00000
0.00000
0.00000
0.00000
0.01595
0.07621
0.17832
0.30713
0.44355
0.56736
0.66019
0.70828
0.70451
0.64943
0.55121
0.42440
0.28782
0.00000
0.00000
0.00000
0.00000
0.00000
0.00000
0.00000
0.00000
0.00000
0.00000
0.00000
0.01128
0.05388
0.12607
0.21714
0.31359
0.40112
0.46675
0.50075
0.49808
0.45914
0.38970
0.30005
0.20349
0.00000
0.00000
0.00000
0.00000
0.00000
0.00000
0.00000
0.00000
0.00000
0.00000
0.00000
0.01777
0.08487
0.19857
0.34201
0.49393
0.63179
0.73517
0.78872
0.78452
0.72319
0.61381
0.47261
0.32051
0.00000
0.00000
0.00000
0.00000
0.00000
0.00000
0.00000
0.00000
0.00000
0.00000
0.00000
0.00776
0.03707
0.08673
0.14938
0.21573
0.27594
0.32109
0.34448
0.34264
0.31585
0.26808
0.20641
0.13999
0.00000
0.00000
0.00000
0.00000
0.00000
0.00000
0.00000
0.00000
0.00000
0.00000
0.00000
0.01520
0.07259
0.16984
0.29252
0.42245
0.54037
0.62878
0.67459
0.67099
0.61853
0.52498
0.40421
0.27413
0.00000
0.00000
0.00000
0.00000
0.00000
0.00000
0.00000
0.00000
0.00000
0.00000
0.00000
0.01468
0.07015
0.16412
0.28268
0.40825
0.52220
0.60764
0.65190
0.64843
0.59773
0.50733
0.39062
0.26491
0.00000
0.00000
0.00000
0.00000
0.00000
0.00000
0.00000
0.00000
0.00000
0.00000
0.00000
0.00941
0.04493
0.10513
0.18107
0.26150
0.33449
0.38922
0.41758
0.41535
0.38288
0.32497
0.25021
0.16969
0.00000
0.00000
0.00000
0.00000
0.00000
0.00000
0.00000
0.00000
0.00000
0.00000
0.00000
0.01425
0.06808
0.15929
0.27435
0.39622
0.50681
0.58973
0.63270
0.62933
0.58012
0.49238
0.37911
0.25711
0.00000
0.00000
0.00000
0.00000
0.00000
0.00000
0.00000
0.00000
0.00000
0.00000
0.00000
0.01431
0.06837
0.15996
0.27551
0.39788
0.50894
0.59221
0.63536
0.63197
0.58256
0.49445
0.38071
0.25819
0.00000
0.00000
0.00000
0.00000
0.00000
0.00000
0.00000
0.00000
0.00000
0.00000
0.00000
0.01105
0.05277
0.12346
0.21265
0.30710
0.39282
0.45710
0.49040
0.48778
0.44965
0.38164
0.29385
0.19928
0.00000
0.00000
0.00000
0.00000
0.00000
0.00000
0.00000
0.00000
0.00000
0.00000
0.00000
0.01497
0.07152
0.16734
0.28822
0.41625
0.53243
0.61955
0.66468
0.66114
0.60945
0.51727
0.39828
0.27011
0.00000
0.00000
0.00000
0.00000
0.00000
0.00000
0.00000
0.00000
0.00000
0.00000
0.00000
0.01582
0.07557
0.17680
0.30452
0.43978
0.56253
0.65457
0.70225
0.69851
0.64390
0.54651
0.42079
0.28538
0.00000
0.00000
0.00000
0.00000
0.00000
0.00000
0.00000
0.00000
0.00000
0.00000
0.00000
0.01194
0.05703
0.13343
0.22982
0.33190
0.42454
0.49400
0.52999
0.52717
0.48595
0.41245
0.31757
0.21537
0.00000
0.00000
0.00000
0.00000
0.00000
0.00000
0.00000
0.00000
0.00000
0.00000
0.00000
0.00746
0.03565
0.08342
0.14368
0.20750
0.26542
0.30885
0.33135
0.32958
0.30381
0.25786
0.19854
0.13465
0.00000
0.00000
0.00000
0.00000
0.00000
0.00000
0.00000
0.00000
0.00000
0.00000
0.00000
0.01356
0.06477
0.15153
0.26100
0.37693
0.48214
0.56102
0.60189
0.59869
0.55188
0.46841
0.36066
0.24459
0.00000
0.00000
0.00000
0.00000
0.00000
0.00000
0.00000
0.00000
0.00000
0.00000
0.00000
0.01201
0.05739
0.13428
0.23128
0.33401
0.42724
0.49714
0.53336
0.53052
0.48904
0.41508
0.31959
0.21674
0.00000
0.00000
0.00000
0.00000
0.00000
0.00000
0.00000
0.00000
0.00000
0.00000
0.00000
0.01404
0.06704
0.15687
0.27018
0.39019
0.49910
0.58076
0.62307
0.61975
0.57130
0.48489
0.37334
0.25320
0.00000
0.00000
0.00000
0.00000
0.00000
0.00000
0.00000
0.00000
0.00000
0.00000
0.00000
0.00339
0.01617
0.03784
0.06518
0.09414
0.12041
0.14011
0.15032
0.14952
0.13783
0.11698
0.09007
0.06109
0.00000
0.00000
0.00000
0.00000
0.00000
0.00000
0.00000
0.00000
0.00000
0.00000
0.00000
0.01552
0.07413
0.17345
0.29875
0.43144
0.55187
0.64216
0.68894
0.68527
0.63170
0.53615
0.41282
0.27997
0.00000
0.00000
0.00000
0.00000
0.00000
0.00000
0.00000
0.00000
0.00000
0.00000
0.00000
0.01600
0.07642
0.17881
0.30798
0.44478
0.56893
0.66201
0.71024
0.70646
0.65122
0.55273
0.42558
0.28862
0.00000
0.00000
0.00000
0.00000
0.00000
0.00000
0.00000
0.00000
0.00000
0.00000
0.00000
0.01393
0.06654
0.15567
0.26813
0.38722
0.49531
0.57635
0.61833
0.61504
0.56695
0.48121
0.37051
0.25127
0.00000
0.00000
0.00000
0.00000
0.00000
0.00000
0.00000
0.00000
0.00000
0.00000
0.00000
0.01127
0.05385
0.12599
0.21700
0.31339
0.40086
0.46645
0.50043
0.49776
0.45884
0.38945
0.29986
0.20336
0.00000
0.00000
0.00000
0.00000
0.00000
0.00000
0.00000
0.00000
0.00000
0.00000
0.00000
0.01127
0.05386
0.12601
0.21704
0.31344
0.40093
0.46652
0.50051
0.49784
0.45892
0.38951
0.29991
0.20339
0.00000
0.00000
0.00000
0.00000
0.00000
0.00000
0.00000
0.00000
0.00000
0.00000
0.00000
0.01036
0.04950
0.11581
0.19947
0.28807
0.36847
0.42876
0.46000
0.45755
0.42177
0.35798
0.27563
0.18693
0.00000
0.00000
0.00000
0.00000
0.00000
0.00000
0.00000
0.00000
0.00000
0.00000
0.00000
0.01553
0.07418
0.17355
0.29892
0.43170
0.55220
0.64255
0.68936
0.68569
0.63208
0.53648
0.41306
0.28013
0.00000
0.00000
0.00000
0.00000
0.00000
0.00000
0.00000
0.00000
0.00000
0.00000
0.00000
0.01658
0.07918
0.18527
0.31910
0.46083
0.58946
0.68591
0.73587
0.73195
0.67473
0.57268
0.44094
0.29904
0.00000
0.00000
0.00000
0.00000
0.00000
0.00000
0.00000
0.00000
0.00000
0.00000
0.00000
0.01438
0.06868
0.16068
0.27676
0.39969
0.51125
0.59490
0.63824
0.63484
0.58520
0.49669
0.38243
0.25936
0.00000
0.00000
0.00000
0.00000
0.00000
0.00000
0.00000
0.00000
0.00000
0.00000
0.00000
0.00842
0.04020
0.09406
0.16200
0.23396
0.29926
0.34822
0.37359
0.37160
0.34255
0.29074
0.22386
0.15182
0.00000
0.00000
0.00000
0.00000
0.00000
0.00000
0.00000
0.00000
0.00000
0.00000
0.00000
0.01207
0.07339
0.17463
0.30047
0.43185
0.54887
0.63381
0.67382
0.66283
0.60251
0.50199
0.37649
0.24502
0.00000
0.00000
0.00000
0.00000
0.00000
0.00000
0.00000
0.00000
0.00000
0.00000
0.00000
0.01172
0.07127
0.16959
0.29180
0.41938
0.53302
0.61552
0.65437
0.64370
0.58512
0.48750
0.36563
0.23795
0.00000
0.00000
0.00000
0.00000
0.00000
0.00000
0.00000
0.00000
0.00000
0.00000
0.00000
0.01096
0.06666
0.15863
0.27293
0.39226
0.49856
0.57571
0.61205
0.60207
0.54728
0.45598
0.34198
0.22257
0.00000
0.00000
0.00000
0.00000
0.00000
0.00000
0.00000
0.00000
0.00000
0.00000
0.00000
0.01616
0.09826
0.23382
0.40231
0.57821
0.73489
0.84863
0.90219
0.88748
0.80672
0.67213
0.50410
0.32807
0.00000
0.00000
0.00000
0.00000
0.00000
0.00000
0.00000
0.00000
0.00000
0.00000
0.00000
0.01314
0.07989
0.19011
0.32710
0.47012
0.59752
0.68999
0.73354
0.72158
0.65591
0.54649
0.40987
0.26674
0.00000
0.00000
0.00000
0.00000
0.00000
0.00000
0.00000
0.00000
0.00000
0.00000
0.00000
0.01233
0.07496
0.17838
0.30691
0.44111
0.56064
0.64740
0.68827
0.67704
0.61543
0.51276
0.38457
0.25028
0.00000
0.00000
0.00000
0.00000
0.00000
0.00000
0.00000
0.00000
0.00000
0.00000
0.00000
0.01050
0.06386
0.15196
0.26147
0.37579
0.47762
0.55154
0.58635
0.57679
0.52430
0.43683
0.32762
0.21322
0.00000
0.00000
0.00000
0.00000
0.00000
0.00000
0.00000
0.00000
0.00000
0.00000
0.00000
0.01314
0.07989
0.19011
0.32711
0.47013
0.59752
0.69000
0.73355
0.72159
0.65592
0.54649
0.40987
0.26674
0.00000
0.00000
0.00000
0.00000
0.00000
0.00000
0.00000
0.00000
0.00000
0.00000
0.00000
0.01250
0.07600
0.18084
0.31115
0.44720
0.56838
0.65635
0.69778
0.68640
0.62393
0.51984
0.38988
0.25374
0.00000
0.00000
0.00000
0.00000
0.00000
0.00000
0.00000
0.00000
0.00000
0.00000
0.00000
0.01457
0.08859
0.21080
0.36270
0.52128
0.66253
0.76507
0.81336
0.80009
0.72728
0.60595
0.45446
0.29577
0.00000
0.00000
0.00000
0.00000
0.00000
0.00000
0.00000
0.00000
0.00000
0.00000
0.00000
0.00887
0.05392
0.12831
0.22077
0.31730
0.40328
0.46570
0.49509
0.48702
0.44270
0.36884
0.27663
0.18003
0.00000
0.00000
0.00000
0.00000
0.00000
0.00000
0.00000
0.00000
0.00000
0.00000
0.00000
0.01039
0.06318
0.15034
0.25868
0.37178
0.47252
0.54565
0.58009
0.57063
0.51870
0.43216
0.32412
0.21094
0.00000
0.00000
0.00000
0.00000
0.00000
0.00000
0.00000
0.00000
0.00000
0.00000
0.00000
0.01163
0.07070
0.16823
0.28945
0.41601
0.52874
0.61057
0.64911
0.63853
0.58042
0.48358
0.36269
0.23604
0.00000
0.00000
0.00000
0.00000
0.00000
0.00000
0.00000
0.00000
0.00000
0.00000
0.00000
0.01315
0.07997
0.19030
0.32742
0.47059
0.59810
0.69067
0.73426
0.72229
0.65656
0.54702
0.41027
0.26700
0.00000
0.00000
0.00000
0.00000
0.00000
0.00000
0.00000
0.00000
0.00000
0.00000
0.00000
0.01373
0.08348
0.19865
0.34179
0.49122
0.62433
0.72096
0.76647
0.75397
0.68535
0.57101
0.42826
0.27872
0.00000
0.00000
0.00000
0.00000
0.00000
0.00000
0.00000
0.00000
0.00000
0.00000
0.00000
0.01065
0.06479
0.15418
0.26528
0.38127
0.48458
0.55958
0.59490
0.58520
0.53194
0.44320
0.33240
0.21633
0.00000
0.00000
0.00000
0.00000
0.00000
0.00000
0.00000
0.00000
0.00000
0.00000
0.00000
0.01254
0.07623
0.18140
0.31211
0.44858
0.57013
0.65837
0.69993
0.68851
0.62585
0.52144
0.39108
0.25452
0.00000
0.00000
0.00000
0.00000
0.00000
0.00000
0.00000
0.00000
0.00000
0.00000
0.00000
0.00918
0.05581
0.13281
0.22851
0.32842
0.41742
0.48202
0.51244
0.50409
0.45821
0.38177
0.28633
0.18634
0.00000
0.00000
0.00000
0.00000
0.00000
0.00000
0.00000
0.00000
0.00000
0.00000
0.00000
0.01219
0.07413
0.17639
0.30349
0.43619
0.55438
0.64018
0.68059
0.66949
0.60857
0.50704
0.38028
0.24749
0.00000
0.00000
0.00000
0.00000
0.00000
0.00000
0.00000
0.00000
0.00000
0.00000
0.00000
0.01066
0.06481
0.15422
0.26535
0.38137
0.48471
0.55973
0.59506
0.58536
0.53209
0.44332
0.33249
0.21639
0.00000
0.00000
0.00000
0.00000
0.00000
0.00000
0.00000
0.00000
0.00000
0.00000
0.00000
0.01006
0.06119
0.14561
0.25054
0.36008
0.45766
0.52849
0.56185
0.55268
0.50239
0.41857
0.31393
0.20431
0.00000
0.00000
0.00000
0.00000
0.00000
0.00000
0.00000
0.00000
0.00000
0.00000
0.00000
0.01192
0.07250
0.17251
0.29682
0.42659
0.54219
0.62610
0.66562
0.65477
0.59518
0.49588
0.37191
0.24204
0.00000
0.00000
0.00000
0.00000
0.00000
0.00000
0.00000
0.00000
0.00000
0.00000
0.00000
0.00878
0.05337
0.12699
0.21850
0.31404
0.39913
0.46091
0.49000
0.48201
0.43814
0.36505
0.27379
0.17818
0.00000
0.00000
0.00000
0.00000
0.00000
0.00000
0.00000
0.00000
0.00000
0.00000
0.00000
0.01201
0.07302
0.17376
0.29896
0.42968
0.54611
0.63063
0.67044
0.65950
0.59948
0.49947
0.37460
0.24379
0.00000
0.00000
0.00000
0.00000
0.00000
0.00000
0.00000
0.00000
0.00000
0.00000
0.00000
0.01287
0.07827
0.18624
0.32044
0.46055
0.58534
0.67593
0.71860
0.70688
0.64255
0.53535
0.40152
0.26131
0.00000
0.00000
0.00000
0.00000
0.00000
0.00000
0.00000
0.00000
0.00000
0.00000
0.00000
0.01432
0.08710
0.20725
0.35659
0.51250
0.65138
0.75219
0.79966
0.78662
0.71504
0.59574
0.44681
0.29079
0.00000
0.00000
0.00000
0.00000
0.00000
0.00000
0.00000
0.00000
0.00000
0.00000
0.00000
0.01049
0.06378
0.15176
0.26112
0.37529
0.47698
0.55080
0.58557
0.57602
0.52360
0.43625
0.32719
0.21294
0.00000
0.00000
0.00000
0.00000
0.00000
0.00000
0.00000
0.00000
0.00000
0.00000
0.00000
0.00726
0.04414
0.10503
0.18071
0.25972
0.33010
0.38119
0.40525
0.39864
0.36236
0.30191
0.22643
0.14736
0.00000
0.00000
0.00000
0.00000
0.00000
0.00000
0.00000
0.00000
0.00000
0.00000
0.00000
0.01114
0.06773
0.16117
0.27731
0.39856
0.50655
0.58495
0.62187
0.61173
0.55606
0.46329
0.34747
0.22614
0.00000
0.00000
0.00000
0.00000
0.00000
0.00000
0.00000
0.00000
0.00000
0.00000
0.00000
0.01225
0.07449
0.17726
0.30500
0.43835
0.55714
0.64336
0.68397
0.67282
0.61159
0.50955
0.38217
0.24872
0.00000
0.00000
0.00000
0.00000
0.00000
0.00000
0.00000
0.00000
0.00000
0.00000
0.00000
0.00798
0.05553
0.13448
0.23209
0.33263
0.41990
0.47983
0.50276
0.48499
0.42939
0.34492
0.24520
0.14630
0.00000
0.00000
0.00000
0.00000
0.00000
0.00000
0.00000
0.00000
0.00000
0.00000
0.00000
0.00496
0.03454
0.08365
0.14436
0.20690
0.26118
0.29845
0.31271
0.30166
0.26708
0.21454
0.15252
0.09100
0.00000
0.00000
0.00000
0.00000
0.00000
0.00000
0.00000
0.00000
0.00000
0.00000
0.00000
0.01021
0.07109
0.17216
0.29711
0.42582
0.53753
0.61425
0.64360
0.62086
0.54968
0.44155
0.31389
0.18728
0.00000
0.00000
0.00000
0.00000
0.00000
0.00000
0.00000
0.00000
0.00000
0.00000
0.00000
0.01044
0.07270
0.17604
0.30382
0.43543
0.54966
0.62811
0.65812
0.63487
0.56209
0.45152
0.32098
0.19151
0.00000
0.00000
0.00000
0.00000
0.00000
0.00000
0.00000
0.00000
0.00000
0.00000
0.00000
0.00828
0.05768
0.13968
0.24107
0.34550
0.43615
0.49839
0.52221
0.50375
0.44600
0.35827
0.25469
0.15196
0.00000
0.00000
0.00000
0.00000
0.00000
0.00000
0.00000
0.00000
0.00000
0.00000
0.00000
0.00940
0.06548
0.15856
0.27365
0.39219
0.49508
0.56574
0.59277
0.57182
0.50627
0.40668
0.28910
0.17249
0.00000
0.00000
0.00000
0.00000
0.00000
0.00000
0.00000
0.00000
0.00000
0.00000
0.00000
0.00491
0.03418
0.08278
0.14286
0.20475
0.25846
0.29535
0.30946
0.29853
0.26430
0.21231
0.15093
0.09005
0.00000
0.00000
0.00000
0.00000
0.00000
0.00000
0.00000
0.00000
0.00000
0.00000
0.00000
0.00817
0.05686
0.13768
0.23761
0.34055
0.42989
0.49124
0.51472
0.49653
0.43961
0.35313
0.25103
0.14978
0.00000
0.00000
0.00000
0.00000
0.00000
0.00000
0.00000
0.00000
0.00000
0.00000
0.00000
0.00773
0.05383
0.13035
0.22496
0.32241
0.40700
0.46508
0.48731
0.47009
0.41620
0.33433
0.23767
0.14180
0.00000
0.00000
0.00000
0.00000
0.00000
0.00000
0.00000
0.00000
0.00000
0.00000
0.00000
0.00878
0.06113
0.14804
0.25550
0.36618
0.46224
0.52821
0.55345
0.53390
0.47269
0.37971
0.26993
0.16105
0.00000
0.00000
0.00000
0.00000
0.00000
0.00000
0.00000
0.00000
0.00000
0.00000
0.00000
0.01211
0.08434
0.20424
0.35248
0.50517
0.63770
0.72871
0.76353
0.73655
0.65211
0.52383
0.37238
0.22218
0.00000
0.00000
0.00000
0.00000
0.00000
0.00000
0.00000
0.00000
0.00000
0.00000
0.00000
0.01020
0.07100
0.17192
0.29671
0.42525
0.53681
0.61342
0.64273
0.62002
0.54894
0.44096
0.31347
0.18703
0.00000
0.00000
0.00000
0.00000
0.00000
0.00000
0.00000
0.00000
0.00000
0.00000
0.00000
0.00710
0.04941
0.11966
0.20651
0.29596
0.37361
0.42693
0.44733
0.43152
0.38206
0.30690
0.21817
0.13017
0.00000
0.00000
0.00000
0.00000
0.00000
0.00000
0.00000
0.00000
0.00000
0.00000
0.00000
0.01102
0.07670
0.18574
0.32055
0.45942
0.57995
0.66271
0.69438
0.66984
0.59305
0.47639
0.33866
0.20206
0.00000
0.00000
0.00000
0.00000
0.00000
0.00000
0.00000
0.00000
0.00000
0.00000
0.00000
0.01037
0.07219
0.17481
0.30170
0.43239
0.54583
0.62373
0.65354
0.63044
0.55817
0.44837
0.31874
0.19017
0.00000
0.00000
0.00000
0.00000
0.00000
0.00000
0.00000
0.00000
0.00000
0.00000
0.00000
0.00945
0.06577
0.15927
0.27488
0.39396
0.49731
0.56829
0.59544
0.57440
0.50855
0.40851
0.29040
0.17327
0.00000
0.00000
0.00000
0.00000
0.00000
0.00000
0.00000
0.00000
0.00000
0.00000
0.00000
0.00835
0.05812
0.14074
0.24289
0.34811
0.43944
0.50215
0.52615
0.50755
0.44937
0.36097
0.25661
0.15310
0.00000
0.00000
0.00000
0.00000
0.00000
0.00000
0.00000
0.00000
0.00000
0.00000
0.00000
0.00812
0.05656
0.13698
0.23640
0.33880
0.42769
0.48873
0.51208
0.49399
0.43736
0.35132
0.24975
0.14901
0.00000
0.00000
0.00000
0.00000
0.00000
0.00000
0.00000
0.00000
0.00000
0.00000
0.00000
0.01183
0.08237
0.19948
0.34427
0.49340
0.62284
0.71174
0.74574
0.71939
0.63692
0.51163
0.36371
0.21700
0.00000
0.00000
0.00000
0.00000
0.00000
0.00000
0.00000
0.00000
0.00000
0.00000
0.00000
0.00998
0.06949
0.16827
0.29040
0.41620
0.52539
0.60037
0.62906
0.60683
0.53726
0.43157
0.30680
0.18305
0.00000
0.00000
0.00000
0.00000
0.00000
0.00000
0.00000
0.00000
0.00000
0.00000
0.00000
0.00918
0.06394
0.15483
0.26721
0.38297
0.48344
0.55243
0.57883
0.55838
0.49437
0.39712
0.28230
0.16843
0.00000
0.00000
0.00000
0.00000
0.00000
0.00000
0.00000
0.00000
0.00000
0.00000
0.00000
0.01061
0.07384
0.17881
0.30860
0.44228
0.55831
0.63799
0.66848
0.64486
0.57093
0.45862
0.32603
0.19452
0.00000
0.00000
0.00000
0.00000
0.00000
0.00000
0.00000
0.00000
0.00000
0.00000
0.00000
0.00409
0.02850
0.06902
0.11912
0.17073
0.21552
0.24628
0.25805
0.24893
0.22039
0.17704
0.12585
0.07509
0.00000
0.00000
0.00000
0.00000
0.00000
0.00000
0.00000
0.00000
0.00000
0.00000
0.00000
0.01176
0.08186
0.19823
0.34212
0.49032
0.61896
0.70729
0.74109
0.71490
0.63295
0.50844
0.36144
0.21565
0.00000
0.00000
0.00000
0.00000
0.00000
0.00000
0.00000
0.00000
0.00000
0.00000
0.00000
0.00847
0.05897
0.14281
0.24647
0.35324
0.44591
0.50955
0.53390
0.51503
0.45599
0.36629
0.26039
0.15536
0.00000
0.00000
0.00000
0.00000
0.00000
0.00000
0.00000
0.00000
0.00000
0.00000
0.00000
0.01214
0.08452
0.20466
0.35321
0.50623
0.63904
0.73024
0.76513
0.73809
0.65348
0.52493
0.37316
0.22264
0.00000
0.00000
0.00000
0.00000
0.00000
0.00000
0.00000
0.00000
0.00000
0.00000
0.00000
0.01135
0.07906
0.19145
0.33041
0.47354
0.59778
0.68309
0.71573
0.69044
0.61129
0.49104
0.34907
0.20827
0.00000
0.00000
0.00000
0.00000
0.00000
0.00000
0.00000
0.00000
0.00000
0.00000
0.00000
0.01070
0.07448
0.18036
0.31126
0.44610
0.56314
0.64351
0.67426
0.65043
0.57587
0.46259
0.32884
0.19620
0.00000
0.00000
0.00000
0.00000
0.00000
0.00000
0.00000
0.00000
0.00000
0.00000
0.00000
0.01237
0.08614
0.20860
0.36001
0.51597
0.65134
0.74429
0.77986
0.75230
0.66606
0.53503
0.38035
0.22693
0.00000
0.00000
0.00000
0.00000
0.00000
0.00000
0.00000
0.00000
0.00000
0.00000
0.00000
0.01114
0.07756
0.18782
0.32415
0.46457
0.58645
0.67014
0.70216
0.67735
0.59970
0.48173
0.34245
0.20432
0.00000
0.00000
0.00000
0.00000
0.00000
0.00000
0.00000
0.00000
0.00000
0.00000
0.00000
0.01254
0.08730
0.21141
0.36486
0.52292
0.66010
0.75431
0.79036
0.76243
0.67502
0.54224
0.38547
0.22998
0.00000
0.00000
0.00000
0.00000
0.00000
0.00000
0.00000
0.00000
0.00000
0.00000
0.00000
0.00000
0.04573
0.15185
0.28356
0.41927
0.53672
0.61668
0.64602
0.61994
0.54272
0.42701
0.29178
0.15920
0.00000
0.00000
0.00000
0.00000
0.00000
0.00000
0.00000
0.00000
0.00000
0.00000
0.00000
0.00000
0.04541
0.15081
0.28161
0.41639
0.53304
0.61244
0.64158
0.61568
0.53899
0.42407
0.28977
0.15810
0.00000
0.00000
0.00000
0.00000
0.00000
0.00000
0.00000
0.00000
0.00000
0.00000
0.00000
0.00000
0.03170
0.10527
0.19658
0.29065
0.37208
0.42751
0.44785
0.42977
0.37623
0.29602
0.20227
0.11036
0.00000
0.00000
0.00000
0.00000
0.00000
0.00000
0.00000
0.00000
0.00000
0.00000
0.00000
0.00000
0.02147
0.07130
0.13314
0.19686
0.25201
0.28955
0.30332
0.29108
0.25482
0.20049
0.13700
0.07475
0.00000
0.00000
0.00000
0.00000
0.00000
0.00000
0.00000
0.00000
0.00000
0.00000
0.00000
0.00000
0.03691
0.12256
0.22887
0.33840
0.43321
0.49774
0.52142
0.50037
0.43804
0.34465
0.23550
0.12849
0.00000
0.00000
0.00000
0.00000
0.00000
0.00000
0.00000
0.00000
0.00000
0.00000
0.00000
0.00000
0.04820
0.16005
0.29888
0.44192
0.56572
0.65000
0.68092
0.65344
0.57204
0.45008
0.30754
0.16780
0.00000
0.00000
0.00000
0.00000
0.00000
0.00000
0.00000
0.00000
0.00000
0.00000
0.00000
0.00000
0.03394
0.11271
0.21048
0.31121
0.39839
0.45774
0.47952
0.46016
0.40284
0.31695
0.21658
0.11817
0.00000
0.00000
0.00000
0.00000
0.00000
0.00000
0.00000
0.00000
0.00000
0.00000
0.00000
0.00000
0.01982
0.06582
0.12291
0.18173
0.23264
0.26730
0.28002
0.26871
0.23524
0.18509
0.12647
0.06900
0.00000
0.00000
0.00000
0.00000
0.00000
0.00000
0.00000
0.00000
0.00000
0.00000
0.00000
0.00000
0.04369
0.14510
0.27095
0.40062
0.51285
0.58925
0.61728
0.59236
0.51858
0.40801
0.27880
0.15212
0.00000
0.00000
0.00000
0.00000
0.00000
0.00000
0.00000
0.00000
0.00000
0.00000
0.00000
0.00000
0.03907
0.12976
0.24231
0.35827
0.45864
0.52696
0.55203
0.52975
0.46376
0.36488
0.24933
0.13604
0.00000
0.00000
0.00000
0.00000
0.00000
0.00000
0.00000
0.00000
0.00000
0.00000
0.00000
0.00000
0.03686
0.12239
0.22856
0.33794
0.43261
0.49706
0.52071
0.49969
0.43744
0.34418
0.23518
0.12832
0.00000
0.00000
0.00000
0.00000
0.00000
0.00000
0.00000
0.00000
0.00000
0.00000
0.00000
0.00000
0.03372
0.11198
0.20910
0.30918
0.39579
0.45475
0.47639
0.45716
0.40021
0.31489
0.21516
0.11740
0.00000
0.00000
0.00000
0.00000
0.00000
0.00000
0.00000
0.00000
0.00000
0.00000
0.00000
0.00000
0.05643
0.18739
0.34994
0.51741
0.66236
0.76103
0.79724
0.76506
0.66976
0.52696
0.36008
0.19646
0.00000
0.00000
0.00000
0.00000
0.00000
0.00000
0.00000
0.00000
0.00000
0.00000
0.00000
0.00000
0.04185
0.13899
0.25954
0.38375
0.49126
0.56444
0.59129
0.56743
0.49674
0.39084
0.26706
0.14571
0.00000
0.00000
0.00000
0.00000
0.00000
0.00000
0.00000
0.00000
0.00000
0.00000
0.00000
0.00000
0.04604
0.15288
0.28548
0.42211
0.54037
0.62086
0.65040
0.62415
0.54640
0.42990
0.29376
0.16028
0.00000
0.00000
0.00000
0.00000
0.00000
0.00000
0.00000
0.00000
0.00000
0.00000
0.00000
0.00000
0.01169
0.03881
0.07247
0.10716
0.13718
0.15761
0.16511
0.15845
0.13871
0.10913
0.07457
0.04069
0.00000
0.00000
0.00000
0.00000
0.00000
0.00000
0.00000
0.00000
0.00000
0.00000
0.00000
0.00000
0.04089
0.13579
0.25358
0.37493
0.47997
0.55147
0.57771
0.55439
0.48533
0.38185
0.26092
0.14236
0.00000
0.00000
0.00000
0.00000
0.00000
0.00000
0.00000
0.00000
0.00000
0.00000
0.00000
0.00000
0.03707
0.12311
0.22990
0.33992
0.43515
0.49997
0.52376
0.50262
0.44001
0.34620
0.23656
0.12907
0.00000
0.00000
0.00000
0.00000
0.00000
0.00000
0.00000
0.00000
0.00000
0.00000
0.00000
0.00000
0.04716
0.15662
0.29247
0.43244
0.55359
0.63605
0.66632
0.63942
0.55977
0.44042
0.30095
0.16420
0.00000
0.00000
0.00000
0.00000
0.00000
0.00000
0.00000
0.00000
0.00000
0.00000
0.00000
0.00000
0.05291
0.17570
0.32809
0.48511
0.62101
0.71352
0.74747
0.71730
0.62795
0.49406
0.33760
0.18420
0.00000
0.00000
0.00000
0.00000
0.00000
0.00000
0.00000
0.00000
0.00000
0.00000
0.00000
0.00000
0.04461
0.14816
0.27667
0.40908
0.52368
0.60169
0.63032
0.60487
0.52953
0.41663
0.28469
0.15533
0.00000
0.00000
0.00000
0.00000
0.00000
0.00000
0.00000
0.00000
0.00000
0.00000
0.00000
0.00000
0.04279
0.14210
0.26536
0.39236
0.50228
0.57710
0.60456
0.58015
0.50789
0.39960
0.27305
0.14898
0.00000
0.00000
0.00000
0.00000
0.00000
0.00000
0.00000
0.00000
0.00000
0.00000
0.00000
0.00000
0.04923
0.16349
0.30530
0.45140
0.57786
0.66394
0.69553
0.66746
0.58432
0.45974
0.31414
0.17140
0.00000
0.00000
0.00000
0.00000
0.00000
0.00000
0.00000
0.00000
0.00000
0.00000
0.00000
0.00000
0.03800
0.12618
0.23563
0.34840
0.44600
0.51243
0.53682
0.51515
0.45098
0.35483
0.24246
0.13229
0.00000
0.00000
0.00000
0.00000
0.00000
0.00000
0.00000
0.00000
0.00000
0.00000
0.00000
0.00000
0.02222
0.07380
0.13781
0.20377
0.26085
0.29971
0.31397
0.30129
0.26376
0.20753
0.14181
0.07737
0.00000
0.00000
0.00000
0.00000
0.00000
0.00000
0.00000
0.00000
0.00000
0.00000
0.00000
0.00000
0.03697
0.12278
0.22929
0.33902
0.43399
0.49864
0.52237
0.50128
0.43884
0.34527
0.23593
0.12873
0.00000
0.00000
0.00000
0.00000
0.00000
0.00000
0.00000
0.00000
0.00000
0.00000
0.00000
0.00000
0.02893
0.09606
0.17939
0.26524
0.33954
0.39012
0.40868
0.39219
0.34333
0.27013
0.18458
0.10071
0.00000
0.00000
0.00000
0.00000
0.00000
0.00000
0.00000
0.00000
0.00000
0.00000
0.00000
0.00000
0.03822
0.12693
0.23703
0.35047
0.44865
0.51548
0.54001
0.51821
0.45366
0.35694
0.24390
0.13307
0.00000
0.00000
0.00000
0.00000
0.00000
0.00000
0.00000
0.00000
0.00000
0.00000
0.00000
0.00000
0.04216
0.14001
0.26144
0.38657
0.49486
0.56858
0.59563
0.57159
0.50039
0.39370
0.26902
0.14678
0.00000
0.00000
0.00000
0.00000
0.00000
0.00000
0.00000
0.00000
0.00000
0.00000
0.00000
0.00000
0.04918
0.16334
0.30501
0.45098
0.57733
0.66333
0.69489
0.66684
0.58377
0.45931
0.31385
0.17124
0.00000
0.00000
0.00000
0.00000
0.00000
0.00000
0.00000
0.00000
0.00000
0.00000
0.00000
0.00000
0.03399
0.12511
0.24250
0.36640
0.47596
0.55276
0.58386
0.56403
0.49661
0.39295
0.27049
0.14983
0.00000
0.00000
0.00000
0.00000
0.00000
0.00000
0.00000
0.00000
0.00000
0.00000
0.00000
0.00000
0.03297
0.12133
0.23517
0.35533
0.46158
0.53605
0.56621
0.54699
0.48161
0.38108
0.26231
0.14530
0.00000
0.00000
0.00000
0.00000
0.00000
0.00000
0.00000
0.00000
0.00000
0.00000
0.00000
0.00000
0.04196
0.15443
0.29933
0.45226
0.58751
0.68230
0.72069
0.69621
0.61300
0.48504
0.33388
0.18494
0.00000
0.00000
0.00000
0.00000
0.00000
0.00000
0.00000
0.00000
0.00000
0.00000
0.00000
0.00000
0.03960
0.14573
0.28246
0.42678
0.55441
0.64386
0.68008
0.65699
0.57846
0.45771
0.31506
0.17452
0.00000
0.00000
0.00000
0.00000
0.00000
0.00000
0.00000
0.00000
0.00000
0.00000
0.00000
0.00000
0.03107
0.11434
0.22161
0.33484
0.43497
0.50515
0.53357
0.51546
0.45385
0.35911
0.24719
0.13692
0.00000
0.00000
0.00000
0.00000
0.00000
0.00000
0.00000
0.00000
0.00000
0.00000
0.00000
0.00000
0.02625
0.09661
0.18725
0.28292
0.36752
0.42681
0.45083
0.43552
0.38346
0.30342
0.20886
0.11569
0.00000
0.00000
0.00000
0.00000
0.00000
0.00000
0.00000
0.00000
0.00000
0.00000
0.00000
0.00000
0.03054
0.11238
0.21782
0.32911
0.42753
0.49651
0.52444
0.50663
0.44608
0.35296
0.24296
0.13458
0.00000
0.00000
0.00000
0.00000
0.00000
0.00000
0.00000
0.00000
0.00000
0.00000
0.00000
0.00000
0.02623
0.09653
0.18710
0.28270
0.36723
0.42648
0.45048
0.43518
0.38317
0.30318
0.20870
0.11560
0.00000
0.00000
0.00000
0.00000
0.00000
0.00000
0.00000
0.00000
0.00000
0.00000
0.00000
0.00000
0.03646
0.13419
0.26008
0.39297
0.51048
0.59284
0.62620
0.60493
0.53263
0.42145
0.29010
0.16069
0.00000
0.00000
0.00000
0.00000
0.00000
0.00000
0.00000
0.00000
0.00000
0.00000
0.00000
0.00000
0.04259
0.15674
0.30381
0.45903
0.59629
0.69250
0.73147
0.70663
0.62217
0.49230
0.33887
0.18770
0.00000
0.00000
0.00000
0.00000
0.00000
0.00000
0.00000
0.00000
0.00000
0.00000
0.00000
0.00000
0.03141
0.11559
0.22404
0.33851
0.43973
0.51068
0.53941
0.52110
0.45881
0.36304
0.24990
0.13842
0.00000
0.00000
0.00000
0.00000
0.00000
0.00000
0.00000
0.00000
0.00000
0.00000
0.00000
0.00000
0.02911
0.10714
0.20767
0.31377
0.40760
0.47336
0.50000
0.48302
0.42528
0.33651
0.23164
0.12831
0.00000
0.00000
0.00000
0.00000
0.00000
0.00000
0.00000
0.00000
0.00000
0.00000
0.00000
0.00000
0.03553
0.13077
0.25346
0.38296
0.49748
0.57775
0.61025
0.58953
0.51907
0.41072
0.28271
0.15660
0.00000
0.00000
0.00000
0.00000
0.00000
0.00000
0.00000
0.00000
0.00000
0.00000
0.00000
0.00000
0.02459
0.09049
0.17539
0.26500
0.34425
0.39979
0.42228
0.40794
0.35918
0.28421
0.19563
0.10836
0.00000
0.00000
0.00000
0.00000
0.00000
0.00000
0.00000
0.00000
0.00000
0.00000
0.00000
0.00000
0.03901
0.14357
0.27828
0.42046
0.54619
0.63431
0.67000
0.64725
0.56989
0.45093
0.31039
0.17193
0.00000
0.00000
0.00000
0.00000
0.00000
0.00000
0.00000
0.00000
0.00000
0.00000
0.00000
0.00000
0.03600
0.13250
0.25681
0.38802
0.50405
0.58538
0.61831
0.59732
0.52592
0.41614
0.28645
0.15867
0.00000
0.00000
0.00000
0.00000
0.00000
0.00000
0.00000
0.00000
0.00000
0.00000
0.00000
0.00000
0.02336
0.08598
0.16664
0.25179
0.32708
0.37985
0.40122
0.38760
0.34127
0.27003
0.18588
0.10296
0.00000
0.00000
0.00000
0.00000
0.00000
0.00000
0.00000
0.00000
0.00000
0.00000
0.00000
0.00000
0.04499
0.16559
0.32095
0.48493
0.62994
0.73158
0.77274
0.74650
0.65728
0.52008
0.35799
0.19830
0.00000
0.00000
0.00000
0.00000
0.00000
0.00000
0.00000
0.00000
0.00000
0.00000
0.00000
0.00000
0.04045
0.14888
0.28856
0.43599
0.56636
0.65774
0.69475
0.67116
0.59094
0.46759
0.32186
0.17828
0.00000
0.00000
0.00000
0.00000
0.00000
0.00000
0.00000
0.00000
0.00000
0.00000
0.00000
0.00000
0.02862
0.10535
0.20419
0.30852
0.40078
0.46544
0.49163
0.47493
0.41817
0.33088
0.22776
0.12616
0.00000
0.00000
0.00000
0.00000
0.00000
0.00000
0.00000
0.00000
0.00000
0.00000
0.00000
0.00000
0.03330
0.12257
0.23757
0.35896
0.46630
0.54153
0.57200
0.55257
0.48653
0.38497
0.26499
0.14678
0.00000
0.00000
0.00000
0.00000
0.00000
0.00000
0.00000
0.00000
0.00000
0.00000
0.00000
0.00000
0.02713
0.09985
0.19353
0.29241
0.37986
0.44114
0.46596
0.45014
0.39634
0.31361
0.21587
0.11957
0.00000
0.00000
0.00000
0.00000
0.00000
0.00000
0.00000
0.00000
0.00000
0.00000
0.00000
0.00000
0.02663
0.09801
0.18997
0.28703
0.37287
0.43303
0.45739
0.44186
0.38904
0.30784
0.21190
0.11737
0.00000
0.00000
0.00000
0.00000
0.00000
0.00000
0.00000
0.00000
0.00000
0.00000
0.00000
0.00000
0.02859
0.10522
0.20395
0.30815
0.40030
0.46489
0.49104
0.47437
0.41767
0.33049
0.22749
0.12601
0.00000
0.00000
0.00000
0.00000
0.00000
0.00000
0.00000
0.00000
0.00000
0.00000
0.00000
0.00000
0.03744
0.13779
0.26706
0.40351
0.52417
0.60875
0.64300
0.62116
0.54692
0.43275
0.29788
0.16500
0.00000
0.00000
0.00000
0.00000
0.00000
0.00000
0.00000
0.00000
0.00000
0.00000
0.00000
0.00000
0.03358
0.12359
0.23955
0.36194
0.47017
0.54603
0.57675
0.55716
0.49057
0.38817
0.26719
0.14800
0.00000
0.00000
0.00000
0.00000
0.00000
0.00000
0.00000
0.00000
0.00000
0.00000
0.00000
0.00000
0.03690
0.13582
0.26324
0.39774
0.51668
0.60004
0.63380
0.61228
0.53909
0.42656
0.29362
0.16264
0.00000
0.00000
0.00000
0.00000
0.00000
0.00000
0.00000
0.00000
0.00000
0.00000
0.00000
0.00000
0.03631
0.13362
0.25899
0.39131
0.50833
0.59035
0.62356
0.60239
0.53039
0.41967
0.28888
0.16001
0.00000
0.00000
0.00000
0.00000
0.00000
0.00000
0.00000
0.00000
0.00000
0.00000
0.00000
0.00000
0.01890
0.06954
0.13479
0.20366
0.26456
0.30725
0.32453
0.31351
0.27604
0.21842
0.15035
0.08328
0.00000
0.00000
0.00000
0.00000
0.00000
0.00000
0.00000
0.00000
0.00000
0.00000
0.00000
0.00000
0.02977
0.10958
0.21239
0.32091
0.41687
0.48413
0.51137
0.49401
0.43496
0.34417
0.23691
0.13122
0.00000
0.00000
0.00000
0.00000
0.00000
0.00000
0.00000
0.00000
0.00000
0.00000
0.00000
0.00000
0.03629
0.13357
0.25890
0.39118
0.50815
0.59014
0.62334
0.60218
0.53020
0.41953
0.28878
0.15996
0.00000
0.00000
0.00000
0.00000
0.00000
