0.00000
0.00000
0.00000
0.00000
0.00000
0.00000
0.00000
0.03974
0.13769
0.27568
0.42945
0.57193
0.67807
0.72919
0.71629
0.64164
0.51839
0.36820
0.21751
0.00000
0.00000
0.00000
0.00000
0.00000
0.00000
0.00000
0.00000
0.00000
0.00000
0.00000
0.00000
0.04032
0.13970
0.27971
0.43572
0.58028
0.68797
0.73983
0.72674
0.65101
0.52595
0.37358
0.22069
0.00000
0.00000
0.00000
0.00000
0.00000
0.00000
0.00000
0.00000
0.00000
0.00000
0.00000
0.00000
0.03376
0.11697
0.23421
0.36484
0.48589
0.57606
0.61949
0.60853
0.54512
0.44040
0.31281
0.18479
0.00000
0.00000
0.00000
0.00000
0.00000
0.00000
0.00000
0.00000
0.00000
0.00000
0.00000
0.00000
0.03376
0.11698
0.23422
0.36487
0.48592
0.57610
0.61953
0.60857
0.54515
0.44043
0.31283
0.18480
0.00000
0.00000
0.00000
0.00000
0.00000
0.00000
0.00000
0.00000
0.00000
0.00000
0.00000
0.00000
0.03615
0.12524
0.25077
0.39064
0.52025
0.61679
0.66329
0.65156
0.58366
0.47154
0.33493
0.19786
0.00000
0.00000
0.00000
0.00000
0.00000
0.00000
0.00000
0.00000
0.00000
0.00000
0.00000
0.00000
0.03457
0.11978
0.23983
0.37360
0.49756
0.58989
0.63436
0.62314
0.55820
0.45097
0.32032
0.18923
0.00000
0.00000
0.00000
0.00000
0.00000
0.00000
0.00000
0.00000
0.00000
0.00000
0.00000
0.00000
0.04224
0.14634
0.29300
0.45643
0.60787
0.72068
0.77500
0.76130
0.68196
0.55096
0.39134
0.23118
0.00000
0.00000
0.00000
0.00000
0.00000
0.00000
0.00000
0.00000
0.00000
0.00000
0.00000
0.00000
0.04264
0.14772
0.29577
0.46075
0.61362
0.72749
0.78233
0.76849
0.68841
0.55617
0.39504
0.23337
0.00000
0.00000
0.00000
0.00000
0.00000
0.00000
0.00000
0.00000
0.00000
0.00000
0.00000
0.00000
0.04680
0.16217
0.32470
0.50580
0.67362
0.79863
0.85883
0.84364
0.75573
0.61056
0.43367
0.25619
0.00000
0.00000
0.00000
0.00000
0.00000
0.00000
0.00000
0.00000
0.00000
0.00000
0.00000
0.00000
0.03703
0.12830
0.25688
0.40017
0.53294
0.63184
0.67947
0.66745
0.59789
0.48304
0.34310
0.20268
0.00000
0.00000
0.00000
0.00000
0.00000
0.00000
0.00000
0.00000
0.00000
0.00000
0.00000
0.00000
0.03828
0.13262
0.26553
0.41364
0.55088
0.65311
0.70235
0.68992
0.61803
0.49931
0.35465
0.20951
0.00000
0.00000
0.00000
0.00000
0.00000
0.00000
0.00000
0.00000
0.00000
0.00000
0.00000
0.00000
0.04696
0.16269
0.32575
0.50744
0.67581
0.80122
0.86162
0.84638
0.75818
0.61254
0.43508
0.25702
0.00000
0.00000
0.00000
0.00000
0.00000
0.00000
0.00000
0.00000
0.00000
0.00000
0.00000
0.00000
0.02820
0.09769
0.19561
0.30471
0.40581
0.48112
0.51739
0.50823
0.45527
0.36782
0.26125
0.15433
0.00000
0.00000
0.00000
0.00000
0.00000
0.00000
0.00000
0.00000
0.00000
0.00000
0.00000
0.00000
0.04070
0.14102
0.28235
0.43983
0.58576
0.69447
0.74682
0.73361
0.65716
0.53092
0.37711
0.22277
0.00000
0.00000
0.00000
0.00000
0.00000
0.00000
0.00000
0.00000
0.00000
0.00000
0.00000
0.00000
0.03686
0.12771
0.25571
0.39834
0.53051
0.62896
0.67637
0.66441
0.59517
0.48084
0.34153
0.20176
0.00000
0.00000
0.00000
0.00000
0.00000
0.00000
0.00000
0.00000
0.00000
0.00000
0.00000
0.00000
0.02967
0.10281
0.20586
0.32068
0.42708
0.50634
0.54451
0.53488
0.47914
0.38710
0.27495
0.16242
0.00000
0.00000
0.00000
0.00000
0.00000
0.00000
0.00000
0.00000
0.00000
0.00000
0.00000
0.00000
0.04250
0.14724
0.29481
0.45925
0.61162
0.72512
0.77978
0.76599
0.68616
0.55436
0.39375
0.23260
0.00000
0.00000
0.00000
0.00000
0.00000
0.00000
0.00000
0.00000
0.00000
0.00000
0.00000
0.00000
0.04476
0.15509
0.31052
0.48372
0.64421
0.76376
0.82134
0.80681
0.72273
0.58390
0.41474
0.24500
0.00000
0.00000
0.00000
0.00000
0.00000
0.00000
0.00000
0.00000
0.00000
0.00000
0.00000
0.00000
0.02970
0.10289
0.20602
0.32093
0.42741
0.50673
0.54493
0.53529
0.47951
0.38740
0.27516
0.16255
0.00000
0.00000
0.00000
0.00000
0.00000
0.00000
0.00000
0.00000
0.00000
0.00000
0.00000
0.00000
0.03993
0.13836
0.27702
0.43154
0.57472
0.68137
0.73274
0.71978
0.64477
0.52091
0.37000
0.21857
0.00000
0.00000
0.00000
0.00000
0.00000
0.00000
0.00000
0.00000
0.00000
0.00000
0.00000
0.00000
0.03720
0.12889
0.25807
0.40202
0.53540
0.63476
0.68261
0.67053
0.60066
0.48528
0.34468
0.20362
0.00000
0.00000
0.00000
0.00000
0.00000
0.00000
0.00000
0.00000
0.00000
0.00000
0.00000
0.00000
0.03697
0.12810
0.25649
0.39955
0.53211
0.63086
0.67842
0.66642
0.59697
0.48230
0.34257
0.20237
0.00000
0.00000
0.00000
0.00000
0.00000
0.00000
0.00000
0.00000
0.00000
0.00000
0.00000
0.00000
0.04781
0.16564
0.33166
0.51665
0.68806
0.81575
0.87725
0.86173
0.77193
0.62365
0.44297
0.26168
0.00000
0.00000
0.00000
0.00000
0.00000
0.00000
0.00000
0.00000
0.00000
0.00000
0.00000
0.00000
0.03875
0.13426
0.26883
0.41877
0.55771
0.66121
0.71106
0.69848
0.62569
0.50550
0.35905
0.21210
0.00000
0.00000
0.00000
0.00000
0.00000
0.00000
0.00000
0.00000
0.00000
0.00000
0.00000
0.00000
0.04231
0.14658
0.29349
0.45720
0.60889
0.72188
0.77630
0.76257
0.68310
0.55188
0.39199
0.23157
0.00000
0.00000
0.00000
0.00000
0.00000
0.00000
0.00000
0.00000
0.00000
0.00000
0.00000
0.00000
0.03659
0.12677
0.25382
0.39539
0.52658
0.62430
0.67136
0.65948
0.59076
0.47728
0.33900
0.20026
0.00000
0.00000
0.00000
0.00000
0.00000
0.00000
0.00000
0.00000
0.00000
0.00000
0.00000
0.00000
0.04417
0.15304
0.30641
0.47732
0.63569
0.75366
0.81047
0.79614
0.71317
0.57618
0.40925
0.24176
0.00000
0.00000
0.00000
0.00000
0.00000
0.00000
0.00000
0.00000
0.00000
0.00000
0.00000
0.00000
0.04677
0.16204
0.32445
0.50542
0.67311
0.79803
0.85818
0.84300
0.75515
0.61009
0.43334
0.25599
0.00000
0.00000
0.00000
0.00000
0.00000
0.00000
0.00000
0.00000
0.00000
0.00000
0.00000
0.00000
0.04065
0.14084
0.28200
0.43929
0.58504
0.69361
0.74590
0.73271
0.65635
0.53027
0.37664
0.22250
0.00000
0.00000
0.00000
0.00000
0.00000
0.00000
0.00000
0.00000
0.00000
0.00000
0.00000
0.00000
0.03854
0.13355
0.26739
0.41654
0.55474
0.65768
0.70726
0.69475
0.62235
0.50280
0.35713
0.21097
0.00000
0.00000
0.00000
0.00000
0.00000
0.00000
0.00000
0.00000
0.00000
0.00000
0.00000
0.00000
0.04035
0.13980
0.27992
0.43605
0.58072
0.68849
0.74039
0.72729
0.65150
0.52635
0.37386
0.22085
0.00000
0.00000
0.00000
0.00000
0.00000
0.00000
0.00000
0.00000
0.00000
0.00000
0.00000
0.00000
0.00497
0.10044
0.21253
0.32602
0.42549
0.49744
0.53210
0.52475
0.47640
0.39362
0.28764
0.17286
0.06486
0.00000
0.00000
0.00000
0.00000
0.00000
0.00000
0.00000
0.00000
0.00000
0.00000
0.00000
0.00733
0.14819
0.31357
0.48101
0.62777
0.73392
0.78505
0.77421
0.70288
0.58074
0.42438
0.25503
0.09569
0.00000
0.00000
0.00000
0.00000
0.00000
0.00000
0.00000
0.00000
0.00000
0.00000
0.00000
0.00734
0.14850
0.31422
0.48200
0.62907
0.73544
0.78668
0.77582
0.70434
0.58194
0.42526
0.25556
0.09589
0.00000
0.00000
0.00000
0.00000
0.00000
0.00000
0.00000
0.00000
0.00000
0.00000
0.00000
0.00667
0.13491
0.28547
0.43790
0.57151
0.66815
0.71470
0.70483
0.63989
0.52870
0.38635
0.23217
0.08711
0.00000
0.00000
0.00000
0.00000
0.00000
0.00000
0.00000
0.00000
0.00000
0.00000
0.00000
0.00635
0.12829
0.27146
0.41641
0.54346
0.63536
0.67962
0.67024
0.60849
0.50275
0.36739
0.22078
0.08284
0.00000
0.00000
0.00000
0.00000
0.00000
0.00000
0.00000
0.00000
0.00000
0.00000
0.00000
0.00574
0.11596
0.24536
0.37638
0.49121
0.57428
0.61428
0.60580
0.54999
0.45442
0.33207
0.19955
0.07487
0.00000
0.00000
0.00000
0.00000
0.00000
0.00000
0.00000
0.00000
0.00000
0.00000
0.00000
0.00761
0.15395
0.32575
0.49969
0.65215
0.76242
0.81554
0.80428
0.73018
0.60329
0.44086
0.26493
0.09940
0.00000
0.00000
0.00000
0.00000
0.00000
0.00000
0.00000
0.00000
0.00000
0.00000
0.00000
0.00702
0.14184
0.30013
0.46039
0.60086
0.70246
0.75140
0.74103
0.67275
0.55585
0.40619
0.24410
0.09159
0.00000
0.00000
0.00000
0.00000
0.00000
0.00000
0.00000
0.00000
0.00000
0.00000
0.00000
0.00823
0.16645
0.35221
0.54028
0.70513
0.82437
0.88180
0.86962
0.78950
0.65231
0.47668
0.28646
0.10748
0.00000
0.00000
0.00000
0.00000
0.00000
0.00000
0.00000
0.00000
0.00000
0.00000
0.00000
0.00710
0.14348
0.30360
0.46572
0.60781
0.71059
0.76010
0.74960
0.68054
0.56228
0.41089
0.24692
0.09265
0.00000
0.00000
0.00000
0.00000
0.00000
0.00000
0.00000
0.00000
0.00000
0.00000
0.00000
0.00627
0.12684
0.26838
0.41169
0.53730
0.62816
0.67192
0.66265
0.60159
0.49705
0.36322
0.21828
0.08190
0.00000
0.00000
0.00000
0.00000
0.00000
0.00000
0.00000
0.00000
0.00000
0.00000
0.00000
0.00754
0.15249
0.32268
0.49498
0.64600
0.75524
0.80785
0.79670
0.72330
0.59761
0.43671
0.26244
0.09847
0.00000
0.00000
0.00000
0.00000
0.00000
0.00000
0.00000
0.00000
0.00000
0.00000
0.00000
0.00757
0.15300
0.32374
0.49662
0.64814
0.75774
0.81053
0.79934
0.72569
0.59959
0.43815
0.26330
0.09879
0.00000
0.00000
0.00000
0.00000
0.00000
0.00000
0.00000
0.00000
0.00000
0.00000
0.00000
0.00794
0.16061
0.33984
0.52131
0.68037
0.79542
0.85083
0.83908
0.76177
0.62940
0.45994
0.27640
0.10371
0.00000
0.00000
0.00000
0.00000
0.00000
0.00000
0.00000
0.00000
0.00000
0.00000
0.00000
0.00562
0.11357
0.24031
0.36863
0.48110
0.56245
0.60164
0.59333
0.53866
0.44506
0.32523
0.19545
0.07333
0.00000
0.00000
0.00000
0.00000
0.00000
0.00000
0.00000
0.00000
0.00000
0.00000
0.00000
0.00767
0.15509
0.32816
0.50339
0.65698
0.76808
0.82159
0.81024
0.73559
0.60777
0.44413
0.26690
0.10014
0.00000
0.00000
0.00000
0.00000
0.00000
0.00000
0.00000
0.00000
0.00000
0.00000
0.00000
0.00717
0.14501
0.30684
0.47069
0.61430
0.71817
0.76821
0.75760
0.68780
0.56828
0.41527
0.24956
0.09364
0.00000
0.00000
0.00000
0.00000
0.00000
0.00000
0.00000
0.00000
0.00000
0.00000
0.00000
0.00720
0.14566
0.30822
0.47281
0.61707
0.72141
0.77167
0.76102
0.69090
0.57084
0.41714
0.25068
0.09406
0.00000
0.00000
0.00000
0.00000
0.00000
0.00000
0.00000
0.00000
0.00000
0.00000
0.00000
0.00619
0.12516
0.26484
0.40626
0.53021
0.61986
0.66305
0.65389
0.59365
0.49049
0.35843
0.21540
0.08082
0.00000
0.00000
0.00000
0.00000
0.00000
0.00000
0.00000
0.00000
0.00000
0.00000
0.00000
0.00841
0.17010
0.35993
0.55213
0.72059
0.84244
0.90113
0.88869
0.80681
0.66661
0.48713
0.29274
0.10984
0.00000
0.00000
0.00000
0.00000
0.00000
0.00000
0.00000
0.00000
0.00000
0.00000
0.00000
0.00854
0.17256
0.36513
0.56010
0.73099
0.85460
0.91414
0.90152
0.81846
0.67623
0.49416
0.29696
0.11142
0.00000
0.00000
0.00000
0.00000
0.00000
0.00000
0.00000
0.00000
0.00000
0.00000
0.00000
0.00810
0.16371
0.34641
0.53138
0.69351
0.81078
0.86727
0.85530
0.77649
0.64156
0.46882
0.28174
0.10571
0.00000
0.00000
0.00000
0.00000
0.00000
0.00000
0.00000
0.00000
0.00000
0.00000
0.00000
0.00518
0.10481
0.22177
0.34019
0.44398
0.51906
0.55522
0.54755
0.49711
0.41072
0.30014
0.18037
0.06767
0.00000
0.00000
0.00000
0.00000
0.00000
0.00000
0.00000
0.00000
0.00000
0.00000
0.00000
0.00781
0.15783
0.33396
0.51229
0.66860
0.78166
0.83611
0.82457
0.74860
0.61851
0.45198
0.27162
0.10191
0.00000
0.00000
0.00000
0.00000
0.00000
0.00000
0.00000
0.00000
0.00000
0.00000
0.00000
0.00640
0.12943
0.27388
0.42013
0.54831
0.64103
0.68569
0.67622
0.61392
0.50724
0.37067
0.22275
0.08358
0.00000
0.00000
0.00000
0.00000
0.00000
0.00000
0.00000
0.00000
0.00000
0.00000
0.00000
0.00813
0.16446
0.34799
0.53382
0.69669
0.81450
0.87124
0.85921
0.78005
0.64450
0.47097
0.28303
0.10619
0.00000
0.00000
0.00000
0.00000
0.00000
0.00000
0.00000
0.00000
0.00000
0.00000
0.00000
0.00722
0.14606
0.30907
0.47410
0.61876
0.72339
0.77378
0.76310
0.69279
0.57241
0.41829
0.25137
0.09432
0.00000
0.00000
0.00000
0.00000
0.00000
0.00000
0.00000
0.00000
0.00000
0.00000
0.00000
0.00808
0.16338
0.34571
0.53031
0.69211
0.80914
0.86551
0.85356
0.77492
0.64026
0.46787
0.28117
0.10550
0.00000
0.00000
0.00000
0.00000
0.00000
0.00000
0.00000
0.00000
0.00000
0.00000
0.00440
0.04213
0.12899
0.24981
0.38348
0.50666
0.59784
0.64108
0.62884
0.56325
0.45577
0.32517
0.19427
0.08592
0.00000
0.00000
0.00000
0.00000
0.00000
0.00000
0.00000
0.00000
0.00000
0.00000
0.00502
0.04801
0.14699
0.28466
0.43698
0.57735
0.68125
0.73053
0.71658
0.64184
0.51936
0.37054
0.22137
0.09791
0.00000
0.00000
0.00000
0.00000
0.00000
0.00000
0.00000
0.00000
0.00000
0.00000
0.00539
0.05155
0.15782
0.30564
0.46919
0.61990
0.73145
0.78436
0.76938
0.68914
0.55764
0.39785
0.23769
0.10512
0.00000
0.00000
0.00000
0.00000
0.00000
0.00000
0.00000
0.00000
0.00000
0.00000
0.00563
0.05383
0.16480
0.31916
0.48995
0.64734
0.76383
0.81908
0.80344
0.71964
0.58232
0.41546
0.24821
0.10978
0.00000
0.00000
0.00000
0.00000
0.00000
0.00000
0.00000
0.00000
0.00000
0.00000
0.00596
0.05700
0.17452
0.33797
0.51883
0.68549
0.80884
0.86735
0.85079
0.76205
0.61664
0.43994
0.26284
0.11625
0.00000
0.00000
0.00000
0.00000
0.00000
0.00000
0.00000
0.00000
0.00000
0.00000
0.00490
0.04689
0.14356
0.27802
0.42679
0.56389
0.66536
0.71349
0.69987
0.62687
0.50725
0.36190
0.21621
0.09563
0.00000
0.00000
0.00000
0.00000
0.00000
0.00000
0.00000
0.00000
0.00000
0.00000
0.00539
0.05160
0.15796
0.30592
0.46962
0.62048
0.73213
0.78509
0.77010
0.68978
0.55815
0.39822
0.23791
0.10522
0.00000
0.00000
0.00000
0.00000
0.00000
0.00000
0.00000
0.00000
0.00000
0.00000
0.00391
0.03742
0.11457
0.22189
0.34062
0.45003
0.53102
0.56943
0.55856
0.50030
0.40483
0.28883
0.17256
0.07632
0.00000
0.00000
0.00000
0.00000
0.00000
0.00000
0.00000
0.00000
0.00000
0.00000
0.00578
0.05526
0.16917
0.32763
0.50294
0.66450
0.78408
0.84079
0.82474
0.73872
0.59776
0.42647
0.25479
0.11269
0.00000
0.00000
0.00000
0.00000
0.00000
0.00000
0.00000
0.00000
0.00000
0.00000
0.00504
0.04825
0.14771
0.28606
0.43913
0.58019
0.68460
0.73412
0.72010
0.64500
0.52192
0.37237
0.22246
0.09839
0.00000
0.00000
0.00000
0.00000
0.00000
0.00000
0.00000
0.00000
0.00000
0.00000
0.00565
0.05405
0.16547
0.32046
0.49195
0.64997
0.76694
0.82241
0.80671
0.72257
0.58469
0.41715
0.24922
0.11022
0.00000
0.00000
0.00000
0.00000
0.00000
0.00000
0.00000
0.00000
0.00000
0.00000
0.00460
0.04400
0.13470
0.26086
0.40045
0.52909
0.62430
0.66945
0.65667
0.58818
0.47594
0.33957
0.20287
0.08972
0.00000
0.00000
0.00000
0.00000
0.00000
0.00000
0.00000
0.00000
0.00000
0.00000
0.00551
0.05271
0.16136
0.31250
0.47973
0.63383
0.74789
0.80198
0.78667
0.70462
0.57016
0.40679
0.24303
0.10749
0.00000
0.00000
0.00000
0.00000
0.00000
0.00000
0.00000
0.00000
0.00000
0.00000
0.00508
0.04860
0.14879
0.28816
0.44236
0.58446
0.68963
0.73951
0.72539
0.64973
0.52575
0.37510
0.22410
0.09911
0.00000
0.00000
0.00000
0.00000
0.00000
0.00000
0.00000
0.00000
0.00000
0.00000
0.00516
0.04937
0.15115
0.29272
0.44936
0.59371
0.70055
0.75122
0.73687
0.66002
0.53407
0.38104
0.22764
0.10068
0.00000
0.00000
0.00000
0.00000
0.00000
0.00000
0.00000
0.00000
0.00000
0.00000
0.00385
0.03686
0.11285
0.21855
0.33550
0.44327
0.52304
0.56087
0.55016
0.49278
0.39875
0.28449
0.16996
0.07517
0.00000
0.00000
0.00000
0.00000
0.00000
0.00000
0.00000
0.00000
0.00000
0.00000
0.00437
0.04175
0.12783
0.24756
0.38003
0.50210
0.59245
0.63531
0.62318
0.55818
0.45167
0.32225
0.19252
0.08515
0.00000
0.00000
0.00000
0.00000
0.00000
0.00000
0.00000
0.00000
0.00000
0.00000
0.00567
0.05420
0.16594
0.32137
0.49334
0.65181
0.76911
0.82474
0.80899
0.72461
0.58634
0.41833
0.24992
0.11054
0.00000
0.00000
0.00000
0.00000
0.00000
0.00000
0.00000
0.00000
0.00000
0.00000
0.00529
0.05058
0.15485
0.29989
0.46037
0.60825
0.71771
0.76962
0.75492
0.67619
0.54716
0.39037
0.23322
0.10315
0.00000
0.00000
0.00000
0.00000
0.00000
0.00000
0.00000
0.00000
0.00000
0.00000
0.00575
0.05502
0.16846
0.32625
0.50083
0.66170
0.78078
0.83726
0.82127
0.73561
0.59524
0.42468
0.25372
0.11221
0.00000
0.00000
0.00000
0.00000
0.00000
0.00000
0.00000
0.00000
0.00000
0.00000
0.00512
0.04901
0.15006
0.29061
0.44612
0.58942
0.69549
0.74580
0.73156
0.65525
0.53022
0.37829
0.22600
0.09996
0.00000
0.00000
0.00000
0.00000
0.00000
0.00000
0.00000
0.00000
0.00000
0.00000
0.00411
0.03935
0.12048
0.23332
0.35817
0.47322
0.55838
0.59877
0.58734
0.52608
0.42569
0.30371
0.18145
0.08025
0.00000
0.00000
0.00000
0.00000
0.00000
0.00000
0.00000
0.00000
0.00000
0.00000
0.00572
0.05476
0.16764
0.32466
0.49839
0.65849
0.77699
0.83319
0.81728
0.73204
0.59235
0.42262
0.25248
0.11167
0.00000
0.00000
0.00000
0.00000
0.00000
0.00000
0.00000
0.00000
0.00000
0.00000
0.00494
0.04729
0.14477
0.28036
0.43039
0.56864
0.67097
0.71950
0.70576
0.63215
0.51152
0.36495
0.21803
0.09643
0.00000
0.00000
0.00000
0.00000
0.00000
0.00000
0.00000
0.00000
0.00000
0.00000
0.00412
0.03937
0.12054
0.23343
0.35835
0.47345
0.55865
0.59906
0.58762
0.52633
0.42590
0.30386
0.18154
0.08029
0.00000
0.00000
0.00000
0.00000
0.00000
0.00000
0.00000
0.00000
0.00000
0.00000
0.00465
0.04452
0.13629
0.26395
0.40520
0.53536
0.63169
0.67739
0.66445
0.59515
0.48158
0.34359
0.20527
0.09079
0.00000
0.00000
0.00000
0.00000
0.00000
0.00000
0.00000
0.00000
0.00000
0.00000
0.00514
0.04913
0.15043
0.29132
0.44721
0.59087
0.69720
0.74763
0.73335
0.65686
0.53152
0.37922
0.22656
0.10020
0.00000
0.00000
0.00000
0.00000
0.00000
0.00000
0.00000
0.00000
0.00000
0.00000
0.00444
0.04252
0.13017
0.25209
0.38698
0.51129
0.60330
0.64694
0.63458
0.56840
0.45994
0.32814
0.19604
0.08671
0.00000
0.00000
0.00000
0.00000
0.00000
0.00000
0.00000
0.00000
0.00000
0.00000
0.00513
0.04909
0.15028
0.29104
0.44678
0.59029
0.69652
0.74690
0.73264
0.65622
0.53100
0.37885
0.22634
0.10010
0.00000
0.00000
0.00000
0.00000
0.00000
0.00000
0.00000
0.00000
0.00000
0.00000
0.00461
0.04409
0.13498
0.26141
0.40129
0.53020
0.62561
0.67086
0.65805
0.58942
0.47694
0.34028
0.20329
0.08991
0.00000
0.00000
0.00000
0.00000
0.00000
0.00000
0.00000
0.00000
0.00000
0.00000
0.00529
0.05064
0.15503
0.30025
0.46091
0.60897
0.71855
0.77053
0.75581
0.67698
0.54780
0.39083
0.23350
0.10327
0.00000
0.00000
0.00000
0.00000
0.00000
0.00000
0.00000
0.00000
0.00000
0.00000
0.00000
0.04693
0.14963
0.28860
0.44051
0.57984
0.68320
0.73322
0.72150
0.65002
0.53077
0.38378
0.23375
0.00000
0.00000
0.00000
0.00000
0.00000
0.00000
0.00000
0.00000
0.00000
0.00000
0.00000
0.00000
0.01551
0.04946
0.09539
0.14560
0.19165
0.22581
0.24235
0.23847
0.21485
0.17543
0.12685
0.07726
0.00000
0.00000
0.00000
0.00000
0.00000
0.00000
0.00000
0.00000
0.00000
0.00000
0.00000
0.00000
0.04332
0.13810
0.26636
0.40657
0.53517
0.63056
0.67673
0.66592
0.59994
0.48987
0.35421
0.21574
0.00000
0.00000
0.00000
0.00000
0.00000
0.00000
0.00000
0.00000
0.00000
0.00000
0.00000
0.00000
0.03257
0.10382
0.20025
0.30566
0.40234
0.47406
0.50877
0.50064
0.45104
0.36829
0.26630
0.16219
0.00000
0.00000
0.00000
0.00000
0.00000
0.00000
0.00000
0.00000
0.00000
0.00000
0.00000
0.00000
0.04590
0.14633
0.28225
0.43082
0.56709
0.66817
0.71709
0.70563
0.63572
0.51909
0.37534
0.22860
0.00000
0.00000
0.00000
0.00000
0.00000
0.00000
0.00000
0.00000
0.00000
0.00000
0.00000
0.00000
0.02682
0.08551
0.16493
0.25174
0.33136
0.39043
0.41902
0.41232
0.37147
0.30332
0.21932
0.13358
0.00000
0.00000
0.00000
0.00000
0.00000
0.00000
0.00000
0.00000
0.00000
0.00000
0.00000
0.00000
0.03745
0.11939
0.23028
0.35149
0.46267
0.54514
0.58505
0.57570
0.51866
0.42351
0.30623
0.18651
0.00000
0.00000
0.00000
0.00000
0.00000
0.00000
0.00000
0.00000
0.00000
0.00000
0.00000
0.00000
0.05455
0.17392
0.33546
0.51204
0.67401
0.79415
0.85229
0.83867
0.75558
0.61696
0.44610
0.27171
0.00000
0.00000
0.00000
0.00000
0.00000
0.00000
0.00000
0.00000
0.00000
0.00000
0.00000
0.00000
0.03226
0.10284
0.19836
0.30277
0.39854
0.46958
0.50396
0.49591
0.44677
0.36481
0.26378
0.16066
0.00000
0.00000
0.00000
0.00000
0.00000
0.00000
0.00000
0.00000
0.00000
0.00000
0.00000
0.00000
0.05628
0.17943
0.34609
0.52826
0.69535
0.81929
0.87928
0.86522
0.77950
0.63649
0.46023
0.28031
0.00000
0.00000
0.00000
0.00000
0.00000
0.00000
0.00000
0.00000
0.00000
0.00000
0.00000
0.00000
0.04214
0.13434
0.25912
0.39551
0.52061
0.61341
0.65832
0.64780
0.58362
0.47655
0.34458
0.20987
0.00000
0.00000
0.00000
0.00000
0.00000
0.00000
0.00000
0.00000
0.00000
0.00000
0.00000
0.00000
0.01729
0.05512
0.10632
0.16228
0.21361
0.25169
0.27012
0.26580
0.23947
0.19553
0.14138
0.08611
0.00000
0.00000
0.00000
0.00000
0.00000
0.00000
0.00000
0.00000
0.00000
0.00000
0.00000
0.00000
0.04389
0.13991
0.26987
0.41192
0.54221
0.63886
0.68563
0.67467
0.60783
0.49632
0.35887
0.21858
0.00000
0.00000
0.00000
0.00000
0.00000
0.00000
0.00000
0.00000
0.00000
0.00000
0.00000
0.00000
0.05094
0.16240
0.31324
0.47812
0.62935
0.74153
0.79582
0.78310
0.70551
0.57608
0.41655
0.25370
0.00000
0.00000
0.00000
0.00000
0.00000
0.00000
0.00000
0.00000
0.00000
0.00000
0.00000
0.00000
0.03745
0.11940
0.23030
0.35153
0.46272
0.54520
0.58511
0.57576
0.51871
0.42355
0.30626
0.18653
0.00000
0.00000
0.00000
0.00000
0.00000
0.00000
0.00000
0.00000
0.00000
0.00000
0.00000
0.00000
0.04628
0.14756
0.28461
0.43442
0.57183
0.67376
0.72309
0.71154
0.64104
0.52343
0.37848
0.23052
0.00000
0.00000
0.00000
0.00000
0.00000
0.00000
0.00000
0.00000
0.00000
0.00000
0.00000
0.00000
0.04766
0.15195
0.29309
0.44736
0.58887
0.69383
0.74463
0.73273
0.66013
0.53903
0.38975
0.23739
0.00000
0.00000
0.00000
0.00000
0.00000
0.00000
0.00000
0.00000
0.00000
0.00000
0.00000
0.00000
0.04558
0.14532
0.28029
0.42782
0.56315
0.66353
0.71211
0.70073
0.63130
0.51548
0.37273
0.22702
0.00000
0.00000
0.00000
0.00000
0.00000
0.00000
0.00000
0.00000
0.00000
0.00000
0.00000
0.00000
0.04237
0.13508
0.26054
0.39769
0.52348
0.61679
0.66195
0.65137
0.58683
0.47917
0.34648
0.21103
0.00000
0.00000
0.00000
0.00000
0.00000
0.00000
0.00000
0.00000
0.00000
0.00000
0.00000
0.00000
0.04829
0.15396
0.29695
0.45326
0.59663
0.70298
0.75444
0.74239
0.66883
0.54613
0.39489
0.24051
0.00000
0.00000
0.00000
0.00000
0.00000
0.00000
0.00000
0.00000
0.00000
0.00000
0.00000
0.00000
0.04301
0.13713
0.26450
0.40372
0.53142
0.62614
0.67199
0.66125
0.59573
0.48644
0.35173
0.21423
0.00000
0.00000
0.00000
0.00000
0.00000
0.00000
0.00000
0.00000
0.00000
0.00000
0.00000
0.00000
0.03555
0.11334
0.21862
0.33369
0.43924
0.51754
0.55543
0.54655
0.49240
0.40207
0.29072
0.17707
0.00000
0.00000
0.00000
0.00000
0.00000
0.00000
0.00000
0.00000
0.00000
0.00000
0.00000
0.00000
0.05632
0.17955
0.34631
0.52859
0.69579
0.81981
0.87984
0.86578
0.78000
0.63690
0.46052
0.28049
0.00000
0.00000
0.00000
0.00000
0.00000
0.00000
0.00000
0.00000
0.00000
0.00000
0.00000
0.00000
0.04638
0.14786
0.28520
0.43532
0.57301
0.67515
0.72458
0.71300
0.64235
0.52451
0.37926
0.23099
0.00000
0.00000
0.00000
0.00000
0.00000
0.00000
0.00000
0.00000
0.00000
0.00000
0.00000
0.00000
0.03219
0.10262
0.19794
0.30213
0.39770
0.46859
0.50290
0.49486
0.44583
0.36404
0.26323
0.16032
0.00000
0.00000
0.00000
0.00000
0.00000
0.00000
0.00000
0.00000
0.00000
0.00000
0.00000
0.00000
0.05838
0.18611
0.35898
0.54794
0.72125
0.84981
0.91203
0.89746
0.80854
0.66020
0.47737
0.29075
0.00000
0.00000
0.00000
0.00000
0.00000
0.00000
0.00000
0.00000
0.00000
0.00000
0.00000
0.00000
0.04545
0.14490
0.27948
0.42659
0.56152
0.66161
0.71005
0.69870
0.62948
0.51399
0.37165
0.22636
0.00000
0.00000
0.00000
0.00000
0.00000
0.00000
0.00000
0.00000
0.00000
0.00000
0.00000
0.00000
0.04106
0.13089
0.25246
0.38535
0.50724
0.59766
0.64141
0.63116
0.56863
0.46431
0.33573
0.20448
0.00000
0.00000
0.00000
0.00000
0.00000
0.00000
0.00000
0.00000
0.00000
0.00000
0.00000
0.00000
0.03823
0.12189
0.23510
0.35884
0.47235
0.55655
0.59729
0.58775
0.52951
0.43237
0.31263
0.19041
0.00000
0.00000
0.00000
0.00000
0.00000
0.00000
0.00000
0.00000
0.00000
0.00000
0.00000
0.00000
0.03995
0.12737
0.24567
0.37499
0.49359
0.58158
0.62416
0.61418
0.55333
0.45182
0.32670
0.19898
0.00000
0.00000
0.00000
0.00000
0.00000
0.00000
0.00000
0.00000
0.00000
0.00000
0.00000
0.00121
0.02743
0.07233
0.12903
0.18888
0.24272
0.28231
0.30161
0.29766
0.27107
0.22590
0.16907
0.10925
0.00000
0.00000
0.00000
0.00000
0.00000
0.00000
0.00000
0.00000
0.00000
0.00000
0.00000
0.00260
0.05866
0.15465
0.27590
0.40387
0.51899
0.60365
0.64492
0.63648
0.57962
0.48304
0.36150
0.23360
0.00000
0.00000
0.00000
0.00000
0.00000
0.00000
0.00000
0.00000
0.00000
0.00000
0.00000
0.00298
0.06739
0.17768
0.31699
0.46401
0.59627
0.69354
0.74096
0.73126
0.66593
0.55497
0.41534
0.26838
0.00000
0.00000
0.00000
0.00000
0.00000
0.00000
0.00000
0.00000
0.00000
0.00000
0.00000
0.00155
0.03490
0.09202
0.16416
0.24030
0.30880
0.35917
0.38373
0.37870
0.34487
0.28741
0.21510
0.13899
0.00000
0.00000
0.00000
0.00000
0.00000
0.00000
0.00000
0.00000
0.00000
0.00000
0.00000
0.00242
0.05457
0.14387
0.25666
0.37571
0.48279
0.56156
0.59994
0.59209
0.53920
0.44936
0.33629
0.21731
0.00000
0.00000
0.00000
0.00000
0.00000
0.00000
0.00000
0.00000
0.00000
0.00000
0.00000
0.00308
0.06951
0.18325
0.32692
0.47855
0.61496
0.71528
0.76418
0.75418
0.68680
0.57236
0.42835
0.27679
0.00000
0.00000
0.00000
0.00000
0.00000
0.00000
0.00000
0.00000
0.00000
0.00000
0.00000
0.00240
0.05422
0.14294
0.25501
0.37329
0.47969
0.55794
0.59609
0.58828
0.53573
0.44647
0.33413
0.21591
0.00000
0.00000
0.00000
0.00000
0.00000
0.00000
0.00000
0.00000
0.00000
0.00000
0.00000
0.00237
0.05359
0.14129
0.25206
0.36897
0.47414
0.55149
0.58919
0.58148
0.52954
0.44130
0.33027
0.21341
0.00000
0.00000
0.00000
0.00000
0.00000
0.00000
0.00000
0.00000
0.00000
0.00000
0.00000
0.00295
0.06661
0.17562
0.31331
0.45862
0.58935
0.68549
0.73235
0.72277
0.65820
0.54853
0.41051
0.26527
0.00000
0.00000
0.00000
0.00000
0.00000
0.00000
0.00000
0.00000
0.00000
0.00000
0.00000
0.00272
0.06150
0.16215
0.28928
0.42345
0.54415
0.63292
0.67619
0.66734
0.60772
0.50646
0.37903
0.24492
0.00000
0.00000
0.00000
0.00000
0.00000
0.00000
0.00000
0.00000
0.00000
0.00000
0.00000
0.00259
0.05849
0.15421
0.27511
0.40270
0.51748
0.60190
0.64305
0.63464
0.57794
0.48164
0.36046
0.23292
0.00000
0.00000
0.00000
0.00000
0.00000
0.00000
0.00000
0.00000
0.00000
0.00000
0.00000
0.00262
0.05917
0.15599
0.27829
0.40737
0.52348
0.60888
0.65050
0.64199
0.58464
0.48722
0.36463
0.23562
0.00000
0.00000
0.00000
0.00000
0.00000
0.00000
0.00000
0.00000
0.00000
0.00000
0.00000
0.00254
0.05739
0.15131
0.26995
0.39515
0.50778
0.59061
0.63099
0.62273
0.56710
0.47261
0.35370
0.22855
0.00000
0.00000
0.00000
0.00000
0.00000
0.00000
0.00000
0.00000
0.00000
0.00000
0.00000
0.00310
0.07000
0.18455
0.32924
0.48195
0.61932
0.72035
0.76960
0.75953
0.69168
0.57643
0.43139
0.27876
0.00000
0.00000
0.00000
0.00000
0.00000
0.00000
0.00000
0.00000
0.00000
0.00000
0.00000
0.00228
0.05139
0.13550
0.24173
0.35385
0.45471
0.52889
0.56504
0.55765
0.50783
0.42321
0.31673
0.20466
0.00000
0.00000
0.00000
0.00000
0.00000
0.00000
0.00000
0.00000
0.00000
0.00000
0.00000
0.00255
0.05764
0.15198
0.27114
0.39689
0.51002
0.59322
0.63378
0.62548
0.56961
0.47470
0.35526
0.22956
0.00000
0.00000
0.00000
0.00000
0.00000
0.00000
0.00000
0.00000
0.00000
0.00000
0.00000
0.00275
0.06200
0.16347
0.29164
0.42691
0.54859
0.63808
0.68170
0.67278
0.61268
0.51059
0.38212
0.24692
0.00000
0.00000
0.00000
0.00000
0.00000
0.00000
0.00000
0.00000
0.00000
0.00000
0.00000
0.00205
0.04621
0.12183
0.21734
0.31814
0.40882
0.47551
0.50802
0.50137
0.45659
0.38051
0.28477
0.18401
0.00000
0.00000
0.00000
0.00000
0.00000
0.00000
0.00000
0.00000
0.00000
0.00000
0.00000
0.00283
0.06392
0.16852
0.30065
0.44009
0.56553
0.65779
0.70276
0.69356
0.63161
0.52636
0.39393
0.25455
0.00000
0.00000
0.00000
0.00000
0.00000
0.00000
0.00000
0.00000
0.00000
0.00000
0.00000
0.00200
0.04528
0.11937
0.21296
0.31173
0.40059
0.46594
0.49779
0.49128
0.44739
0.37284
0.27903
0.18030
0.00000
0.00000
0.00000
0.00000
0.00000
0.00000
0.00000
0.00000
0.00000
0.00000
0.00000
0.00194
0.04384
0.11558
0.20620
0.30184
0.38788
0.45115
0.48200
0.47569
0.43319
0.36101
0.27018
0.17458
0.00000
0.00000
0.00000
0.00000
0.00000
0.00000
0.00000
0.00000
0.00000
0.00000
0.00000
0.00216
0.04870
0.12839
0.22904
0.33527
0.43084
0.50112
0.53538
0.52837
0.48117
0.40100
0.30010
0.19392
0.00000
0.00000
0.00000
0.00000
0.00000
0.00000
0.00000
0.00000
0.00000
0.00000
0.00000
0.00309
0.06984
0.18413
0.32849
0.48084
0.61790
0.71870
0.76783
0.75778
0.69009
0.57510
0.43040
0.27812
0.00000
0.00000
0.00000
0.00000
0.00000
0.00000
0.00000
0.00000
0.00000
0.00000
0.00000
0.00246
0.05545
0.14620
0.26082
0.38179
0.49062
0.57065
0.60967
0.60169
0.54794
0.45664
0.34174
0.22083
0.00000
0.00000
0.00000
0.00000
0.00000
0.00000
0.00000
0.00000
0.00000
0.00000
0.00000
0.00259
0.05857
0.15441
0.27547
0.40324
0.51817
0.60270
0.64390
0.63548
0.57871
0.48228
0.36094
0.23323
0.00000
0.00000
0.00000
0.00000
0.00000
0.00000
0.00000
0.00000
0.00000
0.00000
0.00000
0.00239
0.05388
0.14206
0.25344
0.37099
0.47673
0.55450
0.59241
0.58465
0.53242
0.44371
0.33207
0.21458
0.00000
0.00000
0.00000
0.00000
0.00000
0.00000
0.00000
0.00000
0.00000
0.00000
0.00000
0.00260
0.05867
0.15470
0.27598
0.40398
0.51913
0.60382
0.64510
0.63666
0.57978
0.48318
0.36161
0.23366
0.00000
0.00000
0.00000
0.00000
0.00000
0.00000
0.00000
0.00000
0.00000
0.00000
0.00000
0.00201
0.04536
0.11958
0.21334
0.31229
0.40130
0.46677
0.49868
0.49215
0.44818
0.37351
0.27953
0.18063
0.00000
0.00000
0.00000
0.00000
0.00000
0.00000
0.00000
0.00000
0.00000
0.00000
0.00000
0.00281
0.06348
0.16735
0.29856
0.43704
0.56161
0.65323
0.69789
0.68875
0.62722
0.52271
0.39119
0.25278
0.00000
0.00000
0.00000
0.00000
0.00000
0.00000
0.00000
0.00000
0.00000
0.00000
0.00000
0.00292
0.06587
0.17366
0.30982
0.45352
0.58278
0.67786
0.72420
0.71472
0.65087
0.54242
0.40594
0.26231
0.00000
0.00000
0.00000
0.00000
0.00000
0.00000
0.00000
0.00000
0.00000
0.00000
0.00000
0.00266
0.06009
0.15842
0.28262
0.41370
0.53162
0.61835
0.66062
0.65198
0.59373
0.49480
0.37031
0.23928
0.00000
0.00000
0.00000
0.00000
0.00000
0.00000
0.00000
0.00000
0.00000
0.00000
0.00000
0.01026
0.06343
0.14742
0.25016
0.35689
0.45225
0.52254
0.55766
0.55256
0.50797
0.43030
0.33072
0.22354
0.00000
0.00000
0.00000
0.00000
0.00000
0.00000
0.00000
0.00000
0.00000
0.00000
0.00000
0.01551
0.09585
0.22278
0.37803
0.53930
0.68340
0.78962
0.84269
0.83498
0.76760
0.65024
0.49976
0.33780
0.00000
0.00000
0.00000
0.00000
0.00000
0.00000
0.00000
0.00000
0.00000
0.00000
0.00000
0.01191
0.07358
0.17102
0.29020
0.41400
0.52462
0.60616
0.64690
0.64099
0.58926
0.49917
0.38365
0.25932
0.00000
0.00000
0.00000
0.00000
0.00000
0.00000
0.00000
0.00000
0.00000
0.00000
0.00000
0.01235
0.07632
0.17738
0.30100
0.42940
0.54414
0.62871
0.67097
0.66483
0.61118
0.51774
0.39792
0.26896
0.00000
0.00000
0.00000
0.00000
0.00000
0.00000
0.00000
0.00000
0.00000
0.00000
0.00000
0.00825
0.05101
0.11855
0.20117
0.28699
0.36367
0.42020
0.44844
0.44434
0.40848
0.34603
0.26595
0.17976
0.00000
0.00000
0.00000
0.00000
0.00000
0.00000
0.00000
0.00000
0.00000
0.00000
0.00000
0.00981
0.06063
0.14092
0.23912
0.34113
0.43229
0.49948
0.53305
0.52817
0.48555
0.41131
0.31613
0.21368
0.00000
0.00000
0.00000
0.00000
0.00000
0.00000
0.00000
0.00000
0.00000
0.00000
0.00000
0.01271
0.07859
0.18264
0.30992
0.44214
0.56028
0.64736
0.69087
0.68455
0.62931
0.53310
0.40973
0.27694
0.00000
0.00000
0.00000
0.00000
0.00000
0.00000
0.00000
0.00000
0.00000
0.00000
0.00000
0.01055
0.06522
0.15159
0.25723
0.36697
0.46502
0.53730
0.57341
0.56817
0.52232
0.44246
0.34007
0.22986
0.00000
0.00000
0.00000
0.00000
0.00000
0.00000
0.00000
0.00000
0.00000
0.00000
0.00000
0.01064
0.06579
0.15290
0.25946
0.37014
0.46905
0.54195
0.57838
0.57309
0.52684
0.44629
0.34301
0.23185
0.00000
0.00000
0.00000
0.00000
0.00000
0.00000
0.00000
0.00000
0.00000
0.00000
0.00000
0.00930
0.05748
0.13358
0.22668
0.32338
0.40979
0.47348
0.50530
0.50068
0.46028
0.38990
0.29967
0.20255
0.00000
0.00000
0.00000
0.00000
0.00000
0.00000
0.00000
0.00000
0.00000
0.00000
0.00000
0.01074
0.06637
0.15425
0.26175
0.37341
0.47319
0.54674
0.58348
0.57815
0.53149
0.45023
0.34604
0.23390
0.00000
0.00000
0.00000
0.00000
0.00000
0.00000
0.00000
0.00000
0.00000
0.00000
0.00000
0.00650
0.04016
0.09333
0.15837
0.22594
0.28631
0.33081
0.35304
0.34981
0.32159
0.27242
0.20937
0.14152
0.00000
0.00000
0.00000
0.00000
0.00000
0.00000
0.00000
0.00000
0.00000
0.00000
0.00000
0.00861
0.05323
0.12371
0.20992
0.29947
0.37949
0.43847
0.46794
0.46366
0.42625
0.36108
0.27752
0.18758
0.00000
0.00000
0.00000
0.00000
0.00000
0.00000
0.00000
0.00000
0.00000
0.00000
0.00000
0.01150
0.07108
0.16520
0.28033
0.39992
0.50677
0.58554
0.62490
0.61918
0.56922
0.48219
0.37060
0.25050
0.00000
0.00000
0.00000
0.00000
0.00000
0.00000
0.00000
0.00000
0.00000
0.00000
0.00000
0.01106
0.06837
0.15890
0.26964
0.38467
0.48746
0.56322
0.60108
0.59558
0.54752
0.46381
0.35647
0.24095
0.00000
0.00000
0.00000
0.00000
0.00000
0.00000
0.00000
0.00000
0.00000
0.00000
0.00000
0.00503
0.03111
0.07230
0.12268
0.17502
0.22178
0.25625
0.27348
0.27097
0.24911
0.21102
0.16219
0.10963
0.00000
0.00000
0.00000
0.00000
0.00000
0.00000
0.00000
0.00000
0.00000
0.00000
0.00000
0.00834
0.05153
0.11977
0.20323
0.28993
0.36740
0.42450
0.45304
0.44889
0.41267
0.34957
0.26868
0.18160
0.00000
0.00000
0.00000
0.00000
0.00000
0.00000
0.00000
0.00000
0.00000
0.00000
0.00000
0.01102
0.06809
0.15825
0.26854
0.38310
0.48546
0.56091
0.59861
0.59314
0.54528
0.46190
0.35501
0.23996
0.00000
0.00000
0.00000
0.00000
0.00000
0.00000
0.00000
0.00000
0.00000
0.00000
0.00000
0.01364
0.08428
0.19588
0.33238
0.47418
0.60088
0.69427
0.74094
0.73416
0.67492
0.57173
0.43942
0.29701
0.00000
0.00000
0.00000
0.00000
0.00000
0.00000
0.00000
0.00000
0.00000
0.00000
0.00000
0.01032
0.06378
0.14823
0.25154
0.35884
0.45473
0.52541
0.56072
0.55559
0.51076
0.43266
0.33254
0.22477
0.00000
0.00000
0.00000
0.00000
0.00000
0.00000
0.00000
0.00000
0.00000
0.00000
0.00000
0.01160
0.07167
0.16657
0.28266
0.40324
0.51099
0.59042
0.63010
0.62434
0.57396
0.48620
0.37368
0.25258
0.00000
0.00000
0.00000
0.00000
0.00000
0.00000
0.00000
0.00000
0.00000
0.00000
0.00000
0.00950
0.05869
0.13641
0.23147
0.33021
0.41845
0.48349
0.51598
0.51126
0.47001
0.39814
0.30601
0.20684
0.00000
0.00000
0.00000
0.00000
0.00000
0.00000
0.00000
0.00000
0.00000
0.00000
0.00000
0.01000
0.06179
0.14361
0.24369
0.34765
0.44055
0.50902
0.54323
0.53826
0.49483
0.41917
0.32217
0.21776
0.00000
0.00000
0.00000
0.00000
0.00000
0.00000
0.00000
0.00000
0.00000
0.00000
0.00000
0.00821
0.05076
0.11797
0.20018
0.28557
0.36188
0.41813
0.44623
0.44215
0.40647
0.34432
0.26464
0.17888
0.00000
0.00000
0.00000
0.00000
0.00000
0.00000
0.00000
0.00000
0.00000
0.00000
0.00000
0.00913
0.05642
0.13113
0.22252
0.31744
0.40226
0.46479
0.49602
0.49149
0.45183
0.38275
0.29417
0.19884
0.00000
0.00000
0.00000
0.00000
0.00000
0.00000
0.00000
0.00000
0.00000
0.00000
0.00000
0.01029
0.06358
0.14777
0.25076
0.35773
0.45331
0.52377
0.55898
0.55386
0.50917
0.43132
0.33150
0.22407
0.00000
0.00000
0.00000
0.00000
0.00000
0.00000
0.00000
0.00000
0.00000
0.00000
0.00000
0.00920
0.05688
0.13220
0.22433
0.32003
0.40555
0.46858
0.50007
0.49550
0.45552
0.38587
0.29657
0.20046
0.00000
0.00000
0.00000
0.00000
0.00000
0.00000
0.00000
0.00000
0.00000
0.00000
0.00000
0.00747
0.04618
0.10732
0.18212
0.25981
0.32923
0.38041
0.40597
0.40226
0.36980
0.31326
0.24077
0.16274
0.00000
0.00000
0.00000
0.00000
0.00000
0.00000
0.00000
0.00000
0.00000
0.00000
0.00000
0.01140
0.07048
0.16381
0.27797
0.39656
0.50252
0.58062
0.61965
0.61398
0.56444
0.47814
0.36749
0.24839
0.00000
0.00000
0.00000
0.00000
0.00000
0.00000
0.00000
0.00000
0.00000
0.00000
0.00000
0.00936
0.05787
0.13449
0.22822
0.32557
0.41257
0.47669
0.50873
0.50408
0.46340
0.39255
0.30171
0.20393
0.00000
0.00000
0.00000
0.00000
0.00000
0.00000
0.00000
0.00000
0.00000
0.00000
0.00000
0.02317
0.06876
0.14605
0.24364
0.34717
0.44137
0.51237
0.54971
0.54788
0.50717
0.43355
0.33789
0.23427
0.13796
0.00000
0.00000
0.00000
0.00000
0.00000
0.00000
0.00000
0.00000
0.00000
0.00000
0.02482
0.07368
0.15649
0.26107
0.37200
0.47294
0.54901
0.58902
0.58707
0.54344
0.46456
0.36206
0.25103
0.14783
0.00000
0.00000
0.00000
0.00000
0.00000
0.00000
0.00000
0.00000
0.00000
0.00000
0.02180
0.06472
0.13746
0.22931
0.32674
0.41540
0.48222
0.51736
0.51565
0.47733
0.40805
0.31801
0.22049
0.12985
0.00000
0.00000
0.00000
0.00000
0.00000
0.00000
0.00000
0.00000
0.00000
0.00000
0.02573
0.07638
0.16223
0.27064
0.38563
0.49027
0.56914
0.61062
0.60859
0.56336
0.48159
0.37533
0.26023
0.15325
0.00000
0.00000
0.00000
0.00000
0.00000
0.00000
0.00000
0.00000
0.00000
0.00000
0.02773
0.08230
0.17481
0.29162
0.41553
0.52828
0.61326
0.65795
0.65577
0.60704
0.51893
0.40443
0.28041
0.16513
0.00000
0.00000
0.00000
0.00000
0.00000
0.00000
0.00000
0.00000
0.00000
0.00000
0.02815
0.08354
0.17745
0.29603
0.42181
0.53626
0.62253
0.66790
0.66568
0.61621
0.52677
0.41054
0.28464
0.16763
0.00000
0.00000
0.00000
0.00000
0.00000
0.00000
0.00000
0.00000
0.00000
0.00000
0.01615
0.04793
0.10180
0.16982
0.24198
0.30764
0.35713
0.38315
0.38188
0.35350
0.30219
0.23552
0.16329
0.09616
0.00000
0.00000
0.00000
0.00000
0.00000
0.00000
0.00000
0.00000
0.00000
0.00000
0.01709
0.05073
0.10775
0.17976
0.25614
0.32564
0.37802
0.40557
0.40422
0.37418
0.31987
0.24929
0.17285
0.10179
0.00000
0.00000
0.00000
0.00000
0.00000
0.00000
0.00000
0.00000
0.00000
0.00000
0.02561
0.07602
0.16146
0.26935
0.38380
0.48794
0.56644
0.60772
0.60570
0.56069
0.47931
0.37355
0.25900
0.15252
0.00000
0.00000
0.00000
0.00000
0.00000
0.00000
0.00000
0.00000
0.00000
0.00000
0.01817
0.05391
0.11451
0.19104
0.27221
0.34607
0.40174
0.43102
0.42959
0.39766
0.33994
0.26494
0.18369
0.10818
0.00000
0.00000
0.00000
0.00000
0.00000
0.00000
0.00000
0.00000
0.00000
0.00000
0.02076
0.06161
0.13085
0.21829
0.31104
0.39544
0.45905
0.49251
0.49087
0.45439
0.38844
0.30273
0.20990
0.12361
0.00000
0.00000
0.00000
0.00000
0.00000
0.00000
0.00000
0.00000
0.00000
0.00000
0.02654
0.07877
0.16732
0.27912
0.39772
0.50564
0.58698
0.62975
0.62766
0.58102
0.49669
0.38709
0.26839
0.15805
0.00000
0.00000
0.00000
0.00000
0.00000
0.00000
0.00000
0.00000
0.00000
0.00000
0.02395
0.07109
0.15099
0.25189
0.35892
0.45632
0.52972
0.56832
0.56644
0.52434
0.44824
0.34933
0.24221
0.14264
0.00000
0.00000
0.00000
0.00000
0.00000
0.00000
0.00000
0.00000
0.00000
0.00000
0.02565
0.07612
0.16167
0.26971
0.38431
0.48859
0.56719
0.60852
0.60650
0.56143
0.47994
0.37404
0.25934
0.15273
0.00000
0.00000
0.00000
0.00000
0.00000
0.00000
0.00000
0.00000
0.00000
0.00000
0.02906
0.08624
0.18317
0.30557
0.43540
0.55354
0.64259
0.68942
0.68713
0.63606
0.54374
0.42377
0.29382
0.17303
0.00000
0.00000
0.00000
0.00000
0.00000
0.00000
0.00000
0.00000
0.00000
0.00000
0.02628
0.07800
0.16567
0.27638
0.39381
0.50067
0.58121
0.62357
0.62150
0.57531
0.49181
0.38329
0.26575
0.15650
0.00000
0.00000
0.00000
0.00000
0.00000
0.00000
0.00000
0.00000
0.00000
0.00000
0.01969
0.05843
0.12411
0.20704
0.29501
0.37506
0.43539
0.46712
0.46557
0.43097
0.36842
0.28713
0.19908
0.11724
0.00000
0.00000
0.00000
0.00000
0.00000
0.00000
0.00000
0.00000
0.00000
0.00000
0.02018
0.05991
0.12724
0.21227
0.30246
0.38454
0.44639
0.47892
0.47734
0.44186
0.37773
0.29438
0.20411
0.12020
0.00000
0.00000
0.00000
0.00000
0.00000
0.00000
0.00000
0.00000
0.00000
0.00000
0.02619
0.07772
0.16507
0.27538
0.39239
0.49886
0.57911
0.62132
0.61926
0.57323
0.49003
0.38191
0.26479
0.15594
0.00000
0.00000
0.00000
0.00000
0.00000
0.00000
0.00000
0.00000
0.00000
0.00000
0.03546
0.10525
0.22355
0.37293
0.53138
0.67557
0.78425
0.84140
0.83861
0.77628
0.66361
0.51719
0.35859
0.21117
0.00000
0.00000
0.00000
0.00000
0.00000
0.00000
0.00000
0.00000
0.00000
0.00000
0.03103
0.09211
0.19565
0.32638
0.46507
0.59126
0.68637
0.73639
0.73395
0.67940
0.58079
0.45264
0.31383
0.18482
0.00000
0.00000
0.00000
0.00000
0.00000
0.00000
0.00000
0.00000
0.00000
0.00000
0.03137
0.09310
0.19774
0.32988
0.47005
0.59759
0.69372
0.74427
0.74181
0.68668
0.58701
0.45749
0.31719
0.18680
0.00000
0.00000
0.00000
0.00000
0.00000
0.00000
0.00000
0.00000
0.00000
0.00000
0.01432
0.04249
0.09026
0.15057
0.21454
0.27276
0.31664
0.33971
0.33858
0.31342
0.26793
0.20881
0.14478
0.08526
0.00000
0.00000
0.00000
0.00000
0.00000
0.00000
0.00000
0.00000
0.00000
0.00000
0.02468
0.07326
0.15561
0.25959
0.36989
0.47025
0.54590
0.58568
0.58374
0.54036
0.46193
0.36000
0.24961
0.14699
0.00000
0.00000
0.00000
0.00000
0.00000
0.00000
0.00000
0.00000
0.00000
0.00000
0.03920
0.11635
0.24714
0.41228
0.58746
0.74687
0.86701
0.93019
0.92711
0.85821
0.73364
0.57177
0.39643
0.23346
0.00000
0.00000
0.00000
0.00000
0.00000
0.00000
0.00000
0.00000
0.00000
0.00000
0.02075
0.06159
0.13081
0.21823
0.31095
0.39532
0.45892
0.49236
0.49073
0.45426
0.38833
0.30264
0.20983
0.12357
0.00000
0.00000
0.00000
0.00000
0.00000
0.00000
0.00000
0.00000
0.00000
0.00000
0.03141
0.09322
0.19799
0.33030
0.47064
0.59835
0.69460
0.74522
0.74275
0.68755
0.58775
0.45807
0.31760
0.18703
0.00000
0.00000
0.00000
0.00000
0.00000
0.00000
0.00000
0.00000
0.00000
0.00000
0.02413
0.07161
0.15210
0.25375
0.36156
0.45967
0.53362
0.57250
0.57060
0.52820
0.45153
0.35190
0.24399
0.14369
0.00000
0.00000
0.00000
0.00000
0.00000
0.00000
0.00000
0.00000
0.00000
0.00000
0.02485
0.07376
0.15667
0.26137
0.37242
0.47348
0.54964
0.58970
0.58774
0.54406
0.46509
0.36247
0.25132
0.14800
0.00000
0.00000
0.00000
0.00000
0.00000
0.00000
0.00000
0.00000
0.00000
0.00000
0.02655
0.07879
0.16736
0.27919
0.39782
0.50577
0.58713
0.62991
0.62783
0.58117
0.49681
0.38719
0.26846
0.15810
0.00000
0.00000
0.00000
0.00000
0.00000
0.00000
0.00000
0.00000
0.00000
0.00000
0.01793
0.05321
0.11302
0.18855
0.26866
0.34156
0.39650
0.42540
0.42399
0.39248
0.33551
0.26148
0.18130
0.10677
0.00000
0.00000
0.00000
0.00000
0.00000
0.00000
0.00000
0.00000
0.00000
0.00000
0.01418
0.06773
0.15848
0.27296
0.39420
0.50423
0.58673
0.62947
0.62612
0.57717
0.48988
0.37718
0.25580
0.00000
0.00000
0.00000
0.00000
0.00000
0.00000
0.00000
0.00000
0.00000
0.00000
0.00000
0.01343
0.06415
0.15009
0.25851
0.37334
0.47755
0.55568
0.59617
0.59299
0.54663
0.46395
0.35722
0.24226
0.00000
0.00000
0.00000
0.00000
0.00000
0.00000
0.00000
0.00000
0.00000
0.00000
0.00000
0.01139
0.05441
0.12731
0.21928
0.31668
0.40508
0.47136
0.50569
0.50300
0.46367
0.39355
0.30301
0.20550
0.00000
0.00000
0.00000
0.00000
0.00000
0.00000
0.00000
0.00000
0.00000
0.00000
0.00000
0.01233
0.05889
0.13779
0.23732
0.34273
0.43839
0.51012
0.54728
0.54437
0.50181
0.42591
0.32793
0.22240
0.00000
0.00000
0.00000
0.00000
0.00000
0.00000
0.00000
0.00000
0.00000
0.00000
0.00000
0.01607
0.07678
0.17964
0.30941
0.44684
0.57156
0.66508
0.71353
0.70973
0.65424
0.55529
0.42755
0.28996
0.00000
0.00000
0.00000
0.00000
0.00000
0.00000
0.00000
0.00000
0.00000
0.00000
0.00000
0.01685
0.08051
0.18836
0.32443
0.46853
0.59931
0.69736
0.74817
0.74418
0.68600
0.58225
0.44830
0.30403
0.00000
0.00000
0.00000
0.00000
0.00000
0.00000
0.00000
0.00000
0.00000
0.00000
0.00000
0.01514
0.07231
0.16919
0.29140
0.42084
0.53831
0.62638
0.67201
0.66843
0.61617
0.52298
0.40267
0.27309
0.00000
0.00000
0.00000
0.00000
0.00000
0.00000
0.00000
0.00000
0.00000
0.00000
0.00000
0.01404
0.06706
0.15690
0.27024
0.39028
0.49921
0.58089
0.62321
0.61989
0.57143
0.48500
0.37343
0.25325
0.00000
0.00000
0.00000
0.00000
0.00000
0.00000
0.00000
0.00000
0.00000
0.00000
0.00000
0.01428
0.06821
0.15959
0.27487
0.39696
0.50776
0.59083
0.63388
0.63050
0.58121
0.49330
0.37982
0.25759
0.00000
0.00000
0.00000
0.00000
0.00000
0.00000
0.00000
0.00000
0.00000
0.00000
0.00000
0.01168
0.05582
0.13060
0.22494
0.32485
0.41552
0.48351
0.51873
0.51597
0.47563
0.40369
0.31082
0.21080
0.00000
0.00000
0.00000
0.00000
0.00000
0.00000
0.00000
0.00000
0.00000
0.00000
0.00000
0.01619
0.07736
0.18099
0.31174
0.45020
0.57586
0.67009
0.71890
0.71507
0.65917
0.55947
0.43077
0.29214
0.00000
0.00000
0.00000
0.00000
0.00000
0.00000
0.00000
0.00000
0.00000
0.00000
0.00000
0.01296
0.06192
0.14488
0.24954
0.36038
0.46097
0.53639
0.57547
0.57240
0.52765
0.44785
0.34482
0.23385
0.00000
0.00000
0.00000
0.00000
0.00000
0.00000
0.00000
0.00000
0.00000
0.00000
0.00000
0.01089
0.05201
0.12169
0.20960
0.30270
0.38718
0.45054
0.48336
0.48078
0.44319
0.37616
0.28963
0.19642
0.00000
0.00000
0.00000
0.00000
0.00000
0.00000
0.00000
0.00000
0.00000
0.00000
0.00000
0.01534
0.07327
0.17144
0.29528
0.42644
0.54547
0.63472
0.68096
0.67733
0.62437
0.52994
0.40803
0.27672
0.00000
0.00000
0.00000
0.00000
0.00000
0.00000
0.00000
0.00000
0.00000
0.00000
0.00000
0.01365
0.06519
0.15251
0.26269
0.37937
0.48526
0.56465
0.60579
0.60256
0.55545
0.47144
0.36299
0.24618
0.00000
0.00000
0.00000
0.00000
0.00000
0.00000
0.00000
0.00000
0.00000
0.00000
0.00000
0.01196
0.05714
0.13370
0.23027
0.33256
0.42538
0.49498
0.53104
0.52821
0.48691
0.41327
0.31820
0.21580
0.00000
0.00000
0.00000
0.00000
0.00000
0.00000
0.00000
0.00000
0.00000
0.00000
0.00000
0.01373
0.06557
0.15340
0.26422
0.38158
0.48809
0.56795
0.60932
0.60607
0.55869
0.47419
0.36511
0.24761
0.00000
0.00000
0.00000
0.00000
0.00000
0.00000
0.00000
0.00000
0.00000
0.00000
0.00000
0.01031
0.04927
0.11528
0.19855
0.28675
0.36679
0.42680
0.45789
0.45545
0.41984
0.35634
0.27437
0.18607
0.00000
0.00000
0.00000
0.00000
0.00000
0.00000
0.00000
0.00000
0.00000
0.00000
0.00000
0.01102
0.05263
0.12315
0.21210
0.30631
0.39181
0.45592
0.48914
0.48653
0.44849
0.38066
0.29309
0.19877
0.00000
0.00000
0.00000
0.00000
0.00000
0.00000
0.00000
0.00000
0.00000
0.00000
0.00000
0.01664
0.07951
0.18603
0.32040
0.46272
0.59188
0.68872
0.73889
0.73496
0.67750
0.57503
0.44275
0.30026
0.00000
0.00000
0.00000
0.00000
0.00000
0.00000
0.00000
0.00000
0.00000
0.00000
0.00000
0.01037
0.04954
0.11591
0.19965
0.28833
0.36880
0.42915
0.46041
0.45796
0.42215
0.35830
0.27588
0.18710
0.00000
0.00000
0.00000
0.00000
0.00000
0.00000
0.00000
0.00000
0.00000
0.00000
0.00000
0.01981
0.09465
0.22146
0.38143
0.55086
0.70461
0.81990
0.87963
0.87495
0.80654
0.68456
0.52708
0.35746
0.00000
0.00000
0.00000
0.00000
0.00000
0.00000
0.00000
0.00000
0.00000
0.00000
0.00000
0.01228
0.05867
0.13727
0.23643
0.34145
0.43675
0.50822
0.54524
0.54233
0.49993
0.42432
0.32671
0.22157
0.00000
0.00000
0.00000
0.00000
0.00000
0.00000
0.00000
0.00000
0.00000
0.00000
0.00000
0.01364
0.06515
0.15243
0.26254
0.37915
0.48498
0.56434
0.60545
0.60222
0.55514
0.47118
0.36279
0.24604
0.00000
0.00000
0.00000
0.00000
0.00000
0.00000
0.00000
0.00000
0.00000
0.00000
0.00000
0.01355
0.06474
0.15147
0.26089
0.37677
0.48193
0.56078
0.60163
0.59843
0.55164
0.46821
0.36050
0.24449
0.00000
0.00000
0.00000
0.00000
0.00000
0.00000
0.00000
0.00000
0.00000
0.00000
0.00000
0.00822
0.03927
0.09188
0.15826
0.22856
0.29235
0.34018
0.36497
0.36302
0.33464
0.28403
0.21869
0.14831
0.00000
0.00000
0.00000
0.00000
0.00000
0.00000
0.00000
0.00000
0.00000
0.00000
0.00000
0.00894
0.04269
0.09988
0.17204
0.24845
0.31780
0.36979
0.39673
0.39462
0.36377
0.30875
0.23772
0.16122
0.00000
0.00000
0.00000
0.00000
0.00000
0.00000
0.00000
0.00000
0.00000
0.00000
0.00000
0.01378
0.06584
0.15406
0.26534
0.38320
0.49016
0.57036
0.61191
0.60865
0.56106
0.47620
0.36666
0.24866
0.00000
0.00000
0.00000
0.00000
0.00000
0.00000
0.00000
0.00000
0.00000
0.00000
0.00000
0.00879
0.04201
0.09829
0.16929
0.24448
0.31272
0.36389
0.39040
0.38832
0.35796
0.30382
0.23393
0.15865
0.00000
0.00000
0.00000
0.00000
0.00000
0.00000
0.00000
0.00000
0.00000
0.00000
0.00000
0.01365
0.06520
0.15256
0.26276
0.37948
0.48540
0.56482
0.60596
0.60274
0.55561
0.47158
0.36309
0.24625
0.00000
0.00000
0.00000
0.00000
0.00000
0.00000
0.00000
0.00000
0.00000
0.00000
0.00000
0.01363
0.06510
0.15231
0.26234
0.37887
0.48462
0.56391
0.60499
0.60177
0.55472
0.47082
0.36251
0.24585
0.00000
0.00000
0.00000
0.00000
0.00000
0.00000
0.00000
0.00000
0.00000
0.00000
0.00000
0.01089
0.06621
0.15756
0.27109
0.38962
0.49520
0.57184
0.60793
0.59802
0.54359
0.45290
0.33968
0.22107
0.00000
0.00000
0.00000
0.00000
0.00000
0.00000
0.00000
0.00000
0.00000
0.00000
0.00000
0.00853
0.05188
0.12344
0.21239
0.30526
0.38797
0.44802
0.47630
0.46853
0.42589
0.35484
0.26613
0.17320
0.00000
0.00000
0.00000
0.00000
0.00000
0.00000
0.00000
0.00000
0.00000
0.00000
0.00000
0.01293
0.07863
0.18710
0.32192
0.46267
0.58804
0.67905
0.72191
0.71014
0.64551
0.53782
0.40337
0.26251
0.00000
0.00000
0.00000
0.00000
0.00000
0.00000
0.00000
0.00000
0.00000
0.00000
0.00000
0.01038
0.06310
0.15014
0.25833
0.37128
0.47188
0.54491
0.57931
0.56986
0.51800
0.43158
0.32369
0.21066
0.00000
0.00000
0.00000
0.00000
0.00000
0.00000
0.00000
0.00000
0.00000
0.00000
0.00000
0.01127
0.06852
0.16306
0.28055
0.40322
0.51248
0.59180
0.62915
0.61889
0.56257
0.46871
0.35154
0.22878
0.00000
0.00000
0.00000
0.00000
0.00000
0.00000
0.00000
0.00000
0.00000
0.00000
0.00000
0.01327
0.08071
0.19205
0.33044
0.47492
0.60361
0.69703
0.74103
0.72894
0.66261
0.55206
0.41405
0.26946
0.00000
0.00000
0.00000
0.00000
0.00000
0.00000
0.00000
0.00000
0.00000
0.00000
0.00000
0.00839
0.05104
0.12146
0.20898
0.30036
0.38175
0.44083
0.46866
0.46101
0.41906
0.34915
0.26186
0.17042
0.00000
0.00000
0.00000
0.00000
0.00000
0.00000
0.00000
0.00000
0.00000
0.00000
0.00000
0.01464
0.08905
0.21190
0.36458
0.52399
0.66598
0.76905
0.81759
0.80426
0.73107
0.60910
0.45683
0.29731
0.00000
0.00000
0.00000
0.00000
0.00000
0.00000
0.00000
0.00000
0.00000
0.00000
0.00000
0.01645
0.10003
0.23803
0.40955
0.58862
0.74812
0.86390
0.91843
0.90345
0.82123
0.68422
0.51317
0.33397
0.00000
0.00000
0.00000
0.00000
0.00000
0.00000
0.00000
0.00000
0.00000
0.00000
0.00000
0.01090
0.06627
0.15770
0.27133
0.38996
0.49564
0.57234
0.60847
0.59855
0.54408
0.45331
0.33998
0.22126
0.00000
0.00000
0.00000
0.00000
0.00000
0.00000
0.00000
0.00000
0.00000
0.00000
0.00000
0.01496
0.09098
0.21648
0.37248
0.53534
0.68040
0.78571
0.83530
0.82168
0.74690
0.62229
0.46672
0.30375
0.00000
0.00000
0.00000
0.00000
0.00000
0.00000
0.00000
0.00000
0.00000
0.00000
0.00000
0.01255
0.07634
0.18165
0.31254
0.44919
0.57091
0.65927
0.70088
0.68945
0.62671
0.52215
0.39162
0.25487
0.00000
0.00000
0.00000
0.00000
0.00000
0.00000
0.00000
0.00000
0.00000
0.00000
0.00000
0.01237
0.07519
0.17893
0.30786
0.44246
0.56236
0.64940
0.69039
0.67913
0.61732
0.51433
0.38575
0.25105
0.00000
0.00000
0.00000
0.00000
0.00000
0.00000
0.00000
0.00000
0.00000
0.00000
0.00000
0.01073
0.06524
0.15525
0.26711
0.38390
0.48793
0.56345
0.59901
0.58924
0.53562
0.44626
0.33470
0.21782
0.00000
0.00000
0.00000
0.00000
0.00000
0.00000
0.00000
0.00000
0.00000
0.00000
0.00000
0.01303
0.07921
0.18848
0.32430
0.46609
0.59239
0.68407
0.72725
0.71539
0.65028
0.54179
0.40635
0.26445
0.00000
0.00000
0.00000
0.00000
0.00000
0.00000
0.00000
0.00000
0.00000
0.00000
0.00000
0.01033
0.06281
0.14945
0.25714
0.36958
0.46972
0.54242
0.57666
0.56725
0.51563
0.42960
0.32220
0.20969
0.00000
0.00000
0.00000
0.00000
0.00000
0.00000
0.00000
0.00000
0.00000
0.00000
0.00000
0.01151
0.06998
0.16651
0.28649
0.41176
0.52333
0.60433
0.64247
0.63200
0.57448
0.47864
0.35898
0.23363
0.00000
0.00000
0.00000
0.00000
0.00000
0.00000
0.00000
0.00000
0.00000
0.00000
0.00000
0.01353
0.08228
0.19579
0.33687
0.48416
0.61535
0.71059
0.75544
0.74312
0.67549
0.56280
0.42210
0.27471
0.00000
0.00000
0.00000
0.00000
0.00000
0.00000
0.00000
0.00000
0.00000
0.00000
0.00000
0.00826
0.05026
0.11959
0.20577
0.29574
0.37587
0.43404
0.46144
0.45392
0.41261
0.34377
0.25783
0.16780
0.00000
0.00000
0.00000
0.00000
0.00000
0.00000
0.00000
0.00000
0.00000
0.00000
0.00000
0.01230
0.07479
0.17797
0.30621
0.44010
0.55935
0.64592
0.68669
0.67549
0.61402
0.51158
0.38369
0.24971
0.00000
0.00000
0.00000
0.00000
0.00000
0.00000
0.00000
0.00000
0.00000
0.00000
0.00000
0.01623
0.09869
0.23484
0.40405
0.58072
0.73808
0.85231
0.90611
0.89133
0.81021
0.67504
0.50628
0.32949
0.00000
0.00000
0.00000
0.00000
0.00000
0.00000
0.00000
0.00000
0.00000
0.00000
0.00000
0.01205
0.07330
0.17442
0.30011
0.43133
0.54821
0.63305
0.67301
0.66203
0.60178
0.50139
0.37604
0.24473
0.00000
0.00000
0.00000
0.00000
0.00000
0.00000
0.00000
0.00000
0.00000
0.00000
0.00000
0.01053
0.06404
0.15238
0.26218
0.37682
0.47893
0.55305
0.58796
0.57837
0.52573
0.43802
0.32852
0.21380
0.00000
0.00000
0.00000
0.00000
0.00000
0.00000
0.00000
0.00000
0.00000
0.00000
0.00000
0.00830
0.05050
0.12016
0.20674
0.29713
0.37765
0.43610
0.46362
0.45606
0.41456
0.34540
0.25905
0.16859
0.00000
0.00000
0.00000
0.00000
0.00000
0.00000
0.00000
0.00000
0.00000
0.00000
0.00000
0.01359
0.08261
0.19658
0.33823
0.48612
0.61784
0.71346
0.75850
0.74613
0.67823
0.56507
0.42381
0.27582
0.00000
0.00000
0.00000
0.00000
0.00000
0.00000
0.00000
0.00000
0.00000
0.00000
0.00000
0.01247
0.07585
0.18049
0.31054
0.44632
0.56726
0.65506
0.69641
0.68505
0.62270
0.51882
0.38911
0.25324
0.00000
0.00000
0.00000
0.00000
0.00000
0.00000
0.00000
0.00000
0.00000
0.00000
0.00000
0.01266
0.07697
0.18316
0.31515
0.45294
0.57568
0.66477
0.70673
0.69520
0.63194
0.52651
0.39488
0.25699
0.00000
0.00000
0.00000
0.00000
0.00000
0.00000
0.00000
0.00000
0.00000
0.00000
0.00000
0.01111
0.06753
0.16069
0.27649
0.39737
0.50505
0.58322
0.62003
0.60992
0.55441
0.46192
0.34644
0.22547
0.00000
0.00000
0.00000
0.00000
0.00000
0.00000
0.00000
0.00000
0.00000
0.00000
0.00000
0.01309
0.07958
0.18937
0.32583
0.46829
0.59518
0.68729
0.73068
0.71876
0.65335
0.54435
0.40826
0.26570
0.00000
0.00000
0.00000
0.00000
0.00000
0.00000
0.00000
0.00000
0.00000
0.00000
0.00000
0.01197
0.07281
0.17325
0.29809
0.42843
0.54452
0.62880
0.66849
0.65758
0.59774
0.49802
0.37351
0.24309
0.00000
0.00000
0.00000
0.00000
0.00000
0.00000
0.00000
0.00000
0.00000
0.00000
0.00000
0.00981
0.06830
0.16539
0.28543
0.40908
0.51641
0.59011
0.61830
0.59645
0.52808
0.42420
0.30155
0.17992
0.00000
0.00000
0.00000
0.00000
0.00000
0.00000
0.00000
0.00000
0.00000
0.00000
0.00000
0.00642
0.04473
0.10833
0.18695
0.26794
0.33823
0.38650
0.40497
0.39066
0.34588
0.27784
0.19751
0.11784
0.00000
0.00000
0.00000
0.00000
0.00000
0.00000
0.00000
0.00000
0.00000
0.00000
0.00000
0.01292
0.08995
0.21782
0.37592
0.53877
0.68012
0.77718
0.81432
0.78554
0.69549
0.55868
0.39715
0.23696
0.00000
0.00000
0.00000
0.00000
0.00000
0.00000
0.00000
0.00000
0.00000
0.00000
0.00000
0.00745
0.05184
0.12554
0.21666
0.31052
0.39198
0.44793
0.46933
0.45274
0.40084
0.32199
0.22890
0.13657
0.00000
0.00000
0.00000
0.00000
0.00000
0.00000
0.00000
0.00000
0.00000
0.00000
0.00000
0.00840
0.05851
0.14168
0.24451
0.35043
0.44237
0.50550
0.52966
0.51094
0.45237
0.36338
0.25832
0.15412
0.00000
0.00000
0.00000
0.00000
0.00000
0.00000
0.00000
0.00000
0.00000
0.00000
0.00000
0.00459
0.03198
0.07744
0.13365
0.19154
0.24179
0.27630
0.28950
0.27927
0.24726
0.19862
0.14119
0.08424
0.00000
0.00000
0.00000
0.00000
0.00000
0.00000
0.00000
0.00000
0.00000
0.00000
0.00000
0.00929
0.06471
0.15669
0.27043
0.38758
0.48926
0.55908
0.58580
0.56510
0.50032
0.40190
0.28570
0.17046
0.00000
0.00000
0.00000
0.00000
0.00000
0.00000
0.00000
0.00000
0.00000
0.00000
0.00000
0.00898
0.06251
0.15138
0.26126
0.37444
0.47268
0.54014
0.56595
0.54595
0.48336
0.38828
0.27602
0.16468
0.00000
0.00000
0.00000
0.00000
0.00000
0.00000
0.00000
0.00000
0.00000
0.00000
0.00000
0.01136
0.07908
0.19150
0.33050
0.47367
0.59793
0.68327
0.71592
0.69062
0.61145
0.49117
0.34916
0.20832
0.00000
0.00000
0.00000
0.00000
0.00000
0.00000
0.00000
0.00000
0.00000
0.00000
0.00000
0.01129
0.07864
0.19042
0.32864
0.47100
0.59457
0.67942
0.71189
0.68673
0.60801
0.48840
0.34720
0.20715
0.00000
0.00000
0.00000
0.00000
0.00000
0.00000
0.00000
0.00000
0.00000
0.00000
0.00000
0.01360
0.09468
0.22926
0.39567
0.56707
0.71585
0.81801
0.85710
0.82681
0.73203
0.58803
0.41802
0.24941
0.00000
0.00000
0.00000
0.00000
0.00000
0.00000
0.00000
0.00000
0.00000
0.00000
0.00000
0.01194
0.08313
0.20130
0.34741
0.49791
0.62853
0.71824
0.75256
0.72596
0.64274
0.51630
0.36703
0.21898
0.00000
0.00000
0.00000
0.00000
0.00000
0.00000
0.00000
0.00000
0.00000
0.00000
0.00000
0.01104
0.07684
0.18606
0.32111
0.46022
0.58096
0.66387
0.69559
0.67101
0.59409
0.47722
0.33925
0.20241
0.00000
0.00000
0.00000
0.00000
0.00000
0.00000
0.00000
0.00000
0.00000
0.00000
0.00000
0.00654
0.04551
0.11021
0.19021
0.27260
0.34412
0.39323
0.41202
0.39746
0.35190
0.28268
0.20095
0.11989
0.00000
0.00000
0.00000
0.00000
0.00000
0.00000
0.00000
0.00000
0.00000
0.00000
0.00000
0.00811
0.05647
0.13674
0.23599
0.33823
0.42696
0.48789
0.51121
0.49314
0.43661
0.35072
0.24932
0.14875
0.00000
0.00000
0.00000
0.00000
0.00000
0.00000
0.00000
0.00000
0.00000
0.00000
0.00000
0.01081
0.07524
0.18219
0.31443
0.45064
0.56887
0.65006
0.68112
0.65705
0.58173
0.46729
0.33219
0.19820
0.00000
0.00000
0.00000
0.00000
0.00000
0.00000
0.00000
0.00000
0.00000
0.00000
0.00000
0.01046
0.07283
0.17636
0.30436
0.43621
0.55065
0.62924
0.65930
0.63600
0.56309
0.45233
0.32155
0.19185
0.00000
0.00000
0.00000
0.00000
0.00000
0.00000
0.00000
0.00000
0.00000
0.00000
0.00000
0.01007
0.07013
0.16983
0.29309
0.42006
0.53027
0.60594
0.63490
0.61246
0.54225
0.43558
0.30965
0.18475
0.00000
0.00000
0.00000
0.00000
0.00000
0.00000
0.00000
0.00000
0.00000
0.00000
0.00000
0.01129
0.07860
0.19033
0.32847
0.47077
0.59428
0.67909
0.71154
0.68639
0.60771
0.48816
0.34703
0.20705
0.00000
0.00000
0.00000
0.00000
0.00000
0.00000
0.00000
0.00000
0.00000
0.00000
0.00000
0.01062
0.07396
0.17909
0.30908
0.44298
0.55919
0.63900
0.66953
0.64587
0.57183
0.45934
0.32654
0.19483
0.00000
0.00000
0.00000
0.00000
0.00000
0.00000
0.00000
0.00000
0.00000
0.00000
0.00000
0.00496
0.03451
0.08357
0.14423
0.20672
0.26095
0.29819
0.31244
0.30140
0.26685
0.21435
0.15238
0.09092
0.00000
0.00000
0.00000
0.00000
0.00000
0.00000
0.00000
0.00000
0.00000
0.00000
0.00000
0.01051
0.07315
0.17714
0.30572
0.43816
0.55311
0.63205
0.66225
0.63885
0.56561
0.45435
0.32299
0.19271
0.00000
0.00000
0.00000
0.00000
0.00000
0.00000
0.00000
0.00000
0.00000
0.00000
0.00000
0.01269
0.08838
0.21401
0.36935
0.52935
0.66823
0.76359
0.80008
0.77181
0.68333
0.54891
0.39021
0.23281
0.00000
0.00000
0.00000
0.00000
0.00000
0.00000
0.00000
0.00000
0.00000
0.00000
0.00000
0.00433
0.03018
0.07309
0.12614
0.18078
0.22821
0.26078
0.27324
0.26359
0.23337
0.18746
0.13326
0.07951
0.00000
0.00000
0.00000
0.00000
0.00000
0.00000
0.00000
0.00000
0.00000
0.00000
0.00000
0.00736
0.05123
0.12405
0.21409
0.30683
0.38733
0.44261
0.46376
0.44737
0.39608
0.31817
0.22618
0.13495
0.00000
0.00000
0.00000
0.00000
0.00000
0.00000
0.00000
0.00000
0.00000
0.00000
0.00000
0.00792
0.05513
0.13350
0.23039
0.33020
0.41682
0.47631
0.49907
0.48143
0.42624
0.34240
0.24340
0.14522
0.00000
0.00000
0.00000
0.00000
0.00000
0.00000
0.00000
0.00000
0.00000
0.00000
0.00000
0.00895
0.06235
0.15098
0.26057
0.37345
0.47142
0.53871
0.56445
0.54450
0.48208
0.38725
0.27529
0.16425
0.00000
0.00000
0.00000
0.00000
0.00000
0.00000
0.00000
0.00000
0.00000
0.00000
0.00000
0.00676
0.04708
0.11401
0.19676
0.28199
0.35597
0.40678
0.42621
0.41115
0.36402
0.29241
0.20787
0.12402
0.00000
0.00000
0.00000
0.00000
0.00000
0.00000
0.00000
0.00000
0.00000
0.00000
0.00000
0.00682
0.04750
0.11501
0.19850
0.28448
0.35912
0.41037
0.42998
0.41479
0.36724
0.29500
0.20971
0.12512
0.00000
0.00000
0.00000
0.00000
0.00000
0.00000
0.00000
0.00000
0.00000
0.00000
0.00000
0.01093
0.07610
0.18427
0.31803
0.45579
0.57537
0.65749
0.68890
0.66456
0.58838
0.47263
0.33599
0.20046
0.00000
0.00000
0.00000
0.00000
0.00000
0.00000
0.00000
0.00000
0.00000
0.00000
0.00000
0.01176
0.08189
0.19830
0.34223
0.49048
0.61916
0.70753
0.74134
0.71514
0.63316
0.50861
0.36156
0.21572
0.00000
0.00000
0.00000
0.00000
0.00000
0.00000
0.00000
0.00000
0.00000
0.00000
0.00000
0.00000
0.03350
0.11125
0.20775
0.30718
0.39324
0.45181
0.47331
0.45420
0.39763
0.31285
0.21377
0.11664
0.00000
0.00000
0.00000
0.00000
0.00000
0.00000
0.00000
0.00000
0.00000
0.00000
0.00000
0.00000
0.04338
0.14406
0.26902
0.39777
0.50920
0.58506
0.61289
0.58815
0.51489
0.40511
0.27682
0.15103
0.00000
0.00000
0.00000
0.00000
0.00000
0.00000
0.00000
0.00000
0.00000
0.00000
0.00000
0.00000
0.04548
0.15104
0.28204
0.41702
0.53385
0.61337
0.64256
0.61662
0.53981
0.42472
0.29022
0.15835
0.00000
0.00000
0.00000
0.00000
0.00000
0.00000
0.00000
0.00000
0.00000
0.00000
0.00000
0.00000
0.05376
0.17853
0.33338
0.49294
0.63103
0.72503
0.75953
0.72887
0.63808
0.50203
0.34305
0.18717
0.00000
0.00000
0.00000
0.00000
0.00000
0.00000
0.00000
0.00000
0.00000
0.00000
0.00000
0.00000
0.04042
0.13424
0.25068
0.37065
0.47449
0.54517
0.57111
0.54806
0.47979
0.37750
0.25795
0.14074
0.00000
0.00000
0.00000
0.00000
0.00000
0.00000
0.00000
0.00000
0.00000
0.00000
0.00000
0.00000
0.04007
0.13307
0.24849
0.36741
0.47033
0.54040
0.56611
0.54326
0.47559
0.37419
0.25569
0.13951
0.00000
0.00000
0.00000
0.00000
0.00000
0.00000
0.00000
0.00000
0.00000
0.00000
0.00000
0.00000
0.03834
0.12732
0.23775
0.35153
0.45001
0.51704
0.54164
0.51978
0.45503
0.35802
0.24464
0.13348
0.00000
0.00000
0.00000
0.00000
0.00000
0.00000
0.00000
0.00000
0.00000
0.00000
0.00000
0.00000
0.04054
0.13464
0.25143
0.37176
0.47590
0.54680
0.57281
0.54969
0.48122
0.37862
0.25871
0.14116
0.00000
0.00000
0.00000
0.00000
0.00000
0.00000
0.00000
0.00000
0.00000
0.00000
0.00000
0.00000
0.05062
0.16811
0.31392
0.46416
0.59420
0.68271
0.71520
0.68632
0.60083
0.47273
0.32302
0.17624
0.00000
0.00000
0.00000
0.00000
0.00000
0.00000
0.00000
0.00000
0.00000
0.00000
0.00000
0.00000
0.04934
0.16384
0.30595
0.45237
0.57911
0.66537
0.69703
0.66889
0.58557
0.46072
0.31482
0.17177
0.00000
0.00000
0.00000
0.00000
0.00000
0.00000
0.00000
0.00000
0.00000
0.00000
0.00000
0.00000
0.04937
0.16396
0.30617
0.45270
0.57952
0.66585
0.69753
0.66937
0.58599
0.46106
0.31504
0.17189
0.00000
0.00000
0.00000
0.00000
0.00000
0.00000
0.00000
0.00000
0.00000
0.00000
0.00000
0.00000
0.03195
0.10609
0.19811
0.29292
0.37498
0.43084
0.45134
0.43312
0.37917
0.29833
0.20385
0.11122
0.00000
0.00000
0.00000
0.00000
0.00000
0.00000
0.00000
0.00000
0.00000
0.00000
0.00000
0.00000
0.04050
0.13451
0.25119
0.37140
0.47544
0.54627
0.57226
0.54916
0.48075
0.37825
0.25846
0.14102
0.00000
0.00000
0.00000
0.00000
0.00000
0.00000
0.00000
0.00000
0.00000
0.00000
0.00000
0.00000
0.03504
0.11637
0.21731
0.32130
0.41132
0.47259
0.49507
0.47509
0.41591
0.32724
0.22360
0.12200
0.00000
0.00000
0.00000
0.00000
0.00000
0.00000
0.00000
0.00000
0.00000
0.00000
0.00000
0.00000
0.04849
0.16104
0.30072
0.44463
0.56920
0.65399
0.68510
0.65745
0.57555
0.45284
0.30943
0.16883
0.00000
0.00000
0.00000
0.00000
0.00000
0.00000
0.00000
0.00000
0.00000
0.00000
0.00000
0.00000
0.04934
0.16386
0.30599
0.45243
0.57918
0.66545
0.69711
0.66897
0.58564
0.46078
0.31486
0.17179
0.00000
0.00000
0.00000
0.00000
0.00000
0.00000
0.00000
0.00000
0.00000
0.00000
0.00000
0.00000
0.02999
0.09960
0.18598
0.27499
0.35203
0.40447
0.42371
0.40661
0.35596
0.28007
0.19137
0.10442
0.00000
0.00000
0.00000
0.00000
0.00000
0.00000
0.00000
0.00000
0.00000
0.00000
0.00000
0.00000
0.04070
0.13516
0.25239
0.37318
0.47772
0.54889
0.57500
0.55179
0.48306
0.38007
0.25970
0.14170
0.00000
0.00000
0.00000
0.00000
0.00000
0.00000
0.00000
0.00000
0.00000
0.00000
0.00000
0.00000
0.03906
0.12970
0.24220
0.35811
0.45844
0.52673
0.55179
0.52952
0.46356
0.36472
0.24922
0.13598
0.00000
0.00000
0.00000
0.00000
0.00000
0.00000
0.00000
0.00000
0.00000
0.00000
0.00000
0.00000
0.04210
0.13982
0.26110
0.38605
0.49420
0.56782
0.59484
0.57083
0.49972
0.39318
0.26866
0.14659
0.00000
0.00000
0.00000
0.00000
0.00000
0.00000
0.00000
0.00000
0.00000
0.00000
0.00000
0.00000
0.04104
0.13629
0.25450
0.37630
0.48171
0.55347
0.57981
0.55640
0.48709
0.38324
0.26187
0.14288
0.00000
0.00000
0.00000
0.00000
0.00000
0.00000
0.00000
0.00000
0.00000
0.00000
0.00000
0.00000
0.03824
0.12700
0.23715
0.35065
0.44888
0.51575
0.54029
0.51848
0.45389
0.35712
0.24402
0.13314
0.00000
0.00000
0.00000
0.00000
0.00000
0.00000
0.00000
0.00000
0.00000
0.00000
0.00000
0.00000
0.04957
0.16463
0.30743
0.45457
0.58191
0.66859
0.70041
0.67213
0.58841
0.46296
0.31634
0.17260
0.00000
0.00000
0.00000
0.00000
0.00000
0.00000
0.00000
0.00000
0.00000
0.00000
0.00000
0.00000
0.03966
0.13172
0.24597
0.36368
0.46557
0.53492
0.56038
0.53775
0.47077
0.37040
0.25310
0.13809
0.00000
0.00000
0.00000
0.00000
0.00000
0.00000
0.00000
0.00000
0.00000
0.00000
0.00000
0.00000
0.03252
0.10799
0.20165
0.29816
0.38169
0.43854
0.45941
0.44086
0.38595
0.30366
0.20749
0.11321
0.00000
0.00000
0.00000
0.00000
0.00000
0.00000
0.00000
0.00000
0.00000
0.00000
0.00000
0.00000
0.04212
0.13987
0.26118
0.38618
0.49437
0.56801
0.59504
0.57102
0.49989
0.39331
0.26875
0.14663
0.00000
0.00000
0.00000
0.00000
0.00000
0.00000
0.00000
0.00000
0.00000
0.00000
0.00000
0.00000
0.03915
0.13001
0.24279
0.35898
0.45954
0.52800
0.55312
0.53079
0.46468
0.36560
0.24982
0.13631
0.00000
0.00000
0.00000
0.00000
0.00000
0.00000
0.00000
0.00000
0.00000
0.00000
0.00000
0.00000
0.03750
0.12454
0.23256
0.34387
0.44020
0.50577
0.52984
0.50845
0.44511
0.35021
0.23930
0.13057
0.00000
0.00000
0.00000
0.00000
0.00000
0.00000
0.00000
0.00000
0.00000
0.00000
0.00000
0.00000
0.02619
0.08697
0.16241
0.24013
0.30741
0.35320
0.37001
0.35507
0.31084
0.24457
0.16712
0.09118
0.00000
0.00000
0.00000
0.00000
0.00000
0.00000
0.00000
0.00000
0.00000
0.00000
0.00000
0.00000
0.05258
0.17463
0.32610
0.48216
0.61724
0.70918
0.74293
0.71294
0.62413
0.49106
0.33555
0.18308
0.00000
0.00000
0.00000
0.00000
0.00000
0.00000
0.00000
0.00000
0.00000
0.00000
0.00000
0.00000
0.02520
0.09273
0.17974
0.27157
0.35278
0.40970
0.43275
0.41806
0.36809
0.29125
0.20048
0.11105
0.00000
0.00000
0.00000
0.00000
0.00000
0.00000
0.00000
0.00000
0.00000
0.00000
0.00000
0.00000
0.04279
0.15750
0.30527
0.46124
0.59917
0.69584
0.73499
0.71004
0.62517
0.49467
0.34050
0.18861
0.00000
0.00000
0.00000
0.00000
0.00000
0.00000
0.00000
0.00000
0.00000
0.00000
0.00000
0.00000
0.04081
0.15019
0.29111
0.43984
0.57137
0.66356
0.70089
0.67709
0.59616
0.47172
0.32471
0.17986
0.00000
0.00000
0.00000
0.00000
0.00000
0.00000
0.00000
0.00000
0.00000
0.00000
0.00000
0.00000
0.02870
0.10564
0.20476
0.30938
0.40190
0.46674
0.49300
0.47626
0.41933
0.33180
0.22839
0.12651
0.00000
0.00000
0.00000
0.00000
0.00000
0.00000
0.00000
0.00000
0.00000
0.00000
0.00000
0.00000
0.03830
0.14097
0.27324
0.41284
0.53629
0.62282
0.65787
0.63553
0.55956
0.44276
0.30477
0.16882
0.00000
0.00000
0.00000
0.00000
0.00000
0.00000
0.00000
0.00000
0.00000
0.00000
0.00000
0.00000
0.04594
0.16908
0.32771
0.49515
0.64322
0.74700
0.78903
0.76224
0.67113
0.53104
0.36554
0.20247
0.00000
0.00000
0.00000
0.00000
0.00000
0.00000
0.00000
0.00000
0.00000
0.00000
0.00000
0.00000
0.03825
0.14078
0.27286
0.41227
0.53556
0.62196
0.65696
0.63465
0.55879
0.44215
0.30435
0.16858
0.00000
0.00000
0.00000
0.00000
0.00000
0.00000
0.00000
0.00000
0.00000
0.00000
0.00000
0.00000
0.02951
0.10862
0.21054
0.31811
0.41323
0.47991
0.50691
0.48970
0.43116
0.34116
0.23484
0.13008
0.00000
0.00000
0.00000
0.00000
0.00000
0.00000
0.00000
0.00000
0.00000
0.00000
0.00000
0.00000
0.04437
0.16328
0.31648
0.47817
0.62116
0.72139
0.76197
0.73610
0.64812
0.51283
0.35300
0.19553
0.00000
0.00000
0.00000
0.00000
0.00000
0.00000
0.00000
0.00000
0.00000
0.00000
0.00000
0.00000
0.02279
0.08386
0.16253
0.24558
0.31901
0.37048
0.39133
0.37804
0.33286
0.26338
0.18129
0.10042
0.00000
0.00000
0.00000
0.00000
0.00000
0.00000
0.00000
0.00000
0.00000
0.00000
0.00000
0.00000
0.03146
0.11578
0.22441
0.33907
0.44046
0.51153
0.54031
0.52196
0.45957
0.36364
0.25031
0.13865
0.00000
0.00000
0.00000
0.00000
0.00000
0.00000
0.00000
0.00000
0.00000
0.00000
0.00000
0.00000
0.03404
0.12529
0.24283
0.36690
0.47662
0.55352
0.58466
0.56481
0.49730
0.39349
0.27086
0.15003
0.00000
0.00000
0.00000
0.00000
0.00000
0.00000
0.00000
0.00000
0.00000
0.00000
0.00000
0.00000
0.02362
0.08692
0.16848
0.25456
0.33068
0.38404
0.40565
0.39187
0.34503
0.27301
0.18793
0.10409
0.00000
0.00000
0.00000
0.00000
0.00000
0.00000
0.00000
0.00000
0.00000
0.00000
0.00000
0.00000
0.03952
0.14546
0.28194
0.42599
0.55337
0.64265
0.67881
0.65576
0.57738
0.45686
0.31448
0.17419
0.00000
0.00000
0.00000
0.00000
0.00000
0.00000
0.00000
0.00000
0.00000
0.00000
0.00000
0.00000
0.03318
0.12212
0.23669
0.35762
0.46456
0.53951
0.56987
0.55052
0.48472
0.38354
0.26401
0.14624
0.00000
0.00000
0.00000
0.00000
0.00000
0.00000
0.00000
0.00000
0.00000
0.00000
0.00000
0.00000
0.02641
0.09720
0.18839
0.28465
0.36976
0.42942
0.45358
0.43818
0.38581
0.30527
0.21013
0.11640
0.00000
0.00000
0.00000
0.00000
0.00000
0.00000
0.00000
0.00000
0.00000
0.00000
0.00000
0.00000
0.04353
0.16020
0.31051
0.46916
0.60945
0.70779
0.74761
0.72222
0.63590
0.50316
0.34635
0.19185
0.00000
0.00000
0.00000
0.00000
0.00000
0.00000
0.00000
0.00000
0.00000
0.00000
0.00000
0.00000
0.04108
0.15118
0.29302
0.44273
0.57512
0.66791
0.70549
0.68154
0.60008
0.47482
0.32684
0.18104
0.00000
0.00000
0.00000
0.00000
0.00000
0.00000
0.00000
0.00000
0.00000
0.00000
0.00000
0.00000
0.03615
0.13305
0.25788
0.38963
0.50615
0.58781
0.62088
0.59980
0.52811
0.41787
0.28764
0.15933
0.00000
0.00000
0.00000
0.00000
0.00000
0.00000
0.00000
0.00000
0.00000
0.00000
0.00000
0.00000
0.03543
0.13041
0.25276
0.38191
0.49611
0.57615
0.60857
0.58791
0.51764
0.40958
0.28194
0.15617
0.00000
0.00000
0.00000
0.00000
0.00000
0.00000
0.00000
0.00000
0.00000
0.00000
0.00000
0.00000
0.03610
0.13288
0.25755
0.38914
0.50550
0.58706
0.62009
0.59903
0.52743
0.41734
0.28727
0.15912
0.00000
0.00000
0.00000
0.00000
0.00000
0.00000
0.00000
0.00000
0.00000
0.00000
0.00000
0.00000
0.02862
0.10535
0.20419
0.30852
0.40078
0.46544
0.49163
0.47493
0.41816
0.33088
0.22776
0.12616
0.00000
0.00000
0.00000
0.00000
0.00000
0.00000
0.00000
0.00000
0.00000
0.00000
0.00000
0.00000
0.02147
0.07900
0.15313
0.23136
0.30055
0.34904
0.36868
0.35616
0.31359
0.24813
0.17080
0.09461
0.00000
0.00000
0.00000
0.00000
0.00000
0.00000
0.00000
0.00000
0.00000
0.00000
0.00000
0.00000
0.02938
0.10813
0.20958
0.31666
0.41135
0.47772
0.50460
0.48747
0.42920
0.33961
0.23377
0.12949
0.00000
0.00000
0.00000
0.00000
0.00000
0.00000
0.00000
0.00000
0.00000
0.00000
0.00000
0.00000
0.03683
0.13554
0.26271
0.39694
0.51564
0.59883
0.63252
0.61105
0.53801
0.42571
0.29303
0.16231
0.00000
0.00000
0.00000
0.00000
0.00000
0.00000
0.00000
0.00000
0.00000
0.00000
0.00000
0.00000
0.01611
0.05931
0.11495
0.17369
0.22563
0.26203
0.27677
0.26737
0.23542
0.18628
0.12822
0.07102
0.00000
0.00000
0.00000
0.00000
0.00000
0.00000
0.00000
0.00000
0.00000
0.00000
0.00000
0.00000
0.02433
0.08955
0.17357
0.26225
0.34067
0.39563
0.41789
0.40370
0.35545
0.28125
0.19360
0.10724
0.00000
0.00000
0.00000
0.00000
0.00000
0.00000
0.00000
0.00000
0.00000
0.00000
0.00000
0.00000
0.04476
0.16473
0.31928
0.48240
0.62666
0.72776
0.76871
0.74261
0.65385
0.51736
0.35612
0.19726
0.00000
0.00000
0.00000
0.00000
0.00000
0.00000
0.00000
0.00000
0.00000
0.00000
0.00000
0.00000
0.04056
0.14929
0.28936
0.43720
0.56794
0.65957
0.69668
0.67303
0.59258
0.46889
0.32276
0.17878
0.00000
0.00000
0.00000
0.00000
0.00000
0.00000
0.00000
0.00000
0.00000
0.00000
0.00000
0.00000
0.03340
0.12293
0.23826
0.35999
0.46764
0.54309
0.57365
0.55417
0.48793
0.38608
0.26576
0.14720
0.00000
0.00000
0.00000
0.00000
0.00000
0.00000
0.00000
0.00000
0.00000
0.00000
0.00000
0.00000
0.03980
0.14647
0.28389
0.42893
0.55720
0.64710
0.68350
0.66029
0.58137
0.46002
0.31665
0.17540
0.00000
0.00000
0.00000
0.00000
0.00000
