0.00000
0.00000
0.00000
0.00000
0.00000
0.00000
0.00000
0.03819
0.13232
0.26493
0.41270
0.54963
0.65162
0.70075
0.68835
0.61662
0.49817
0.35384
0.20903
0.00000
0.00000
0.00000
0.00000
0.00000
0.00000
0.00000
0.00000
0.00000
0.00000
0.00000
0.00000
0.03877
0.13433
0.26895
0.41897
0.55797
0.66152
0.71139
0.69880
0.62598
0.50574
0.35922
0.21220
0.00000
0.00000
0.00000
0.00000
0.00000
0.00000
0.00000
0.00000
0.00000
0.00000
0.00000
0.00000
0.03221
0.11160
0.22346
0.34809
0.46359
0.54962
0.59105
0.58059
0.52009
0.42018
0.29845
0.17631
0.00000
0.00000
0.00000
0.00000
0.00000
0.00000
0.00000
0.00000
0.00000
0.00000
0.00000
0.00000
0.03221
0.11161
0.22347
0.34812
0.46362
0.54965
0.59109
0.58063
0.52012
0.42021
0.29847
0.17632
0.00000
0.00000
0.00000
0.00000
0.00000
0.00000
0.00000
0.00000
0.00000
0.00000
0.00000
0.00000
0.03460
0.11987
0.24002
0.37389
0.49794
0.59035
0.63485
0.62362
0.55863
0.45132
0.32057
0.18937
0.00000
0.00000
0.00000
0.00000
0.00000
0.00000
0.00000
0.00000
0.00000
0.00000
0.00000
0.00000
0.03302
0.11441
0.22908
0.35685
0.47525
0.56344
0.60592
0.59520
0.53317
0.43075
0.30596
0.18074
0.00000
0.00000
0.00000
0.00000
0.00000
0.00000
0.00000
0.00000
0.00000
0.00000
0.00000
0.00000
0.04069
0.14097
0.28225
0.43968
0.58556
0.69423
0.74656
0.73336
0.65694
0.53074
0.37698
0.22270
0.00000
0.00000
0.00000
0.00000
0.00000
0.00000
0.00000
0.00000
0.00000
0.00000
0.00000
0.00000
0.04109
0.14235
0.28502
0.44400
0.59131
0.70104
0.75389
0.74056
0.66338
0.53595
0.38068
0.22488
0.00000
0.00000
0.00000
0.00000
0.00000
0.00000
0.00000
0.00000
0.00000
0.00000
0.00000
0.00000
0.04525
0.15680
0.31394
0.48905
0.65131
0.77218
0.83039
0.81570
0.73070
0.59034
0.41931
0.24770
0.00000
0.00000
0.00000
0.00000
0.00000
0.00000
0.00000
0.00000
0.00000
0.00000
0.00000
0.00000
0.03548
0.12293
0.24613
0.38342
0.51063
0.60539
0.65103
0.63951
0.57287
0.46282
0.32874
0.19420
0.00000
0.00000
0.00000
0.00000
0.00000
0.00000
0.00000
0.00000
0.00000
0.00000
0.00000
0.00000
0.03673
0.12725
0.25478
0.39689
0.52857
0.62667
0.67391
0.66198
0.59300
0.47909
0.34029
0.20102
0.00000
0.00000
0.00000
0.00000
0.00000
0.00000
0.00000
0.00000
0.00000
0.00000
0.00000
0.00000
0.04541
0.15732
0.31500
0.49069
0.65350
0.77477
0.83318
0.81844
0.73315
0.59232
0.42071
0.24853
0.00000
0.00000
0.00000
0.00000
0.00000
0.00000
0.00000
0.00000
0.00000
0.00000
0.00000
0.00000
0.02665
0.09232
0.18485
0.28796
0.38350
0.45467
0.48895
0.48030
0.43025
0.34760
0.24689
0.14585
0.00000
0.00000
0.00000
0.00000
0.00000
0.00000
0.00000
0.00000
0.00000
0.00000
0.00000
0.00000
0.03915
0.13565
0.27160
0.42308
0.56346
0.66802
0.71838
0.70567
0.63213
0.51070
0.36275
0.21429
0.00000
0.00000
0.00000
0.00000
0.00000
0.00000
0.00000
0.00000
0.00000
0.00000
0.00000
0.00000
0.03531
0.12234
0.24496
0.38159
0.50820
0.60251
0.64793
0.63647
0.57014
0.46062
0.32717
0.19327
0.00000
0.00000
0.00000
0.00000
0.00000
0.00000
0.00000
0.00000
0.00000
0.00000
0.00000
0.00000
0.02812
0.09744
0.19511
0.30393
0.40477
0.47989
0.51607
0.50694
0.45411
0.36688
0.26059
0.15394
0.00000
0.00000
0.00000
0.00000
0.00000
0.00000
0.00000
0.00000
0.00000
0.00000
0.00000
0.00000
0.04095
0.14187
0.28406
0.44250
0.58931
0.69867
0.75134
0.73805
0.66114
0.53414
0.37939
0.22412
0.00000
0.00000
0.00000
0.00000
0.00000
0.00000
0.00000
0.00000
0.00000
0.00000
0.00000
0.00000
0.04321
0.14972
0.29977
0.46697
0.62191
0.73732
0.79290
0.77887
0.69771
0.56368
0.40037
0.23652
0.00000
0.00000
0.00000
0.00000
0.00000
0.00000
0.00000
0.00000
0.00000
0.00000
0.00000
0.00000
0.02815
0.09752
0.19527
0.30418
0.40511
0.48028
0.51649
0.50735
0.45448
0.36718
0.26080
0.15407
0.00000
0.00000
0.00000
0.00000
0.00000
0.00000
0.00000
0.00000
0.00000
0.00000
0.00000
0.00000
0.03838
0.13299
0.26627
0.41479
0.55241
0.65493
0.70430
0.69184
0.61974
0.50069
0.35564
0.21009
0.00000
0.00000
0.00000
0.00000
0.00000
0.00000
0.00000
0.00000
0.00000
0.00000
0.00000
0.00000
0.03565
0.12352
0.24732
0.38527
0.51309
0.60831
0.65417
0.64260
0.57563
0.46506
0.33032
0.19514
0.00000
0.00000
0.00000
0.00000
0.00000
0.00000
0.00000
0.00000
0.00000
0.00000
0.00000
0.00000
0.03542
0.12273
0.24574
0.38280
0.50981
0.60441
0.64998
0.63848
0.57194
0.46208
0.32821
0.19388
0.00000
0.00000
0.00000
0.00000
0.00000
0.00000
0.00000
0.00000
0.00000
0.00000
0.00000
0.00000
0.04626
0.16027
0.32091
0.49990
0.66576
0.78930
0.84880
0.83379
0.74690
0.60343
0.42860
0.25319
0.00000
0.00000
0.00000
0.00000
0.00000
0.00000
0.00000
0.00000
0.00000
0.00000
0.00000
0.00000
0.03720
0.12889
0.25808
0.40202
0.53541
0.63476
0.68261
0.67054
0.60066
0.48528
0.34469
0.20362
0.00000
0.00000
0.00000
0.00000
0.00000
0.00000
0.00000
0.00000
0.00000
0.00000
0.00000
0.00000
0.04076
0.14121
0.28274
0.44045
0.58658
0.69544
0.74786
0.73463
0.65808
0.53166
0.37763
0.22308
0.00000
0.00000
0.00000
0.00000
0.00000
0.00000
0.00000
0.00000
0.00000
0.00000
0.00000
0.00000
0.03504
0.12140
0.24307
0.37864
0.50427
0.59785
0.64292
0.63155
0.56573
0.45706
0.32464
0.19178
0.00000
0.00000
0.00000
0.00000
0.00000
0.00000
0.00000
0.00000
0.00000
0.00000
0.00000
0.00000
0.04262
0.14766
0.29566
0.46057
0.61338
0.72721
0.78203
0.76820
0.68815
0.55596
0.39489
0.23328
0.00000
0.00000
0.00000
0.00000
0.00000
0.00000
0.00000
0.00000
0.00000
0.00000
0.00000
0.00000
0.04522
0.15667
0.31370
0.48867
0.65081
0.77158
0.82974
0.81507
0.73013
0.58987
0.41898
0.24751
0.00000
0.00000
0.00000
0.00000
0.00000
0.00000
0.00000
0.00000
0.00000
0.00000
0.00000
0.00000
0.03910
0.13547
0.27125
0.42254
0.56274
0.66717
0.71746
0.70477
0.63133
0.51005
0.36228
0.21401
0.00000
0.00000
0.00000
0.00000
0.00000
0.00000
0.00000
0.00000
0.00000
0.00000
0.00000
0.00000
0.03699
0.12818
0.25664
0.39979
0.53243
0.63124
0.67882
0.66681
0.59733
0.48258
0.34277
0.20249
0.00000
0.00000
0.00000
0.00000
0.00000
0.00000
0.00000
0.00000
0.00000
0.00000
0.00000
0.00000
0.03880
0.13443
0.26917
0.41930
0.55841
0.66204
0.71195
0.69936
0.62648
0.50613
0.35950
0.21237
0.00000
0.00000
0.00000
0.00000
0.00000
0.00000
0.00000
0.00000
0.00000
0.00000
0.00000
0.00000
0.00469
0.09472
0.20043
0.30745
0.40125
0.46910
0.50179
0.49486
0.44926
0.37120
0.27125
0.16301
0.06116
0.00000
0.00000
0.00000
0.00000
0.00000
0.00000
0.00000
0.00000
0.00000
0.00000
0.00000
0.00705
0.14247
0.30146
0.46243
0.60353
0.70558
0.75473
0.74431
0.67574
0.55831
0.40799
0.24518
0.09199
0.00000
0.00000
0.00000
0.00000
0.00000
0.00000
0.00000
0.00000
0.00000
0.00000
0.00000
0.00706
0.14278
0.30211
0.46343
0.60483
0.70710
0.75636
0.74592
0.67720
0.55952
0.40887
0.24571
0.09219
0.00000
0.00000
0.00000
0.00000
0.00000
0.00000
0.00000
0.00000
0.00000
0.00000
0.00000
0.00639
0.12919
0.27336
0.41933
0.54727
0.63981
0.68438
0.67494
0.61275
0.50627
0.36996
0.22233
0.08342
0.00000
0.00000
0.00000
0.00000
0.00000
0.00000
0.00000
0.00000
0.00000
0.00000
0.00000
0.00606
0.12257
0.25935
0.39784
0.51922
0.60702
0.64931
0.64035
0.58135
0.48033
0.35100
0.21093
0.07914
0.00000
0.00000
0.00000
0.00000
0.00000
0.00000
0.00000
0.00000
0.00000
0.00000
0.00000
0.00545
0.11023
0.23325
0.35780
0.46697
0.54594
0.58397
0.57591
0.52285
0.43199
0.31568
0.18971
0.07118
0.00000
0.00000
0.00000
0.00000
0.00000
0.00000
0.00000
0.00000
0.00000
0.00000
0.00000
0.00733
0.14822
0.31364
0.48111
0.62791
0.73408
0.78522
0.77439
0.70304
0.58087
0.42447
0.25509
0.09571
0.00000
0.00000
0.00000
0.00000
0.00000
0.00000
0.00000
0.00000
0.00000
0.00000
0.00000
0.00673
0.13612
0.28802
0.44182
0.57662
0.67412
0.72109
0.71113
0.64561
0.53342
0.38980
0.23425
0.08789
0.00000
0.00000
0.00000
0.00000
0.00000
0.00000
0.00000
0.00000
0.00000
0.00000
0.00000
0.00795
0.16073
0.34010
0.52171
0.68089
0.79603
0.85148
0.83973
0.76236
0.62988
0.46029
0.27661
0.10379
0.00000
0.00000
0.00000
0.00000
0.00000
0.00000
0.00000
0.00000
0.00000
0.00000
0.00000
0.00681
0.13776
0.29149
0.44714
0.58357
0.68225
0.72978
0.71971
0.65340
0.53986
0.39450
0.23707
0.08895
0.00000
0.00000
0.00000
0.00000
0.00000
0.00000
0.00000
0.00000
0.00000
0.00000
0.00000
0.00599
0.12111
0.25627
0.39312
0.51306
0.59982
0.64161
0.63275
0.57445
0.47463
0.34684
0.20843
0.07820
0.00000
0.00000
0.00000
0.00000
0.00000
0.00000
0.00000
0.00000
0.00000
0.00000
0.00000
0.00726
0.14677
0.31057
0.47641
0.62176
0.72690
0.77754
0.76681
0.69616
0.57519
0.42032
0.25259
0.09477
0.00000
0.00000
0.00000
0.00000
0.00000
0.00000
0.00000
0.00000
0.00000
0.00000
0.00000
0.00728
0.14728
0.31164
0.47804
0.62390
0.72940
0.78021
0.76944
0.69855
0.57716
0.42176
0.25346
0.09510
0.00000
0.00000
0.00000
0.00000
0.00000
0.00000
0.00000
0.00000
0.00000
0.00000
0.00000
0.00766
0.15488
0.32773
0.50274
0.65613
0.76708
0.82052
0.80919
0.73463
0.60698
0.44355
0.26655
0.10001
0.00000
0.00000
0.00000
0.00000
0.00000
0.00000
0.00000
0.00000
0.00000
0.00000
0.00000
0.00533
0.10785
0.22820
0.35005
0.45686
0.53411
0.57132
0.56344
0.51152
0.42264
0.30884
0.18560
0.06964
0.00000
0.00000
0.00000
0.00000
0.00000
0.00000
0.00000
0.00000
0.00000
0.00000
0.00000
0.00739
0.14936
0.31605
0.48482
0.63274
0.73974
0.79127
0.78035
0.70845
0.58534
0.42774
0.25705
0.09645
0.00000
0.00000
0.00000
0.00000
0.00000
0.00000
0.00000
0.00000
0.00000
0.00000
0.00000
0.00689
0.13929
0.29473
0.45211
0.59006
0.68983
0.73789
0.72771
0.66066
0.54586
0.39889
0.23971
0.08994
0.00000
0.00000
0.00000
0.00000
0.00000
0.00000
0.00000
0.00000
0.00000
0.00000
0.00000
0.00692
0.13994
0.29612
0.45423
0.59283
0.69307
0.74135
0.73112
0.66376
0.54842
0.40076
0.24083
0.09036
0.00000
0.00000
0.00000
0.00000
0.00000
0.00000
0.00000
0.00000
0.00000
0.00000
0.00000
0.00591
0.11944
0.25273
0.38768
0.50597
0.59153
0.63273
0.62400
0.56651
0.46806
0.34204
0.20555
0.07712
0.00000
0.00000
0.00000
0.00000
0.00000
0.00000
0.00000
0.00000
0.00000
0.00000
0.00000
0.00813
0.16438
0.34783
0.53356
0.69635
0.81410
0.87082
0.85879
0.77967
0.64418
0.47074
0.28289
0.10614
0.00000
0.00000
0.00000
0.00000
0.00000
0.00000
0.00000
0.00000
0.00000
0.00000
0.00000
0.00825
0.16684
0.35302
0.54153
0.70675
0.82626
0.88382
0.87162
0.79132
0.65381
0.47777
0.28712
0.10773
0.00000
0.00000
0.00000
0.00000
0.00000
0.00000
0.00000
0.00000
0.00000
0.00000
0.00000
0.00781
0.15799
0.33430
0.51281
0.66927
0.78245
0.83696
0.82540
0.74935
0.61914
0.45244
0.27189
0.10202
0.00000
0.00000
0.00000
0.00000
0.00000
0.00000
0.00000
0.00000
0.00000
0.00000
0.00000
0.00490
0.09908
0.20966
0.32161
0.41974
0.49072
0.52491
0.51766
0.46997
0.38830
0.28375
0.17052
0.06398
0.00000
0.00000
0.00000
0.00000
0.00000
0.00000
0.00000
0.00000
0.00000
0.00000
0.00000
0.00752
0.15211
0.32186
0.49372
0.64436
0.75332
0.80580
0.79467
0.72146
0.59609
0.43559
0.26177
0.09822
0.00000
0.00000
0.00000
0.00000
0.00000
0.00000
0.00000
0.00000
0.00000
0.00000
0.00000
0.00612
0.12371
0.26177
0.40155
0.52407
0.61269
0.65537
0.64633
0.58678
0.48481
0.35428
0.21290
0.07988
0.00000
0.00000
0.00000
0.00000
0.00000
0.00000
0.00000
0.00000
0.00000
0.00000
0.00000
0.00785
0.15874
0.33589
0.51524
0.67245
0.78616
0.84093
0.82932
0.75291
0.62207
0.45458
0.27318
0.10250
0.00000
0.00000
0.00000
0.00000
0.00000
0.00000
0.00000
0.00000
0.00000
0.00000
0.00000
0.00694
0.14034
0.29696
0.45553
0.59452
0.69505
0.74347
0.73321
0.66565
0.54998
0.40190
0.24152
0.09062
0.00000
0.00000
0.00000
0.00000
0.00000
0.00000
0.00000
0.00000
0.00000
0.00000
0.00000
0.00780
0.15766
0.33360
0.51173
0.66787
0.78080
0.83520
0.82367
0.74778
0.61784
0.45149
0.27132
0.10180
0.00000
0.00000
0.00000
0.00000
0.00000
0.00000
0.00000
0.00000
0.00000
0.00000
0.00421
0.04024
0.12320
0.23860
0.36628
0.48394
0.57103
0.61233
0.60064
0.53799
0.43533
0.31059
0.18556
0.08207
0.00000
0.00000
0.00000
0.00000
0.00000
0.00000
0.00000
0.00000
0.00000
0.00000
0.00482
0.04612
0.14120
0.27346
0.41979
0.55463
0.65444
0.70178
0.68838
0.61658
0.49892
0.35596
0.21266
0.09406
0.00000
0.00000
0.00000
0.00000
0.00000
0.00000
0.00000
0.00000
0.00000
0.00000
0.00519
0.04966
0.15203
0.29443
0.45199
0.59718
0.70464
0.75561
0.74118
0.66388
0.53720
0.38327
0.22898
0.10127
0.00000
0.00000
0.00000
0.00000
0.00000
0.00000
0.00000
0.00000
0.00000
0.00000
0.00543
0.05194
0.15902
0.30796
0.47276
0.62462
0.73702
0.79033
0.77524
0.69438
0.56188
0.40088
0.23950
0.10592
0.00000
0.00000
0.00000
0.00000
0.00000
0.00000
0.00000
0.00000
0.00000
0.00000
0.00576
0.05511
0.16873
0.32677
0.50163
0.66277
0.78203
0.83860
0.82259
0.73679
0.59620
0.42536
0.25412
0.11239
0.00000
0.00000
0.00000
0.00000
0.00000
0.00000
0.00000
0.00000
0.00000
0.00000
0.00470
0.04500
0.13777
0.26682
0.40960
0.54117
0.63855
0.68474
0.67167
0.60161
0.48681
0.34732
0.20750
0.09177
0.00000
0.00000
0.00000
0.00000
0.00000
0.00000
0.00000
0.00000
0.00000
0.00000
0.00520
0.04971
0.15218
0.29472
0.45243
0.59776
0.70532
0.75634
0.74190
0.66452
0.53772
0.38364
0.22920
0.10137
0.00000
0.00000
0.00000
0.00000
0.00000
0.00000
0.00000
0.00000
0.00000
0.00000
0.00371
0.03553
0.10879
0.21068
0.32342
0.42731
0.50421
0.54068
0.53036
0.47504
0.38439
0.27425
0.16384
0.07247
0.00000
0.00000
0.00000
0.00000
0.00000
0.00000
0.00000
0.00000
0.00000
0.00000
0.00558
0.05337
0.16339
0.31642
0.48575
0.64178
0.75727
0.81205
0.79654
0.71346
0.57732
0.41189
0.24608
0.10884
0.00000
0.00000
0.00000
0.00000
0.00000
0.00000
0.00000
0.00000
0.00000
0.00000
0.00485
0.04636
0.14193
0.27486
0.42194
0.55747
0.65779
0.70537
0.69190
0.61974
0.50148
0.35778
0.21375
0.09454
0.00000
0.00000
0.00000
0.00000
0.00000
0.00000
0.00000
0.00000
0.00000
0.00000
0.00545
0.05216
0.15969
0.30926
0.47475
0.62725
0.74013
0.79366
0.77851
0.69731
0.56425
0.40257
0.24051
0.10637
0.00000
0.00000
0.00000
0.00000
0.00000
0.00000
0.00000
0.00000
0.00000
0.00000
0.00440
0.04211
0.12891
0.24966
0.38325
0.50636
0.59749
0.64070
0.62847
0.56292
0.45550
0.32498
0.19416
0.08587
0.00000
0.00000
0.00000
0.00000
0.00000
0.00000
0.00000
0.00000
0.00000
0.00000
0.00531
0.05082
0.15558
0.30130
0.46253
0.61111
0.72108
0.77324
0.75847
0.67936
0.54973
0.39221
0.23432
0.10363
0.00000
0.00000
0.00000
0.00000
0.00000
0.00000
0.00000
0.00000
0.00000
0.00000
0.00488
0.04671
0.14301
0.27696
0.42516
0.56173
0.66282
0.71077
0.69719
0.62448
0.50531
0.36052
0.21539
0.09526
0.00000
0.00000
0.00000
0.00000
0.00000
0.00000
0.00000
0.00000
0.00000
0.00000
0.00496
0.04748
0.14536
0.28152
0.43216
0.57099
0.67374
0.72247
0.70867
0.63476
0.51363
0.36646
0.21893
0.09683
0.00000
0.00000
0.00000
0.00000
0.00000
0.00000
0.00000
0.00000
0.00000
0.00000
0.00366
0.03497
0.10707
0.20735
0.31830
0.42055
0.49623
0.53212
0.52196
0.46752
0.37831
0.26991
0.16125
0.07132
0.00000
0.00000
0.00000
0.00000
0.00000
0.00000
0.00000
0.00000
0.00000
0.00000
0.00417
0.03986
0.12204
0.23635
0.36283
0.47938
0.56564
0.60656
0.59498
0.53292
0.43123
0.30766
0.18381
0.08129
0.00000
0.00000
0.00000
0.00000
0.00000
0.00000
0.00000
0.00000
0.00000
0.00000
0.00547
0.05231
0.16016
0.31017
0.47614
0.62909
0.74230
0.79599
0.78079
0.69936
0.56590
0.40375
0.24121
0.10668
0.00000
0.00000
0.00000
0.00000
0.00000
0.00000
0.00000
0.00000
0.00000
0.00000
0.00509
0.04869
0.14907
0.28869
0.44317
0.58553
0.69090
0.74087
0.72672
0.65093
0.52672
0.37579
0.22451
0.09930
0.00000
0.00000
0.00000
0.00000
0.00000
0.00000
0.00000
0.00000
0.00000
0.00000
0.00556
0.05313
0.16268
0.31505
0.48363
0.63898
0.75397
0.80851
0.79307
0.71035
0.57480
0.41010
0.24501
0.10836
0.00000
0.00000
0.00000
0.00000
0.00000
0.00000
0.00000
0.00000
0.00000
0.00000
0.00493
0.04712
0.14427
0.27941
0.42892
0.56670
0.66868
0.71705
0.70335
0.62999
0.50978
0.36371
0.21729
0.09610
0.00000
0.00000
0.00000
0.00000
0.00000
0.00000
0.00000
0.00000
0.00000
0.00000
0.00392
0.03746
0.11469
0.22212
0.34097
0.45050
0.53157
0.57002
0.55914
0.50082
0.40525
0.28913
0.17274
0.07640
0.00000
0.00000
0.00000
0.00000
0.00000
0.00000
0.00000
0.00000
0.00000
0.00000
0.00553
0.05287
0.16186
0.31346
0.48120
0.63577
0.75018
0.80444
0.78908
0.70678
0.57191
0.40803
0.24377
0.10782
0.00000
0.00000
0.00000
0.00000
0.00000
0.00000
0.00000
0.00000
0.00000
0.00000
0.00475
0.04540
0.13898
0.26916
0.41319
0.54592
0.64416
0.69075
0.67756
0.60689
0.49109
0.35037
0.20932
0.09258
0.00000
0.00000
0.00000
0.00000
0.00000
0.00000
0.00000
0.00000
0.00000
0.00000
0.00392
0.03748
0.11475
0.22223
0.34115
0.45073
0.53184
0.57031
0.55942
0.50108
0.40546
0.28928
0.17282
0.07644
0.00000
0.00000
0.00000
0.00000
0.00000
0.00000
0.00000
0.00000
0.00000
0.00000
0.00446
0.04263
0.13051
0.25275
0.38800
0.51263
0.60488
0.64864
0.63625
0.56989
0.46114
0.32901
0.19656
0.08693
0.00000
0.00000
0.00000
0.00000
0.00000
0.00000
0.00000
0.00000
0.00000
0.00000
0.00494
0.04724
0.14464
0.28012
0.43002
0.56815
0.67039
0.71888
0.70515
0.63160
0.51108
0.36463
0.21784
0.09635
0.00000
0.00000
0.00000
0.00000
0.00000
0.00000
0.00000
0.00000
0.00000
0.00000
0.00425
0.04063
0.12438
0.24089
0.36979
0.48857
0.57649
0.61819
0.60638
0.54314
0.43950
0.31356
0.18733
0.08285
0.00000
0.00000
0.00000
0.00000
0.00000
0.00000
0.00000
0.00000
0.00000
0.00000
0.00493
0.04720
0.14450
0.27984
0.42958
0.56757
0.66971
0.71815
0.70444
0.63097
0.51057
0.36427
0.21762
0.09625
0.00000
0.00000
0.00000
0.00000
0.00000
0.00000
0.00000
0.00000
0.00000
0.00000
0.00441
0.04220
0.12920
0.25021
0.38410
0.50748
0.59880
0.64211
0.62985
0.56416
0.45650
0.32570
0.19458
0.08606
0.00000
0.00000
0.00000
0.00000
0.00000
0.00000
0.00000
0.00000
0.00000
0.00000
0.00510
0.04875
0.14925
0.28904
0.44371
0.58624
0.69174
0.74178
0.72761
0.65172
0.52736
0.37625
0.22478
0.09942
0.00000
0.00000
0.00000
0.00000
0.00000
0.00000
0.00000
0.00000
0.00000
0.00000
0.00000
0.04547
0.14495
0.27958
0.42674
0.56172
0.66185
0.71031
0.69895
0.62970
0.51418
0.37179
0.22644
0.00000
0.00000
0.00000
0.00000
0.00000
0.00000
0.00000
0.00000
0.00000
0.00000
0.00000
0.00000
0.01405
0.04478
0.08637
0.13183
0.17353
0.20446
0.21943
0.21592
0.19453
0.15884
0.11485
0.06995
0.00000
0.00000
0.00000
0.00000
0.00000
0.00000
0.00000
0.00000
0.00000
0.00000
0.00000
0.00000
0.04185
0.13342
0.25734
0.39280
0.51705
0.60921
0.65381
0.64337
0.57962
0.47328
0.34222
0.20843
0.00000
0.00000
0.00000
0.00000
0.00000
0.00000
0.00000
0.00000
0.00000
0.00000
0.00000
0.00000
0.03110
0.09915
0.19123
0.29189
0.38422
0.45271
0.48585
0.47809
0.43072
0.35170
0.25430
0.15489
0.00000
0.00000
0.00000
0.00000
0.00000
0.00000
0.00000
0.00000
0.00000
0.00000
0.00000
0.00000
0.04443
0.14166
0.27323
0.41705
0.54896
0.64682
0.69417
0.68308
0.61540
0.50250
0.36334
0.22130
0.00000
0.00000
0.00000
0.00000
0.00000
0.00000
0.00000
0.00000
0.00000
0.00000
0.00000
0.00000
0.02535
0.08083
0.15591
0.23797
0.31324
0.36908
0.39610
0.38977
0.35115
0.28673
0.20733
0.12627
0.00000
0.00000
0.00000
0.00000
0.00000
0.00000
0.00000
0.00000
0.00000
0.00000
0.00000
0.00000
0.03598
0.11471
0.22126
0.33772
0.44455
0.52379
0.56214
0.55315
0.49835
0.40692
0.29423
0.17921
0.00000
0.00000
0.00000
0.00000
0.00000
0.00000
0.00000
0.00000
0.00000
0.00000
0.00000
0.00000
0.05309
0.16925
0.32644
0.49828
0.65588
0.77280
0.82938
0.81612
0.73526
0.60037
0.43411
0.26440
0.00000
0.00000
0.00000
0.00000
0.00000
0.00000
0.00000
0.00000
0.00000
0.00000
0.00000
0.00000
0.03079
0.09817
0.18934
0.28901
0.38042
0.44823
0.48105
0.47336
0.42646
0.34822
0.25179
0.15336
0.00000
0.00000
0.00000
0.00000
0.00000
0.00000
0.00000
0.00000
0.00000
0.00000
0.00000
0.00000
0.05481
0.17475
0.33707
0.51449
0.67722
0.79794
0.85636
0.84267
0.75918
0.61990
0.44823
0.27300
0.00000
0.00000
0.00000
0.00000
0.00000
0.00000
0.00000
0.00000
0.00000
0.00000
0.00000
0.00000
0.04067
0.12966
0.25010
0.38174
0.50249
0.59206
0.63540
0.62525
0.56330
0.45996
0.33258
0.20256
0.00000
0.00000
0.00000
0.00000
0.00000
0.00000
0.00000
0.00000
0.00000
0.00000
0.00000
0.00000
0.01582
0.05045
0.09730
0.14851
0.19549
0.23034
0.24720
0.24325
0.21915
0.17894
0.12939
0.07881
0.00000
0.00000
0.00000
0.00000
0.00000
0.00000
0.00000
0.00000
0.00000
0.00000
0.00000
0.00000
0.04242
0.13524
0.26085
0.39815
0.52408
0.61750
0.66271
0.65212
0.58751
0.47973
0.34688
0.21127
0.00000
0.00000
0.00000
0.00000
0.00000
0.00000
0.00000
0.00000
0.00000
0.00000
0.00000
0.00000
0.04947
0.15772
0.30422
0.46435
0.61123
0.72018
0.77290
0.76055
0.68520
0.55949
0.40455
0.24640
0.00000
0.00000
0.00000
0.00000
0.00000
0.00000
0.00000
0.00000
0.00000
0.00000
0.00000
0.00000
0.03599
0.11473
0.22128
0.33776
0.44459
0.52384
0.56220
0.55321
0.49840
0.40696
0.29426
0.17923
0.00000
0.00000
0.00000
0.00000
0.00000
0.00000
0.00000
0.00000
0.00000
0.00000
0.00000
0.00000
0.04482
0.14288
0.27559
0.42066
0.55371
0.65241
0.70018
0.68899
0.62072
0.50685
0.36648
0.22321
0.00000
0.00000
0.00000
0.00000
0.00000
0.00000
0.00000
0.00000
0.00000
0.00000
0.00000
0.00000
0.04620
0.14728
0.28407
0.43360
0.57075
0.67248
0.72172
0.71018
0.63982
0.52244
0.37776
0.23008
0.00000
0.00000
0.00000
0.00000
0.00000
0.00000
0.00000
0.00000
0.00000
0.00000
0.00000
0.00000
0.04411
0.14064
0.27127
0.41406
0.54502
0.64217
0.68919
0.67818
0.61098
0.49889
0.36074
0.21971
0.00000
0.00000
0.00000
0.00000
0.00000
0.00000
0.00000
0.00000
0.00000
0.00000
0.00000
0.00000
0.04090
0.13040
0.25152
0.38392
0.50536
0.59544
0.63903
0.62882
0.56652
0.46258
0.33448
0.20372
0.00000
0.00000
0.00000
0.00000
0.00000
0.00000
0.00000
0.00000
0.00000
0.00000
0.00000
0.00000
0.04682
0.14928
0.28793
0.43949
0.57850
0.68162
0.73153
0.71984
0.64852
0.52954
0.38289
0.23321
0.00000
0.00000
0.00000
0.00000
0.00000
0.00000
0.00000
0.00000
0.00000
0.00000
0.00000
0.00000
0.04155
0.13245
0.25548
0.38995
0.51329
0.60479
0.64907
0.63870
0.57541
0.46985
0.33973
0.20692
0.00000
0.00000
0.00000
0.00000
0.00000
0.00000
0.00000
0.00000
0.00000
0.00000
0.00000
0.00000
0.03409
0.10867
0.20960
0.31993
0.42112
0.49619
0.53251
0.52400
0.47209
0.38548
0.27873
0.16976
0.00000
0.00000
0.00000
0.00000
0.00000
0.00000
0.00000
0.00000
0.00000
0.00000
0.00000
0.00000
0.05485
0.17487
0.33729
0.51483
0.67767
0.79846
0.85692
0.84323
0.75968
0.62031
0.44853
0.27318
0.00000
0.00000
0.00000
0.00000
0.00000
0.00000
0.00000
0.00000
0.00000
0.00000
0.00000
0.00000
0.04491
0.14319
0.27618
0.42155
0.55489
0.65379
0.70166
0.69045
0.62204
0.50792
0.36726
0.22369
0.00000
0.00000
0.00000
0.00000
0.00000
0.00000
0.00000
0.00000
0.00000
0.00000
0.00000
0.00000
0.03072
0.09795
0.18892
0.28837
0.37958
0.44724
0.47998
0.47231
0.42552
0.34745
0.25123
0.15302
0.00000
0.00000
0.00000
0.00000
0.00000
0.00000
0.00000
0.00000
0.00000
0.00000
0.00000
0.00000
0.05691
0.18144
0.34996
0.53417
0.70313
0.82846
0.88911
0.87491
0.78822
0.64362
0.46538
0.28345
0.00000
0.00000
0.00000
0.00000
0.00000
0.00000
0.00000
0.00000
0.00000
0.00000
0.00000
0.00000
0.04398
0.14022
0.27046
0.41282
0.54340
0.64026
0.68713
0.67615
0.60916
0.49740
0.35966
0.21906
0.00000
0.00000
0.00000
0.00000
0.00000
0.00000
0.00000
0.00000
0.00000
0.00000
0.00000
0.00000
0.03959
0.12621
0.24344
0.37158
0.48912
0.57630
0.61850
0.60861
0.54831
0.44772
0.32373
0.19717
0.00000
0.00000
0.00000
0.00000
0.00000
0.00000
0.00000
0.00000
0.00000
0.00000
0.00000
0.00000
0.03677
0.11721
0.22608
0.34508
0.45423
0.53519
0.57438
0.56520
0.50920
0.41578
0.30064
0.18311
0.00000
0.00000
0.00000
0.00000
0.00000
0.00000
0.00000
0.00000
0.00000
0.00000
0.00000
0.00000
0.03848
0.12269
0.23665
0.36122
0.47547
0.56023
0.60124
0.59163
0.53301
0.43523
0.31470
0.19167
0.00000
0.00000
0.00000
0.00000
0.00000
0.00000
0.00000
0.00000
0.00000
0.00000
0.00000
0.00112
0.02524
0.06654
0.11871
0.17376
0.22329
0.25972
0.27747
0.27384
0.24938
0.20783
0.15554
0.10050
0.00000
0.00000
0.00000
0.00000
0.00000
0.00000
0.00000
0.00000
0.00000
0.00000
0.00000
0.00250
0.05646
0.14886
0.26558
0.38875
0.49956
0.58106
0.62078
0.61266
0.55793
0.46496
0.34797
0.22485
0.00000
0.00000
0.00000
0.00000
0.00000
0.00000
0.00000
0.00000
0.00000
0.00000
0.00000
0.00289
0.06520
0.17190
0.30666
0.44890
0.57685
0.67095
0.71682
0.70744
0.64424
0.53689
0.40181
0.25964
0.00000
0.00000
0.00000
0.00000
0.00000
0.00000
0.00000
0.00000
0.00000
0.00000
0.00000
0.00145
0.03271
0.08623
0.15384
0.22519
0.28937
0.33658
0.35959
0.35488
0.32318
0.26933
0.20157
0.13025
0.00000
0.00000
0.00000
0.00000
0.00000
0.00000
0.00000
0.00000
0.00000
0.00000
0.00000
0.00232
0.05237
0.13808
0.24634
0.36059
0.46337
0.53896
0.57581
0.56827
0.51751
0.43128
0.32276
0.20856
0.00000
0.00000
0.00000
0.00000
0.00000
0.00000
0.00000
0.00000
0.00000
0.00000
0.00000
0.00298
0.06731
0.17746
0.31660
0.46344
0.59553
0.69269
0.74004
0.73035
0.66511
0.55429
0.41482
0.26805
0.00000
0.00000
0.00000
0.00000
0.00000
0.00000
0.00000
0.00000
0.00000
0.00000
0.00000
0.00230
0.05202
0.13715
0.24469
0.35817
0.46027
0.53535
0.57195
0.56446
0.51404
0.42839
0.32060
0.20717
0.00000
0.00000
0.00000
0.00000
0.00000
0.00000
0.00000
0.00000
0.00000
0.00000
0.00000
0.00228
0.05139
0.13550
0.24174
0.35386
0.45472
0.52890
0.56506
0.55766
0.50785
0.42322
0.31674
0.20467
0.00000
0.00000
0.00000
0.00000
0.00000
0.00000
0.00000
0.00000
0.00000
0.00000
0.00000
0.00285
0.06442
0.16983
0.30298
0.44351
0.56992
0.66290
0.70821
0.69894
0.63651
0.53045
0.39698
0.25652
0.00000
0.00000
0.00000
0.00000
0.00000
0.00000
0.00000
0.00000
0.00000
0.00000
0.00000
0.00263
0.05931
0.15636
0.27895
0.40834
0.52473
0.61033
0.65205
0.64352
0.58603
0.48838
0.36550
0.23618
0.00000
0.00000
0.00000
0.00000
0.00000
0.00000
0.00000
0.00000
0.00000
0.00000
0.00000
0.00249
0.05629
0.14842
0.26478
0.38759
0.49806
0.57931
0.61891
0.61081
0.55625
0.46356
0.34693
0.22418
0.00000
0.00000
0.00000
0.00000
0.00000
0.00000
0.00000
0.00000
0.00000
0.00000
0.00000
0.00252
0.05697
0.15020
0.26797
0.39225
0.50406
0.58628
0.62636
0.61817
0.56294
0.46914
0.35110
0.22688
0.00000
0.00000
0.00000
0.00000
0.00000
0.00000
0.00000
0.00000
0.00000
0.00000
0.00000
0.00244
0.05520
0.14553
0.25962
0.38003
0.48835
0.56802
0.60685
0.59891
0.54541
0.45453
0.34017
0.21981
0.00000
0.00000
0.00000
0.00000
0.00000
0.00000
0.00000
0.00000
0.00000
0.00000
0.00000
0.00300
0.06780
0.17876
0.31892
0.46683
0.59990
0.69776
0.74546
0.73571
0.66998
0.55835
0.41786
0.27001
0.00000
0.00000
0.00000
0.00000
0.00000
0.00000
0.00000
0.00000
0.00000
0.00000
0.00000
0.00218
0.04920
0.12971
0.23141
0.33873
0.43528
0.50629
0.54090
0.53383
0.48614
0.40513
0.30320
0.19592
0.00000
0.00000
0.00000
0.00000
0.00000
0.00000
0.00000
0.00000
0.00000
0.00000
0.00000
0.00245
0.05545
0.14619
0.26081
0.38178
0.49060
0.57063
0.60964
0.60166
0.54791
0.45662
0.34173
0.22082
0.00000
0.00000
0.00000
0.00000
0.00000
0.00000
0.00000
0.00000
0.00000
0.00000
0.00000
0.00265
0.05981
0.15769
0.28131
0.41179
0.52916
0.61549
0.65757
0.64896
0.59099
0.49251
0.36859
0.23818
0.00000
0.00000
0.00000
0.00000
0.00000
0.00000
0.00000
0.00000
0.00000
0.00000
0.00000
0.00195
0.04401
0.11604
0.20701
0.30303
0.38940
0.45292
0.48388
0.47755
0.43489
0.36243
0.27124
0.17527
0.00000
0.00000
0.00000
0.00000
0.00000
0.00000
0.00000
0.00000
0.00000
0.00000
0.00000
0.00273
0.06172
0.16274
0.29032
0.42498
0.54611
0.63520
0.67862
0.66974
0.60991
0.50828
0.38040
0.24580
0.00000
0.00000
0.00000
0.00000
0.00000
0.00000
0.00000
0.00000
0.00000
0.00000
0.00000
0.00191
0.04308
0.11358
0.20263
0.29662
0.38116
0.44334
0.47365
0.46745
0.42570
0.35476
0.26550
0.17156
0.00000
0.00000
0.00000
0.00000
0.00000
0.00000
0.00000
0.00000
0.00000
0.00000
0.00000
0.00184
0.04164
0.10980
0.19588
0.28673
0.36845
0.42856
0.45786
0.45187
0.41150
0.34293
0.25665
0.16584
0.00000
0.00000
0.00000
0.00000
0.00000
0.00000
0.00000
0.00000
0.00000
0.00000
0.00000
0.00206
0.04650
0.12260
0.21872
0.32016
0.41141
0.47853
0.51124
0.50455
0.45948
0.38292
0.28657
0.18518
0.00000
0.00000
0.00000
0.00000
0.00000
0.00000
0.00000
0.00000
0.00000
0.00000
0.00000
0.00299
0.06764
0.17834
0.31816
0.46573
0.59847
0.69610
0.74369
0.73396
0.66839
0.55702
0.41687
0.26937
0.00000
0.00000
0.00000
0.00000
0.00000
0.00000
0.00000
0.00000
0.00000
0.00000
0.00000
0.00236
0.05326
0.14041
0.25050
0.36668
0.47119
0.54806
0.58553
0.57787
0.52624
0.43856
0.32821
0.21208
0.00000
0.00000
0.00000
0.00000
0.00000
0.00000
0.00000
0.00000
0.00000
0.00000
0.00000
0.00250
0.05637
0.14862
0.26514
0.38812
0.49875
0.58011
0.61977
0.61165
0.55702
0.46420
0.34741
0.22449
0.00000
0.00000
0.00000
0.00000
0.00000
0.00000
0.00000
0.00000
0.00000
0.00000
0.00000
0.00229
0.05169
0.13627
0.24311
0.35587
0.45730
0.53191
0.56827
0.56083
0.51073
0.42563
0.31854
0.20583
0.00000
0.00000
0.00000
0.00000
0.00000
0.00000
0.00000
0.00000
0.00000
0.00000
0.00000
0.00250
0.05648
0.14891
0.26566
0.38887
0.49971
0.58123
0.62096
0.61284
0.55809
0.46510
0.34808
0.22492
0.00000
0.00000
0.00000
0.00000
0.00000
0.00000
0.00000
0.00000
0.00000
0.00000
0.00000
0.00191
0.04316
0.11380
0.20301
0.29717
0.38188
0.44417
0.47454
0.46833
0.42649
0.35543
0.26600
0.17188
0.00000
0.00000
0.00000
0.00000
0.00000
0.00000
0.00000
0.00000
0.00000
0.00000
0.00000
0.00271
0.06128
0.16157
0.28824
0.42192
0.54219
0.63064
0.67375
0.66493
0.60553
0.50463
0.37766
0.24404
0.00000
0.00000
0.00000
0.00000
0.00000
0.00000
0.00000
0.00000
0.00000
0.00000
0.00000
0.00282
0.06367
0.16788
0.29949
0.43840
0.56336
0.65526
0.70006
0.69090
0.62918
0.52434
0.39241
0.25357
0.00000
0.00000
0.00000
0.00000
0.00000
0.00000
0.00000
0.00000
0.00000
0.00000
0.00000
0.00256
0.05789
0.15263
0.27230
0.39859
0.51220
0.59576
0.63648
0.62815
0.57204
0.47672
0.35678
0.23054
0.00000
0.00000
0.00000
0.00000
0.00000
0.00000
0.00000
0.00000
0.00000
0.00000
0.00000
0.00981
0.06063
0.14090
0.23910
0.34109
0.43224
0.49942
0.53298
0.52811
0.48549
0.41126
0.31609
0.21365
0.00000
0.00000
0.00000
0.00000
0.00000
0.00000
0.00000
0.00000
0.00000
0.00000
0.00000
0.01505
0.09305
0.21625
0.36696
0.52351
0.66339
0.76650
0.81802
0.81053
0.74513
0.63120
0.48513
0.32791
0.00000
0.00000
0.00000
0.00000
0.00000
0.00000
0.00000
0.00000
0.00000
0.00000
0.00000
0.01145
0.07078
0.16449
0.27913
0.39821
0.50461
0.58304
0.62223
0.61654
0.56679
0.48013
0.36902
0.24943
0.00000
0.00000
0.00000
0.00000
0.00000
0.00000
0.00000
0.00000
0.00000
0.00000
0.00000
0.01189
0.07351
0.17086
0.28993
0.41361
0.52413
0.60559
0.64629
0.64038
0.58871
0.49870
0.38329
0.25907
0.00000
0.00000
0.00000
0.00000
0.00000
0.00000
0.00000
0.00000
0.00000
0.00000
0.00000
0.00780
0.04820
0.11203
0.19010
0.27120
0.34366
0.39708
0.42376
0.41989
0.38600
0.32699
0.25132
0.16987
0.00000
0.00000
0.00000
0.00000
0.00000
0.00000
0.00000
0.00000
0.00000
0.00000
0.00000
0.00936
0.05783
0.13439
0.22805
0.32534
0.41228
0.47636
0.50837
0.50372
0.46308
0.39227
0.30149
0.20379
0.00000
0.00000
0.00000
0.00000
0.00000
0.00000
0.00000
0.00000
0.00000
0.00000
0.00000
0.01226
0.07578
0.17612
0.29886
0.42635
0.54027
0.62424
0.66620
0.66011
0.60684
0.51406
0.39509
0.26705
0.00000
0.00000
0.00000
0.00000
0.00000
0.00000
0.00000
0.00000
0.00000
0.00000
0.00000
0.01010
0.06242
0.14507
0.24616
0.35118
0.44501
0.51418
0.54874
0.54372
0.49985
0.42342
0.32543
0.21997
0.00000
0.00000
0.00000
0.00000
0.00000
0.00000
0.00000
0.00000
0.00000
0.00000
0.00000
0.01019
0.06298
0.14638
0.24839
0.35435
0.44904
0.51883
0.55370
0.54864
0.50437
0.42725
0.32838
0.22196
0.00000
0.00000
0.00000
0.00000
0.00000
0.00000
0.00000
0.00000
0.00000
0.00000
0.00000
0.00885
0.05467
0.12706
0.21561
0.30759
0.38977
0.45036
0.48063
0.47623
0.43780
0.37086
0.28504
0.19266
0.00000
0.00000
0.00000
0.00000
0.00000
0.00000
0.00000
0.00000
0.00000
0.00000
0.00000
0.01028
0.06356
0.14773
0.25068
0.35762
0.45318
0.52362
0.55881
0.55370
0.50902
0.43119
0.33141
0.22400
0.00000
0.00000
0.00000
0.00000
0.00000
0.00000
0.00000
0.00000
0.00000
0.00000
0.00000
0.00604
0.03735
0.08681
0.14731
0.21015
0.26630
0.30769
0.32837
0.32537
0.29911
0.25338
0.19474
0.13163
0.00000
0.00000
0.00000
0.00000
0.00000
0.00000
0.00000
0.00000
0.00000
0.00000
0.00000
0.00816
0.05042
0.11718
0.19885
0.28368
0.35948
0.41535
0.44327
0.43921
0.40377
0.34204
0.26288
0.17769
0.00000
0.00000
0.00000
0.00000
0.00000
0.00000
0.00000
0.00000
0.00000
0.00000
0.00000
0.01105
0.06827
0.15868
0.26926
0.38412
0.48676
0.56242
0.60022
0.59473
0.54674
0.46315
0.35596
0.24060
0.00000
0.00000
0.00000
0.00000
0.00000
0.00000
0.00000
0.00000
0.00000
0.00000
0.00000
0.01061
0.06556
0.15238
0.25857
0.36888
0.46745
0.54010
0.57640
0.57113
0.52504
0.44477
0.34184
0.23106
0.00000
0.00000
0.00000
0.00000
0.00000
0.00000
0.00000
0.00000
0.00000
0.00000
0.00000
0.00458
0.02830
0.06577
0.11161
0.15923
0.20177
0.23313
0.24880
0.24653
0.22663
0.19198
0.14755
0.09973
0.00000
0.00000
0.00000
0.00000
0.00000
0.00000
0.00000
0.00000
0.00000
0.00000
0.00000
0.00788
0.04872
0.11324
0.19216
0.27414
0.34739
0.40138
0.42836
0.42444
0.39019
0.33053
0.25404
0.17171
0.00000
0.00000
0.00000
0.00000
0.00000
0.00000
0.00000
0.00000
0.00000
0.00000
0.00000
0.01056
0.06528
0.15173
0.25747
0.36730
0.46545
0.53779
0.57394
0.56869
0.52280
0.44287
0.34038
0.23007
0.00000
0.00000
0.00000
0.00000
0.00000
0.00000
0.00000
0.00000
0.00000
0.00000
0.00000
0.01318
0.08147
0.18935
0.32131
0.45839
0.58087
0.67115
0.71626
0.70971
0.65244
0.55269
0.42478
0.28712
0.00000
0.00000
0.00000
0.00000
0.00000
0.00000
0.00000
0.00000
0.00000
0.00000
0.00000
0.00987
0.06097
0.14171
0.24047
0.34305
0.43472
0.50228
0.53604
0.53114
0.48828
0.41362
0.31790
0.21488
0.00000
0.00000
0.00000
0.00000
0.00000
0.00000
0.00000
0.00000
0.00000
0.00000
0.00000
0.01114
0.06887
0.16005
0.27159
0.38745
0.49098
0.56730
0.60542
0.59989
0.55148
0.46716
0.35905
0.24269
0.00000
0.00000
0.00000
0.00000
0.00000
0.00000
0.00000
0.00000
0.00000
0.00000
0.00000
0.00904
0.05588
0.12988
0.22040
0.31442
0.39844
0.46036
0.49131
0.48681
0.44753
0.37910
0.29137
0.19694
0.00000
0.00000
0.00000
0.00000
0.00000
0.00000
0.00000
0.00000
0.00000
0.00000
0.00000
0.00954
0.05898
0.13709
0.23262
0.33186
0.42054
0.48590
0.51856
0.51381
0.47235
0.40013
0.30753
0.20787
0.00000
0.00000
0.00000
0.00000
0.00000
0.00000
0.00000
0.00000
0.00000
0.00000
0.00000
0.00776
0.04795
0.11144
0.18911
0.26978
0.34187
0.39501
0.42155
0.41770
0.38399
0.32528
0.25001
0.16898
0.00000
0.00000
0.00000
0.00000
0.00000
0.00000
0.00000
0.00000
0.00000
0.00000
0.00000
0.00867
0.05361
0.12461
0.21145
0.30165
0.38225
0.44167
0.47135
0.46704
0.42935
0.36371
0.27954
0.18895
0.00000
0.00000
0.00000
0.00000
0.00000
0.00000
0.00000
0.00000
0.00000
0.00000
0.00000
0.00983
0.06078
0.14125
0.23969
0.34194
0.43330
0.50065
0.53430
0.52941
0.48669
0.41228
0.31687
0.21418
0.00000
0.00000
0.00000
0.00000
0.00000
0.00000
0.00000
0.00000
0.00000
0.00000
0.00000
0.00875
0.05408
0.12568
0.21326
0.30424
0.38554
0.44546
0.47540
0.47105
0.43304
0.36683
0.28194
0.19057
0.00000
0.00000
0.00000
0.00000
0.00000
0.00000
0.00000
0.00000
0.00000
0.00000
0.00000
0.00702
0.04337
0.10080
0.17105
0.24402
0.30922
0.35729
0.38130
0.37781
0.34733
0.29422
0.22613
0.15285
0.00000
0.00000
0.00000
0.00000
0.00000
0.00000
0.00000
0.00000
0.00000
0.00000
0.00000
0.01095
0.06768
0.15729
0.26690
0.38077
0.48251
0.55750
0.59497
0.58953
0.54196
0.45910
0.35285
0.23850
0.00000
0.00000
0.00000
0.00000
0.00000
0.00000
0.00000
0.00000
0.00000
0.00000
0.00000
0.00891
0.05506
0.12797
0.21715
0.30978
0.39256
0.45357
0.48406
0.47963
0.44093
0.37351
0.28707
0.19404
0.00000
0.00000
0.00000
0.00000
0.00000
0.00000
0.00000
0.00000
0.00000
0.00000
0.00000
0.02216
0.06578
0.13971
0.23307
0.33211
0.42222
0.49014
0.52586
0.52412
0.48517
0.41475
0.32324
0.22411
0.13198
0.00000
0.00000
0.00000
0.00000
0.00000
0.00000
0.00000
0.00000
0.00000
0.00000
0.02382
0.07070
0.15016
0.25050
0.35694
0.45379
0.52679
0.56518
0.56330
0.52144
0.44576
0.34740
0.24087
0.14185
0.00000
0.00000
0.00000
0.00000
0.00000
0.00000
0.00000
0.00000
0.00000
0.00000
0.02080
0.06173
0.13112
0.21874
0.31168
0.39626
0.46000
0.49352
0.49188
0.45533
0.38924
0.30336
0.21033
0.12386
0.00000
0.00000
0.00000
0.00000
0.00000
0.00000
0.00000
0.00000
0.00000
0.00000
0.02473
0.07340
0.15590
0.26007
0.37057
0.47113
0.54692
0.58677
0.58482
0.54136
0.46279
0.36067
0.25007
0.14727
0.00000
0.00000
0.00000
0.00000
0.00000
0.00000
0.00000
0.00000
0.00000
0.00000
0.02672
0.07932
0.16847
0.28105
0.40047
0.50914
0.59104
0.63411
0.63201
0.58504
0.50012
0.38977
0.27024
0.15915
0.00000
0.00000
0.00000
0.00000
0.00000
0.00000
0.00000
0.00000
0.00000
0.00000
0.02714
0.08056
0.17111
0.28546
0.40675
0.51712
0.60031
0.64405
0.64192
0.59421
0.50796
0.39588
0.27448
0.16164
0.00000
0.00000
0.00000
0.00000
0.00000
0.00000
0.00000
0.00000
0.00000
0.00000
0.01514
0.04494
0.09546
0.15925
0.22692
0.28850
0.33490
0.35931
0.35812
0.33150
0.28339
0.22086
0.15313
0.09018
0.00000
0.00000
0.00000
0.00000
0.00000
0.00000
0.00000
0.00000
0.00000
0.00000
0.01609
0.04775
0.10142
0.16919
0.24108
0.30649
0.35580
0.38173
0.38046
0.35219
0.30107
0.23464
0.16268
0.09581
0.00000
0.00000
0.00000
0.00000
0.00000
0.00000
0.00000
0.00000
0.00000
0.00000
0.02461
0.07303
0.15513
0.25879
0.36874
0.46880
0.54421
0.58387
0.58193
0.53869
0.46050
0.35889
0.24883
0.14654
0.00000
0.00000
0.00000
0.00000
0.00000
0.00000
0.00000
0.00000
0.00000
0.00000
0.01716
0.05093
0.10818
0.18047
0.25715
0.32693
0.37952
0.40717
0.40582
0.37566
0.32114
0.25028
0.17353
0.10219
0.00000
0.00000
0.00000
0.00000
0.00000
0.00000
0.00000
0.00000
0.00000
0.00000
0.01975
0.05862
0.12452
0.20772
0.29598
0.37630
0.43683
0.46866
0.46711
0.43239
0.36963
0.28808
0.19973
0.11762
0.00000
0.00000
0.00000
0.00000
0.00000
0.00000
0.00000
0.00000
0.00000
0.00000
0.02554
0.07579
0.16098
0.26855
0.38266
0.48649
0.56475
0.60591
0.60390
0.55902
0.47788
0.37244
0.25823
0.15207
0.00000
0.00000
0.00000
0.00000
0.00000
0.00000
0.00000
0.00000
0.00000
0.00000
0.02295
0.06811
0.14466
0.24133
0.34387
0.43717
0.50750
0.54448
0.54267
0.50234
0.42943
0.33468
0.23205
0.13665
0.00000
0.00000
0.00000
0.00000
0.00000
0.00000
0.00000
0.00000
0.00000
0.00000
0.02464
0.07313
0.15534
0.25914
0.36925
0.46945
0.54496
0.58468
0.58274
0.53943
0.46114
0.35939
0.24918
0.14674
0.00000
0.00000
0.00000
0.00000
0.00000
0.00000
0.00000
0.00000
0.00000
0.00000
0.02805
0.08325
0.17683
0.29500
0.42034
0.53440
0.62036
0.66557
0.66337
0.61407
0.52494
0.40911
0.28365
0.16704
0.00000
0.00000
0.00000
0.00000
0.00000
0.00000
0.00000
0.00000
0.00000
0.00000
0.02528
0.07502
0.15934
0.26581
0.37876
0.48153
0.55899
0.59972
0.59774
0.55331
0.47300
0.36864
0.25559
0.15052
0.00000
0.00000
0.00000
0.00000
0.00000
0.00000
0.00000
0.00000
0.00000
0.00000
0.01868
0.05545
0.11777
0.19647
0.27995
0.35591
0.41316
0.44327
0.44180
0.40897
0.34961
0.27247
0.18891
0.11125
0.00000
0.00000
0.00000
0.00000
0.00000
0.00000
0.00000
0.00000
0.00000
0.00000
0.01918
0.05692
0.12091
0.20170
0.28741
0.36539
0.42417
0.45508
0.45357
0.41986
0.35892
0.27973
0.19395
0.11422
0.00000
0.00000
0.00000
0.00000
0.00000
0.00000
0.00000
0.00000
0.00000
0.00000
0.02518
0.07474
0.15874
0.26481
0.37733
0.47972
0.55689
0.59747
0.59549
0.55124
0.47123
0.36725
0.25463
0.14995
0.00000
0.00000
0.00000
0.00000
0.00000
0.00000
0.00000
0.00000
0.00000
0.00000
0.03446
0.10226
0.21721
0.36236
0.51633
0.65643
0.76202
0.81755
0.81484
0.75429
0.64481
0.50253
0.34842
0.20519
0.00000
0.00000
0.00000
0.00000
0.00000
0.00000
0.00000
0.00000
0.00000
0.00000
0.03003
0.08913
0.18931
0.31582
0.45001
0.57211
0.66415
0.71254
0.71018
0.65740
0.56198
0.43798
0.30367
0.17883
0.00000
0.00000
0.00000
0.00000
0.00000
0.00000
0.00000
0.00000
0.00000
0.00000
0.03036
0.09012
0.19141
0.31931
0.45499
0.57844
0.67150
0.72043
0.71804
0.66468
0.56820
0.44283
0.30703
0.18081
0.00000
0.00000
0.00000
0.00000
0.00000
0.00000
0.00000
0.00000
0.00000
0.00000
0.01331
0.03951
0.08392
0.14000
0.19949
0.25361
0.29441
0.31587
0.31482
0.29142
0.24912
0.19416
0.13462
0.07928
0.00000
0.00000
0.00000
0.00000
0.00000
0.00000
0.00000
0.00000
0.00000
0.00000
0.02368
0.07028
0.14927
0.24902
0.35483
0.45111
0.52368
0.56184
0.55997
0.51836
0.44312
0.34535
0.23944
0.14101
0.00000
0.00000
0.00000
0.00000
0.00000
0.00000
0.00000
0.00000
0.00000
0.00000
0.03820
0.11337
0.24080
0.40172
0.57241
0.72772
0.84479
0.90635
0.90334
0.83621
0.71484
0.55711
0.38627
0.22747
0.00000
0.00000
0.00000
0.00000
0.00000
0.00000
0.00000
0.00000
0.00000
0.00000
0.01975
0.05860
0.12448
0.20766
0.29589
0.37618
0.43669
0.46852
0.46696
0.43226
0.36952
0.28799
0.19967
0.11759
0.00000
0.00000
0.00000
0.00000
0.00000
0.00000
0.00000
0.00000
0.00000
0.00000
0.03040
0.09023
0.19166
0.31973
0.45558
0.57920
0.67237
0.72137
0.71898
0.66555
0.56895
0.44341
0.30743
0.18105
0.00000
0.00000
0.00000
0.00000
0.00000
0.00000
0.00000
0.00000
0.00000
0.00000
0.02312
0.06863
0.14577
0.24318
0.34650
0.44053
0.51139
0.54866
0.54684
0.50620
0.43273
0.33725
0.23383
0.13770
0.00000
0.00000
0.00000
0.00000
0.00000
0.00000
0.00000
0.00000
0.00000
0.00000
0.02385
0.07078
0.15034
0.25080
0.35736
0.45433
0.52742
0.56585
0.56398
0.52206
0.44629
0.34782
0.24116
0.14202
0.00000
0.00000
0.00000
0.00000
0.00000
0.00000
0.00000
0.00000
0.00000
0.00000
0.02554
0.07581
0.16102
0.26862
0.38276
0.48662
0.56490
0.60607
0.60406
0.55917
0.47801
0.37254
0.25829
0.15211
0.00000
0.00000
0.00000
0.00000
0.00000
0.00000
0.00000
0.00000
0.00000
0.00000
0.01692
0.05023
0.10669
0.17798
0.25360
0.32241
0.37428
0.40155
0.40022
0.37048
0.31671
0.24683
0.17113
0.10078
0.00000
0.00000
0.00000
0.00000
0.00000
0.00000
0.00000
0.00000
0.00000
0.00000
0.01359
0.06494
0.15193
0.26169
0.37792
0.48341
0.56251
0.60348
0.60027
0.55334
0.46965
0.36161
0.24524
0.00000
0.00000
0.00000
0.00000
0.00000
0.00000
0.00000
0.00000
0.00000
0.00000
0.00000
0.01284
0.06135
0.14355
0.24724
0.35707
0.45673
0.53146
0.57018
0.56714
0.52280
0.44373
0.34165
0.23170
0.00000
0.00000
0.00000
0.00000
0.00000
0.00000
0.00000
0.00000
0.00000
0.00000
0.00000
0.01081
0.05162
0.12077
0.20801
0.30041
0.38426
0.44713
0.47970
0.47715
0.43984
0.37332
0.28744
0.19494
0.00000
0.00000
0.00000
0.00000
0.00000
0.00000
0.00000
0.00000
0.00000
0.00000
0.00000
0.01174
0.05609
0.13124
0.22605
0.32645
0.41757
0.48590
0.52129
0.51852
0.47798
0.40569
0.31236
0.21184
0.00000
0.00000
0.00000
0.00000
0.00000
0.00000
0.00000
0.00000
0.00000
0.00000
0.00000
0.01549
0.07398
0.17310
0.29814
0.43057
0.55074
0.64086
0.68754
0.68388
0.63041
0.53507
0.41198
0.27940
0.00000
0.00000
0.00000
0.00000
0.00000
0.00000
0.00000
0.00000
0.00000
0.00000
0.00000
0.01627
0.07771
0.18182
0.31316
0.45225
0.57849
0.67314
0.72218
0.71833
0.66217
0.56202
0.43273
0.29347
0.00000
0.00000
0.00000
0.00000
0.00000
0.00000
0.00000
0.00000
0.00000
0.00000
0.00000
0.01455
0.06951
0.16264
0.28013
0.40456
0.51749
0.60216
0.64602
0.64258
0.59234
0.50275
0.38710
0.26253
0.00000
0.00000
0.00000
0.00000
0.00000
0.00000
0.00000
0.00000
0.00000
0.00000
0.00000
0.01345
0.06426
0.15036
0.25897
0.37400
0.47839
0.55667
0.59722
0.59404
0.54759
0.46477
0.35786
0.24269
0.00000
0.00000
0.00000
0.00000
0.00000
0.00000
0.00000
0.00000
0.00000
0.00000
0.00000
0.01369
0.06541
0.15304
0.26360
0.38068
0.48694
0.56661
0.60789
0.60465
0.55737
0.47307
0.36425
0.24703
0.00000
0.00000
0.00000
0.00000
0.00000
0.00000
0.00000
0.00000
0.00000
0.00000
0.00000
0.01110
0.05302
0.12405
0.21367
0.30857
0.39470
0.45928
0.49274
0.49011
0.45180
0.38346
0.29525
0.20023
0.00000
0.00000
0.00000
0.00000
0.00000
0.00000
0.00000
0.00000
0.00000
0.00000
0.00000
0.01561
0.07456
0.17445
0.30047
0.43393
0.55505
0.64586
0.69291
0.68922
0.63534
0.53924
0.41520
0.28158
0.00000
0.00000
0.00000
0.00000
0.00000
0.00000
0.00000
0.00000
0.00000
0.00000
0.00000
0.01238
0.05913
0.13834
0.23827
0.34410
0.44015
0.51217
0.54948
0.54655
0.50382
0.42762
0.32925
0.22329
0.00000
0.00000
0.00000
0.00000
0.00000
0.00000
0.00000
0.00000
0.00000
0.00000
0.00000
0.01030
0.04921
0.11515
0.19833
0.28642
0.36637
0.42631
0.45737
0.45493
0.41936
0.35594
0.27405
0.18586
0.00000
0.00000
0.00000
0.00000
0.00000
0.00000
0.00000
0.00000
0.00000
0.00000
0.00000
0.01475
0.07048
0.16490
0.28401
0.41016
0.52465
0.61049
0.65497
0.65148
0.60054
0.50971
0.39246
0.26616
0.00000
0.00000
0.00000
0.00000
0.00000
0.00000
0.00000
0.00000
0.00000
0.00000
0.00000
0.01306
0.06239
0.14597
0.25142
0.36309
0.46444
0.54043
0.57980
0.57671
0.53162
0.45122
0.34742
0.23561
0.00000
0.00000
0.00000
0.00000
0.00000
0.00000
0.00000
0.00000
0.00000
0.00000
0.00000
0.01138
0.05435
0.12715
0.21900
0.31628
0.40456
0.47076
0.50505
0.50236
0.46308
0.39304
0.30263
0.20524
0.00000
0.00000
0.00000
0.00000
0.00000
0.00000
0.00000
0.00000
0.00000
0.00000
0.00000
0.01314
0.06277
0.14686
0.25295
0.36530
0.46727
0.54372
0.58333
0.58022
0.53486
0.45396
0.34953
0.23705
0.00000
0.00000
0.00000
0.00000
0.00000
0.00000
0.00000
0.00000
0.00000
0.00000
0.00000
0.00973
0.04647
0.10874
0.18728
0.27047
0.34597
0.40257
0.43190
0.42960
0.39601
0.33612
0.25880
0.17551
0.00000
0.00000
0.00000
0.00000
0.00000
0.00000
0.00000
0.00000
0.00000
0.00000
0.00000
0.01043
0.04984
0.11660
0.20083
0.29004
0.37099
0.43170
0.46314
0.46068
0.42466
0.36043
0.27752
0.18821
0.00000
0.00000
0.00000
0.00000
0.00000
0.00000
0.00000
0.00000
0.00000
0.00000
0.00000
0.01606
0.07671
0.17948
0.30913
0.44645
0.57106
0.66449
0.71290
0.70910
0.65366
0.55480
0.42717
0.28970
0.00000
0.00000
0.00000
0.00000
0.00000
0.00000
0.00000
0.00000
0.00000
0.00000
0.00000
0.00979
0.04675
0.10937
0.18838
0.27205
0.34798
0.40492
0.43442
0.43210
0.39832
0.33808
0.26031
0.17654
0.00000
0.00000
0.00000
0.00000
0.00000
0.00000
0.00000
0.00000
0.00000
0.00000
0.00000
0.01923
0.09186
0.21491
0.37016
0.53458
0.68380
0.79568
0.85364
0.84910
0.78271
0.66433
0.51150
0.34690
0.00000
0.00000
0.00000
0.00000
0.00000
0.00000
0.00000
0.00000
0.00000
0.00000
0.00000
0.01170
0.05587
0.13073
0.22516
0.32517
0.41594
0.48399
0.51925
0.51648
0.47610
0.40409
0.31114
0.21101
0.00000
0.00000
0.00000
0.00000
0.00000
0.00000
0.00000
0.00000
0.00000
0.00000
0.00000
0.01305
0.06235
0.14589
0.25127
0.36288
0.46416
0.54011
0.57946
0.57637
0.53131
0.45095
0.34721
0.23547
0.00000
0.00000
0.00000
0.00000
0.00000
0.00000
0.00000
0.00000
0.00000
0.00000
0.00000
0.01297
0.06194
0.14493
0.24962
0.36049
0.46111
0.53656
0.57564
0.57258
0.52781
0.44798
0.34493
0.23392
0.00000
0.00000
0.00000
0.00000
0.00000
0.00000
0.00000
0.00000
0.00000
0.00000
0.00000
0.00764
0.03648
0.08534
0.14699
0.21228
0.27153
0.31596
0.33898
0.33717
0.31081
0.26380
0.20312
0.13775
0.00000
0.00000
0.00000
0.00000
0.00000
0.00000
0.00000
0.00000
0.00000
0.00000
0.00000
0.00835
0.03989
0.09334
0.16076
0.23217
0.29698
0.34557
0.37074
0.36877
0.33994
0.28852
0.22215
0.15066
0.00000
0.00000
0.00000
0.00000
0.00000
0.00000
0.00000
0.00000
0.00000
0.00000
0.00000
0.01320
0.06305
0.14751
0.25407
0.36692
0.46934
0.54613
0.58592
0.58280
0.53723
0.45598
0.35108
0.23810
0.00000
0.00000
0.00000
0.00000
0.00000
0.00000
0.00000
0.00000
0.00000
0.00000
0.00000
0.00821
0.03921
0.09174
0.15802
0.22820
0.29190
0.33966
0.36441
0.36247
0.33413
0.28359
0.21835
0.14808
0.00000
0.00000
0.00000
0.00000
0.00000
0.00000
0.00000
0.00000
0.00000
0.00000
0.00000
0.01306
0.06241
0.14602
0.25149
0.36320
0.46458
0.54059
0.57997
0.57688
0.53178
0.45135
0.34752
0.23568
0.00000
0.00000
0.00000
0.00000
0.00000
0.00000
0.00000
0.00000
0.00000
0.00000
0.00000
0.01304
0.06230
0.14577
0.25107
0.36259
0.46380
0.53969
0.57900
0.57592
0.53089
0.45060
0.34694
0.23529
0.00000
0.00000
0.00000
0.00000
0.00000
0.00000
0.00000
0.00000
0.00000
0.00000
0.00000
0.01039
0.06318
0.15033
0.25866
0.37176
0.47250
0.54562
0.58006
0.57060
0.51867
0.43214
0.32411
0.21093
0.00000
0.00000
0.00000
0.00000
0.00000
0.00000
0.00000
0.00000
0.00000
0.00000
0.00000
0.00803
0.04884
0.11622
0.19996
0.28739
0.36527
0.42180
0.44843
0.44111
0.40097
0.33407
0.25056
0.16306
0.00000
0.00000
0.00000
0.00000
0.00000
0.00000
0.00000
0.00000
0.00000
0.00000
0.00000
0.01243
0.07559
0.17987
0.30949
0.44481
0.56534
0.65283
0.69404
0.68272
0.62059
0.51705
0.38779
0.25238
0.00000
0.00000
0.00000
0.00000
0.00000
0.00000
0.00000
0.00000
0.00000
0.00000
0.00000
0.00988
0.06006
0.14292
0.24590
0.35341
0.44918
0.51870
0.55144
0.54244
0.49308
0.41082
0.30811
0.20052
0.00000
0.00000
0.00000
0.00000
0.00000
0.00000
0.00000
0.00000
0.00000
0.00000
0.00000
0.01077
0.06549
0.15583
0.26813
0.38536
0.48978
0.56558
0.60128
0.59148
0.53765
0.44795
0.33596
0.21865
0.00000
0.00000
0.00000
0.00000
0.00000
0.00000
0.00000
0.00000
0.00000
0.00000
0.00000
0.01277
0.07767
0.18483
0.31801
0.45706
0.58091
0.67081
0.71316
0.70153
0.63768
0.53130
0.39847
0.25933
0.00000
0.00000
0.00000
0.00000
0.00000
0.00000
0.00000
0.00000
0.00000
0.00000
0.00000
0.00789
0.04801
0.11424
0.19656
0.28250
0.35905
0.41462
0.44079
0.43360
0.39414
0.32838
0.24629
0.16029
0.00000
0.00000
0.00000
0.00000
0.00000
0.00000
0.00000
0.00000
0.00000
0.00000
0.00000
0.01414
0.08601
0.20467
0.35216
0.50613
0.64328
0.74283
0.78972
0.77684
0.70615
0.58834
0.44126
0.28717
0.00000
0.00000
0.00000
0.00000
0.00000
0.00000
0.00000
0.00000
0.00000
0.00000
0.00000
0.01595
0.09700
0.23081
0.39712
0.57075
0.72541
0.83768
0.89056
0.87603
0.79631
0.66346
0.49760
0.32384
0.00000
0.00000
0.00000
0.00000
0.00000
0.00000
0.00000
0.00000
0.00000
0.00000
0.00000
0.01040
0.06324
0.15047
0.25890
0.37210
0.47293
0.54613
0.58060
0.57113
0.51915
0.43254
0.32441
0.21113
0.00000
0.00000
0.00000
0.00000
0.00000
0.00000
0.00000
0.00000
0.00000
0.00000
0.00000
0.01446
0.08794
0.20926
0.36005
0.51748
0.65770
0.75949
0.80743
0.79426
0.72198
0.60153
0.45115
0.29361
0.00000
0.00000
0.00000
0.00000
0.00000
0.00000
0.00000
0.00000
0.00000
0.00000
0.00000
0.01205
0.07330
0.17442
0.30011
0.43133
0.54821
0.63305
0.67301
0.66203
0.60179
0.50139
0.37604
0.24473
0.00000
0.00000
0.00000
0.00000
0.00000
0.00000
0.00000
0.00000
0.00000
0.00000
0.00000
0.01187
0.07216
0.17170
0.29543
0.42460
0.53966
0.62318
0.66252
0.65171
0.59240
0.49357
0.37018
0.24091
0.00000
0.00000
0.00000
0.00000
0.00000
0.00000
0.00000
0.00000
0.00000
0.00000
0.00000
0.01023
0.06221
0.14802
0.25468
0.36604
0.46523
0.53723
0.57114
0.56183
0.51070
0.42549
0.31912
0.20769
0.00000
0.00000
0.00000
0.00000
0.00000
0.00000
0.00000
0.00000
0.00000
0.00000
0.00000
0.01253
0.07617
0.18126
0.31187
0.44823
0.56969
0.65785
0.69938
0.68797
0.62536
0.52103
0.39077
0.25432
0.00000
0.00000
0.00000
0.00000
0.00000
0.00000
0.00000
0.00000
0.00000
0.00000
0.00000
0.00983
0.05977
0.14223
0.24472
0.35171
0.44702
0.51620
0.54878
0.53983
0.49071
0.40884
0.30663
0.19956
0.00000
0.00000
0.00000
0.00000
0.00000
0.00000
0.00000
0.00000
0.00000
0.00000
0.00000
0.01101
0.06694
0.15929
0.27407
0.39390
0.50063
0.57811
0.61460
0.60458
0.54956
0.45787
0.34341
0.22349
0.00000
0.00000
0.00000
0.00000
0.00000
0.00000
0.00000
0.00000
0.00000
0.00000
0.00000
0.01303
0.07924
0.18856
0.32444
0.46630
0.59265
0.68437
0.72757
0.71571
0.65057
0.54204
0.40653
0.26457
0.00000
0.00000
0.00000
0.00000
0.00000
0.00000
0.00000
0.00000
0.00000
0.00000
0.00000
0.00777
0.04722
0.11237
0.19334
0.27787
0.35317
0.40783
0.43357
0.42650
0.38769
0.32301
0.24226
0.15766
0.00000
0.00000
0.00000
0.00000
0.00000
0.00000
0.00000
0.00000
0.00000
0.00000
0.00000
0.01180
0.07176
0.17075
0.29378
0.42223
0.53665
0.61970
0.65882
0.64807
0.58910
0.49081
0.36811
0.23957
0.00000
0.00000
0.00000
0.00000
0.00000
0.00000
0.00000
0.00000
0.00000
0.00000
0.00000
0.01573
0.09565
0.22761
0.39162
0.56286
0.71538
0.82609
0.87823
0.86391
0.78529
0.65428
0.49071
0.31936
0.00000
0.00000
0.00000
0.00000
0.00000
0.00000
0.00000
0.00000
0.00000
0.00000
0.00000
0.01155
0.07027
0.16720
0.28768
0.41346
0.52550
0.60683
0.64514
0.63462
0.57686
0.48062
0.36047
0.23459
0.00000
0.00000
0.00000
0.00000
0.00000
0.00000
0.00000
0.00000
0.00000
0.00000
0.00000
0.01003
0.06100
0.14516
0.24975
0.35896
0.45622
0.52683
0.56008
0.55095
0.50081
0.41726
0.31295
0.20367
0.00000
0.00000
0.00000
0.00000
0.00000
0.00000
0.00000
0.00000
0.00000
0.00000
0.00000
0.00780
0.04746
0.11293
0.19431
0.27927
0.35495
0.40988
0.43575
0.42865
0.38964
0.32463
0.24348
0.15846
0.00000
0.00000
0.00000
0.00000
0.00000
0.00000
0.00000
0.00000
0.00000
0.00000
0.00000
0.01309
0.07958
0.18936
0.32580
0.46825
0.59514
0.68725
0.73063
0.71871
0.65330
0.54431
0.40824
0.26568
0.00000
0.00000
0.00000
0.00000
0.00000
0.00000
0.00000
0.00000
0.00000
0.00000
0.00000
0.01197
0.07281
0.17326
0.29811
0.42846
0.54456
0.62884
0.66853
0.65763
0.59778
0.49805
0.37354
0.24310
0.00000
0.00000
0.00000
0.00000
0.00000
0.00000
0.00000
0.00000
0.00000
0.00000
0.00000
0.01216
0.07394
0.17594
0.30272
0.43508
0.55297
0.63855
0.67886
0.66779
0.60702
0.50575
0.37931
0.24686
0.00000
0.00000
0.00000
0.00000
0.00000
0.00000
0.00000
0.00000
0.00000
0.00000
0.00000
0.01061
0.06449
0.15347
0.26406
0.37951
0.48235
0.55700
0.59216
0.58250
0.52949
0.44115
0.33087
0.21533
0.00000
0.00000
0.00000
0.00000
0.00000
0.00000
0.00000
0.00000
0.00000
0.00000
0.00000
0.01259
0.07655
0.18215
0.31340
0.45042
0.57248
0.66108
0.70281
0.69134
0.62843
0.52359
0.39269
0.25557
0.00000
0.00000
0.00000
0.00000
0.00000
0.00000
0.00000
0.00000
0.00000
0.00000
0.00000
0.01147
0.06977
0.16603
0.28566
0.41057
0.52182
0.60258
0.64062
0.63017
0.57282
0.47725
0.35794
0.23295
0.00000
0.00000
0.00000
0.00000
0.00000
0.00000
0.00000
0.00000
0.00000
0.00000
0.00000
0.00941
0.06553
0.15869
0.27387
0.39250
0.49548
0.56619
0.59325
0.57228
0.50668
0.40701
0.28933
0.17263
0.00000
0.00000
0.00000
0.00000
0.00000
0.00000
0.00000
0.00000
0.00000
0.00000
0.00000
0.00603
0.04197
0.10162
0.17538
0.25136
0.31730
0.36259
0.37991
0.36649
0.32448
0.26065
0.18529
0.11055
0.00000
0.00000
0.00000
0.00000
0.00000
0.00000
0.00000
0.00000
0.00000
0.00000
0.00000
0.01252
0.08718
0.21112
0.36435
0.52219
0.65919
0.75327
0.78926
0.76137
0.67409
0.54149
0.38493
0.22967
0.00000
0.00000
0.00000
0.00000
0.00000
0.00000
0.00000
0.00000
0.00000
0.00000
0.00000
0.00705
0.04907
0.11884
0.20509
0.29394
0.37105
0.42401
0.44427
0.42857
0.37944
0.30480
0.21668
0.12928
0.00000
0.00000
0.00000
0.00000
0.00000
0.00000
0.00000
0.00000
0.00000
0.00000
0.00000
0.00801
0.05574
0.13497
0.23294
0.33385
0.42144
0.48159
0.50460
0.48677
0.43097
0.34619
0.24610
0.14683
0.00000
0.00000
0.00000
0.00000
0.00000
0.00000
0.00000
0.00000
0.00000
0.00000
0.00000
0.00420
0.02921
0.07074
0.12208
0.17496
0.22086
0.25238
0.26444
0.25510
0.22585
0.18143
0.12897
0.07695
0.00000
0.00000
0.00000
0.00000
0.00000
0.00000
0.00000
0.00000
0.00000
0.00000
0.00000
0.00890
0.06194
0.14999
0.25886
0.37100
0.46833
0.53517
0.56074
0.54092
0.47891
0.38470
0.27348
0.16317
0.00000
0.00000
0.00000
0.00000
0.00000
0.00000
0.00000
0.00000
0.00000
0.00000
0.00000
0.00858
0.05975
0.14468
0.24970
0.35786
0.45175
0.51622
0.54089
0.52178
0.46196
0.37109
0.26380
0.15739
0.00000
0.00000
0.00000
0.00000
0.00000
0.00000
0.00000
0.00000
0.00000
0.00000
0.00000
0.01096
0.07631
0.18480
0.31893
0.45709
0.57701
0.65935
0.69086
0.66645
0.59005
0.47398
0.33694
0.20103
0.00000
0.00000
0.00000
0.00000
0.00000
0.00000
0.00000
0.00000
0.00000
0.00000
0.00000
0.01090
0.07587
0.18372
0.31707
0.45442
0.57364
0.65551
0.68683
0.66256
0.58660
0.47121
0.33498
0.19986
0.00000
0.00000
0.00000
0.00000
0.00000
0.00000
0.00000
0.00000
0.00000
0.00000
0.00000
0.01320
0.09191
0.22256
0.38410
0.55049
0.69492
0.79410
0.83204
0.80264
0.71062
0.57083
0.40580
0.24211
0.00000
0.00000
0.00000
0.00000
0.00000
0.00000
0.00000
0.00000
0.00000
0.00000
0.00000
0.01154
0.08036
0.19460
0.33584
0.48133
0.60761
0.69432
0.72750
0.70179
0.62134
0.49911
0.35481
0.21169
0.00000
0.00000
0.00000
0.00000
0.00000
0.00000
0.00000
0.00000
0.00000
0.00000
0.00000
0.01064
0.07407
0.17936
0.30955
0.44364
0.56003
0.63996
0.67054
0.64684
0.57269
0.46003
0.32703
0.19512
0.00000
0.00000
0.00000
0.00000
0.00000
0.00000
0.00000
0.00000
0.00000
0.00000
0.00000
0.00614
0.04274
0.10351
0.17864
0.25602
0.32319
0.36932
0.38697
0.37329
0.33050
0.26548
0.18873
0.11260
0.00000
0.00000
0.00000
0.00000
0.00000
0.00000
0.00000
0.00000
0.00000
0.00000
0.00000
0.00771
0.05370
0.13004
0.22443
0.32165
0.40603
0.46398
0.48615
0.46897
0.41521
0.33353
0.23710
0.14146
0.00000
0.00000
0.00000
0.00000
0.00000
0.00000
0.00000
0.00000
0.00000
0.00000
0.00000
0.01041
0.07247
0.17549
0.30286
0.43406
0.54794
0.62614
0.65606
0.63288
0.56032
0.45010
0.31997
0.19091
0.00000
0.00000
0.00000
0.00000
0.00000
0.00000
0.00000
0.00000
0.00000
0.00000
0.00000
0.01006
0.07006
0.16965
0.29279
0.41963
0.52972
0.60532
0.63425
0.61183
0.54169
0.43513
0.30933
0.18456
0.00000
0.00000
0.00000
0.00000
0.00000
0.00000
0.00000
0.00000
0.00000
0.00000
0.00000
0.00967
0.06736
0.16312
0.28153
0.40348
0.50934
0.58203
0.60984
0.58829
0.52085
0.41839
0.29743
0.17746
0.00000
0.00000
0.00000
0.00000
0.00000
0.00000
0.00000
0.00000
0.00000
0.00000
0.00000
0.01089
0.07583
0.18363
0.31691
0.45419
0.57335
0.65517
0.68648
0.66222
0.58631
0.47097
0.33481
0.19976
0.00000
0.00000
0.00000
0.00000
0.00000
0.00000
0.00000
0.00000
0.00000
0.00000
0.00000
0.01022
0.07119
0.17239
0.29751
0.42640
0.53826
0.61508
0.64447
0.62170
0.55043
0.44215
0.31432
0.18753
0.00000
0.00000
0.00000
0.00000
0.00000
0.00000
0.00000
0.00000
0.00000
0.00000
0.00000
0.00456
0.03174
0.07687
0.13267
0.19014
0.24002
0.27428
0.28738
0.27723
0.24545
0.19716
0.14016
0.08362
0.00000
0.00000
0.00000
0.00000
0.00000
0.00000
0.00000
0.00000
0.00000
0.00000
0.00000
0.01011
0.07038
0.17044
0.29415
0.42158
0.53218
0.60814
0.63719
0.61468
0.54421
0.43716
0.31077
0.18542
0.00000
0.00000
0.00000
0.00000
0.00000
0.00000
0.00000
0.00000
0.00000
0.00000
0.00000
0.01230
0.08561
0.20731
0.35778
0.51277
0.64730
0.73968
0.77502
0.74763
0.66193
0.53172
0.37799
0.22552
0.00000
0.00000
0.00000
0.00000
0.00000
0.00000
0.00000
0.00000
0.00000
0.00000
0.00000
0.00394
0.02741
0.06639
0.11457
0.16420
0.20728
0.23686
0.24818
0.23941
0.21197
0.17027
0.12104
0.07222
0.00000
0.00000
0.00000
0.00000
0.00000
0.00000
0.00000
0.00000
0.00000
0.00000
0.00000
0.00696
0.04846
0.11735
0.20252
0.29025
0.36640
0.41869
0.43870
0.42320
0.37468
0.30098
0.21396
0.12766
0.00000
0.00000
0.00000
0.00000
0.00000
0.00000
0.00000
0.00000
0.00000
0.00000
0.00000
0.00752
0.05236
0.12679
0.21882
0.31362
0.39589
0.45240
0.47401
0.45726
0.40484
0.32520
0.23118
0.13793
0.00000
0.00000
0.00000
0.00000
0.00000
0.00000
0.00000
0.00000
0.00000
0.00000
0.00000
0.00856
0.05958
0.14428
0.24900
0.35687
0.45050
0.51479
0.53939
0.52033
0.46068
0.37006
0.26307
0.15696
0.00000
0.00000
0.00000
0.00000
0.00000
0.00000
0.00000
0.00000
0.00000
0.00000
0.00000
0.00636
0.04431
0.10730
0.18519
0.26541
0.33504
0.38286
0.40115
0.38698
0.34262
0.27522
0.19565
0.11673
0.00000
0.00000
0.00000
0.00000
0.00000
0.00000
0.00000
0.00000
0.00000
0.00000
0.00000
0.00642
0.04473
0.10831
0.18693
0.26791
0.33819
0.38646
0.40492
0.39061
0.34583
0.27780
0.19749
0.11783
0.00000
0.00000
0.00000
0.00000
0.00000
0.00000
0.00000
0.00000
0.00000
0.00000
0.00000
0.01053
0.07333
0.17757
0.30646
0.43921
0.55444
0.63357
0.66385
0.64039
0.56697
0.45544
0.32377
0.19317
0.00000
0.00000
0.00000
0.00000
0.00000
0.00000
0.00000
0.00000
0.00000
0.00000
0.00000
0.01136
0.07912
0.19160
0.33066
0.47390
0.59823
0.68361
0.71628
0.69097
0.61176
0.49141
0.34934
0.20843
0.00000
0.00000
0.00000
0.00000
0.00000
0.00000
0.00000
0.00000
0.00000
0.00000
0.00000
0.00000
0.03208
0.10653
0.19894
0.29415
0.37655
0.43264
0.45323
0.43493
0.38075
0.29958
0.20470
0.11169
0.00000
0.00000
0.00000
0.00000
0.00000
0.00000
0.00000
0.00000
0.00000
0.00000
0.00000
0.00000
0.04196
0.13934
0.26021
0.38474
0.49252
0.56588
0.59281
0.56888
0.49802
0.39184
0.26775
0.14609
0.00000
0.00000
0.00000
0.00000
0.00000
0.00000
0.00000
0.00000
0.00000
0.00000
0.00000
0.00000
0.04406
0.14632
0.27323
0.40399
0.51716
0.59420
0.62248
0.59735
0.52294
0.41145
0.28114
0.15340
0.00000
0.00000
0.00000
0.00000
0.00000
0.00000
0.00000
0.00000
0.00000
0.00000
0.00000
0.00000
0.05234
0.17381
0.32457
0.47990
0.61434
0.70586
0.73945
0.70960
0.62120
0.48876
0.33397
0.18222
0.00000
0.00000
0.00000
0.00000
0.00000
0.00000
0.00000
0.00000
0.00000
0.00000
0.00000
0.00000
0.03900
0.12952
0.24187
0.35762
0.45781
0.52600
0.55103
0.52879
0.46292
0.36422
0.24888
0.13579
0.00000
0.00000
0.00000
0.00000
0.00000
0.00000
0.00000
0.00000
0.00000
0.00000
0.00000
0.00000
0.03865
0.12835
0.23967
0.35437
0.45365
0.52123
0.54603
0.52399
0.45871
0.36091
0.24662
0.13456
0.00000
0.00000
0.00000
0.00000
0.00000
0.00000
0.00000
0.00000
0.00000
0.00000
0.00000
0.00000
0.03692
0.12259
0.22893
0.33849
0.43332
0.49787
0.52156
0.50051
0.43816
0.34474
0.23556
0.12853
0.00000
0.00000
0.00000
0.00000
0.00000
0.00000
0.00000
0.00000
0.00000
0.00000
0.00000
0.00000
0.03912
0.12992
0.24261
0.35872
0.45922
0.52763
0.55273
0.53042
0.46435
0.36535
0.24964
0.13621
0.00000
0.00000
0.00000
0.00000
0.00000
0.00000
0.00000
0.00000
0.00000
0.00000
0.00000
0.00000
0.04920
0.16339
0.30511
0.45113
0.57751
0.66354
0.69511
0.66705
0.58396
0.45946
0.31395
0.17130
0.00000
0.00000
0.00000
0.00000
0.00000
0.00000
0.00000
0.00000
0.00000
0.00000
0.00000
0.00000
0.04791
0.15912
0.29714
0.43934
0.56242
0.64620
0.67695
0.64962
0.56870
0.44745
0.30575
0.16682
0.00000
0.00000
0.00000
0.00000
0.00000
0.00000
0.00000
0.00000
0.00000
0.00000
0.00000
0.00000
0.04795
0.15924
0.29736
0.43967
0.56284
0.64668
0.67745
0.65010
0.56912
0.44778
0.30597
0.16694
0.00000
0.00000
0.00000
0.00000
0.00000
0.00000
0.00000
0.00000
0.00000
0.00000
0.00000
0.00000
0.03052
0.10137
0.18929
0.27989
0.35830
0.41167
0.43126
0.41385
0.36230
0.28505
0.19478
0.10627
0.00000
0.00000
0.00000
0.00000
0.00000
0.00000
0.00000
0.00000
0.00000
0.00000
0.00000
0.00000
0.03908
0.12979
0.24237
0.35836
0.45876
0.52710
0.55218
0.52989
0.46388
0.36498
0.24939
0.13607
0.00000
0.00000
0.00000
0.00000
0.00000
0.00000
0.00000
0.00000
0.00000
0.00000
0.00000
0.00000
0.03362
0.11165
0.20849
0.30827
0.39463
0.45342
0.47499
0.45582
0.39904
0.31396
0.21453
0.11705
0.00000
0.00000
0.00000
0.00000
0.00000
0.00000
0.00000
0.00000
0.00000
0.00000
0.00000
0.00000
0.04707
0.15632
0.29190
0.43160
0.55251
0.63481
0.66502
0.63817
0.55868
0.43957
0.30036
0.16388
0.00000
0.00000
0.00000
0.00000
0.00000
0.00000
0.00000
0.00000
0.00000
0.00000
0.00000
0.00000
0.04792
0.15914
0.29717
0.43939
0.56249
0.64628
0.67703
0.64970
0.56877
0.44751
0.30578
0.16684
0.00000
0.00000
0.00000
0.00000
0.00000
0.00000
0.00000
0.00000
0.00000
0.00000
0.00000
0.00000
0.02857
0.09487
0.17717
0.26196
0.33534
0.38530
0.40363
0.38734
0.33909
0.26679
0.18230
0.09947
0.00000
0.00000
0.00000
0.00000
0.00000
0.00000
0.00000
0.00000
0.00000
0.00000
0.00000
0.00000
0.03928
0.13044
0.24357
0.36014
0.46104
0.52972
0.55492
0.53252
0.46619
0.36679
0.25063
0.13675
0.00000
0.00000
0.00000
0.00000
0.00000
0.00000
0.00000
0.00000
0.00000
0.00000
0.00000
0.00000
0.03763
0.12498
0.23339
0.34508
0.44175
0.50756
0.53171
0.51025
0.44669
0.35145
0.24015
0.13103
0.00000
0.00000
0.00000
0.00000
0.00000
0.00000
0.00000
0.00000
0.00000
0.00000
0.00000
0.00000
0.04068
0.13510
0.25228
0.37302
0.47752
0.54865
0.57476
0.55156
0.48285
0.37990
0.25959
0.14164
0.00000
0.00000
0.00000
0.00000
0.00000
0.00000
0.00000
0.00000
0.00000
0.00000
0.00000
0.00000
0.03962
0.13157
0.24568
0.36326
0.46503
0.53430
0.55972
0.53713
0.47022
0.36997
0.25280
0.13793
0.00000
0.00000
0.00000
0.00000
0.00000
0.00000
0.00000
0.00000
0.00000
0.00000
0.00000
0.00000
0.03682
0.12228
0.22834
0.33761
0.43220
0.49658
0.52021
0.49921
0.43702
0.34385
0.23495
0.12819
0.00000
0.00000
0.00000
0.00000
0.00000
0.00000
0.00000
0.00000
0.00000
0.00000
0.00000
0.00000
0.04815
0.15991
0.29862
0.44153
0.56523
0.64942
0.68032
0.65286
0.57154
0.44968
0.30727
0.16765
0.00000
0.00000
0.00000
0.00000
0.00000
0.00000
0.00000
0.00000
0.00000
0.00000
0.00000
0.00000
0.03824
0.12700
0.23715
0.35065
0.44888
0.51575
0.54029
0.51848
0.45390
0.35712
0.24403
0.13314
0.00000
0.00000
0.00000
0.00000
0.00000
0.00000
0.00000
0.00000
0.00000
0.00000
0.00000
0.00000
0.03110
0.10327
0.19284
0.28512
0.36500
0.41937
0.43933
0.42159
0.36908
0.29039
0.19842
0.10826
0.00000
0.00000
0.00000
0.00000
0.00000
0.00000
0.00000
0.00000
0.00000
0.00000
0.00000
0.00000
0.04070
0.13515
0.25237
0.37315
0.47768
0.54884
0.57495
0.55174
0.48302
0.38003
0.25968
0.14169
0.00000
0.00000
0.00000
0.00000
0.00000
0.00000
0.00000
0.00000
0.00000
0.00000
0.00000
0.00000
0.03773
0.12529
0.23397
0.34594
0.44286
0.50883
0.53304
0.51152
0.44780
0.35233
0.24075
0.13136
0.00000
0.00000
0.00000
0.00000
0.00000
0.00000
0.00000
0.00000
0.00000
0.00000
0.00000
0.00000
0.03608
0.11982
0.22375
0.33083
0.42351
0.48660
0.50975
0.48918
0.42824
0.33694
0.23023
0.12562
0.00000
0.00000
0.00000
0.00000
0.00000
0.00000
0.00000
0.00000
0.00000
0.00000
0.00000
0.00000
0.02477
0.08225
0.15359
0.22710
0.29072
0.33403
0.34992
0.33580
0.29397
0.23129
0.15804
0.08623
0.00000
0.00000
0.00000
0.00000
0.00000
0.00000
0.00000
0.00000
0.00000
0.00000
0.00000
0.00000
0.05116
0.16991
0.31728
0.46913
0.60055
0.69001
0.72284
0.69367
0.60726
0.47779
0.32648
0.17813
0.00000
0.00000
0.00000
0.00000
0.00000
0.00000
0.00000
0.00000
0.00000
0.00000
0.00000
0.00000
0.02385
0.08776
0.17010
0.25701
0.33387
0.38773
0.40955
0.39564
0.34835
0.27564
0.18973
0.10510
0.00000
0.00000
0.00000
0.00000
0.00000
0.00000
0.00000
0.00000
0.00000
0.00000
0.00000
0.00000
0.04144
0.15253
0.29564
0.44668
0.58026
0.67388
0.71179
0.68762
0.60543
0.47906
0.32976
0.18266
0.00000
0.00000
0.00000
0.00000
0.00000
0.00000
0.00000
0.00000
0.00000
0.00000
0.00000
0.00000
0.03946
0.14522
0.28147
0.42528
0.55246
0.64159
0.67769
0.65468
0.57643
0.45611
0.31396
0.17390
0.00000
0.00000
0.00000
0.00000
0.00000
0.00000
0.00000
0.00000
0.00000
0.00000
0.00000
0.00000
0.02735
0.10067
0.19513
0.29482
0.38298
0.44477
0.46980
0.45385
0.39960
0.31619
0.21765
0.12056
0.00000
0.00000
0.00000
0.00000
0.00000
0.00000
0.00000
0.00000
0.00000
0.00000
0.00000
0.00000
0.03695
0.13600
0.26360
0.39828
0.51738
0.60086
0.63466
0.61311
0.53983
0.42715
0.29402
0.16286
0.00000
0.00000
0.00000
0.00000
0.00000
0.00000
0.00000
0.00000
0.00000
0.00000
0.00000
0.00000
0.04459
0.16411
0.31808
0.48059
0.62431
0.72503
0.76583
0.73982
0.65139
0.51542
0.35479
0.19652
0.00000
0.00000
0.00000
0.00000
0.00000
0.00000
0.00000
0.00000
0.00000
0.00000
0.00000
0.00000
0.03690
0.13581
0.26322
0.39771
0.51664
0.60000
0.63376
0.61224
0.53906
0.42654
0.29360
0.16263
0.00000
0.00000
0.00000
0.00000
0.00000
0.00000
0.00000
0.00000
0.00000
0.00000
0.00000
0.00000
0.02816
0.10365
0.20090
0.30355
0.39432
0.45794
0.48371
0.46728
0.41143
0.32555
0.22409
0.12413
0.00000
0.00000
0.00000
0.00000
0.00000
0.00000
0.00000
0.00000
0.00000
0.00000
0.00000
0.00000
0.04301
0.15831
0.30684
0.46361
0.60225
0.69942
0.73877
0.71369
0.62838
0.49721
0.34225
0.18958
0.00000
0.00000
0.00000
0.00000
0.00000
0.00000
0.00000
0.00000
0.00000
0.00000
0.00000
0.00000
0.02143
0.07889
0.15290
0.23102
0.30010
0.34852
0.36813
0.35563
0.31312
0.24776
0.17054
0.09447
0.00000
0.00000
0.00000
0.00000
0.00000
0.00000
0.00000
0.00000
0.00000
0.00000
0.00000
0.00000
0.03011
0.11081
0.21478
0.32451
0.42155
0.48956
0.51711
0.49955
0.43984
0.34803
0.23956
0.13270
0.00000
0.00000
0.00000
0.00000
0.00000
0.00000
0.00000
0.00000
0.00000
0.00000
0.00000
0.00000
0.03269
0.12031
0.23320
0.35234
0.45770
0.53155
0.56146
0.54239
0.47756
0.37788
0.26011
0.14408
0.00000
0.00000
0.00000
0.00000
0.00000
0.00000
0.00000
0.00000
0.00000
0.00000
0.00000
0.00000
0.02227
0.08195
0.15884
0.24000
0.31177
0.36207
0.38244
0.36946
0.32530
0.25740
0.17718
0.09814
0.00000
0.00000
0.00000
0.00000
0.00000
0.00000
0.00000
0.00000
0.00000
0.00000
0.00000
0.00000
0.03817
0.14049
0.27230
0.41143
0.53446
0.62069
0.65561
0.63335
0.55764
0.44124
0.30373
0.16824
0.00000
0.00000
0.00000
0.00000
0.00000
0.00000
0.00000
0.00000
0.00000
0.00000
0.00000
0.00000
0.03183
0.11714
0.22705
0.34306
0.44565
0.51755
0.54667
0.52811
0.46498
0.36792
0.25326
0.14028
0.00000
0.00000
0.00000
0.00000
0.00000
0.00000
0.00000
0.00000
0.00000
0.00000
0.00000
0.00000
0.02506
0.09223
0.17875
0.27009
0.35085
0.40746
0.43038
0.41577
0.36607
0.28966
0.19939
0.11044
0.00000
0.00000
0.00000
0.00000
0.00000
0.00000
0.00000
0.00000
0.00000
0.00000
0.00000
0.00000
0.04218
0.15523
0.30087
0.45460
0.59054
0.68582
0.72441
0.69981
0.61616
0.48755
0.33560
0.18589
0.00000
0.00000
0.00000
0.00000
0.00000
0.00000
0.00000
0.00000
0.00000
0.00000
0.00000
0.00000
0.03973
0.14621
0.28338
0.42817
0.55621
0.64595
0.68229
0.65912
0.58034
0.45920
0.31609
0.17508
0.00000
0.00000
0.00000
0.00000
0.00000
0.00000
0.00000
0.00000
0.00000
0.00000
0.00000
0.00000
0.03480
0.12808
0.24824
0.37507
0.48723
0.56584
0.59768
0.57739
0.50837
0.40226
0.27689
0.15337
0.00000
0.00000
0.00000
0.00000
0.00000
0.00000
0.00000
0.00000
0.00000
0.00000
0.00000
0.00000
0.03408
0.12544
0.24313
0.36735
0.47720
0.55419
0.58537
0.56549
0.49790
0.39397
0.27119
0.15021
0.00000
0.00000
0.00000
0.00000
0.00000
0.00000
0.00000
0.00000
0.00000
0.00000
0.00000
0.00000
0.03475
0.12791
0.24791
0.37458
0.48659
0.56509
0.59689
0.57662
0.50770
0.40172
0.27652
0.15317
0.00000
0.00000
0.00000
0.00000
0.00000
0.00000
0.00000
0.00000
0.00000
0.00000
0.00000
0.00000
0.02727
0.10038
0.19455
0.29396
0.38186
0.44347
0.46842
0.45252
0.39843
0.31526
0.21701
0.12020
0.00000
0.00000
0.00000
0.00000
0.00000
0.00000
0.00000
0.00000
0.00000
0.00000
0.00000
0.00000
0.02012
0.07403
0.14349
0.21680
0.28164
0.32708
0.34548
0.33375
0.29386
0.23252
0.16005
0.08865
0.00000
0.00000
0.00000
0.00000
0.00000
0.00000
0.00000
0.00000
0.00000
0.00000
0.00000
0.00000
0.02803
0.10316
0.19994
0.30210
0.39244
0.45576
0.48140
0.46505
0.40947
0.32399
0.22302
0.12353
0.00000
0.00000
0.00000
0.00000
0.00000
0.00000
0.00000
0.00000
0.00000
0.00000
0.00000
0.00000
0.03548
0.13057
0.25308
0.38238
0.49672
0.57687
0.60932
0.58863
0.51827
0.41009
0.28228
0.15636
0.00000
0.00000
0.00000
0.00000
0.00000
0.00000
0.00000
0.00000
0.00000
0.00000
0.00000
0.00000
0.01476
0.05434
0.10532
0.15913
0.20671
0.24006
0.25357
0.24496
0.21568
0.17066
0.11747
0.06507
0.00000
0.00000
0.00000
0.00000
0.00000
0.00000
0.00000
0.00000
0.00000
0.00000
0.00000
0.00000
0.02298
0.08458
0.16393
0.24769
0.32175
0.37367
0.39469
0.38129
0.33572
0.26564
0.18285
0.10128
0.00000
0.00000
0.00000
0.00000
0.00000
0.00000
0.00000
0.00000
0.00000
0.00000
0.00000
0.00000
0.04341
0.15975
0.30964
0.46784
0.60774
0.70580
0.74551
0.72020
0.63411
0.50175
0.34538
0.19131
0.00000
0.00000
0.00000
0.00000
0.00000
0.00000
0.00000
0.00000
0.00000
0.00000
0.00000
0.00000
0.03921
0.14432
0.27972
0.42264
0.54903
0.63761
0.67348
0.65061
0.57285
0.45327
0.31201
0.17282
0.00000
0.00000
0.00000
0.00000
0.00000
0.00000
0.00000
0.00000
0.00000
0.00000
0.00000
0.00000
0.03205
0.11795
0.22862
0.34543
0.44873
0.52112
0.55045
0.53175
0.46820
0.37046
0.25501
0.14125
0.00000
0.00000
0.00000
0.00000
0.00000
0.00000
0.00000
0.00000
0.00000
0.00000
0.00000
0.00000
0.03845
0.14149
0.27425
0.41437
0.53828
0.62513
0.66030
0.63788
0.56164
0.44440
0.30590
0.16944
0.00000
0.00000
0.00000
0.00000
0.00000
